Image,Parent,DAB: Mean
KI67 1 in 200 run5.ndpi,Annotation (germinal_center),0.0678
KI67 1 in 200 run5.ndpi,Annotation (germinal_center),0.0491
KI67 1 in 200 run5.ndpi,Annotation (germinal_center),0.0762
KI67 1 in 200 run5.ndpi,Annotation (germinal_center),0.0766
KI67 1 in 200 run5.ndpi,Annotation (germinal_center),0.0676
KI67 1 in 200 run5.ndpi,Annotation (germinal_center),0.0552
KI67 1 in 200 run5.ndpi,Annotation (germinal_center),
KI67 1 in 200 run5.ndpi,Annotation (germinal_center),0.0689
KI67 1 in 200 run5.ndpi,Annotation (germinal_center),0.0497
KI67 1 in 200 run5.ndpi,Annotation (germinal_center),0.069
KI67 1 in 200 run5.ndpi,Annotation (germinal_center),0.0566
KI67 1 in 200 run5.ndpi,Annotation (germinal_center),0.0651
KI67 1 in 200 run5.ndpi,Annotation (germinal_center),0.0445
KI67 1 in 200 run5.ndpi,Annotation (germinal_center),0.0568
KI67 1 in 200 run5.ndpi,Annotation (germinal_center),0.0497
KI67 1 in 200 run5.ndpi,Annotation (germinal_center),0.0493
KI67 1 in 200 run5.ndpi,Annotation (germinal_center),0.0691
KI67 1 in 200 run5.ndpi,Annotation (germinal_center),0.0708
KI67 1 in 200 run5.ndpi,Annotation (germinal_center),0.0373
KI67 1 in 200 run5.ndpi,Annotation (germinal_center),0.0551
KI67 1 in 200 run5.ndpi,Annotation (germinal_center),0.0683
KI67 1 in 200 run5.ndpi,Annotation (germinal_center),0.0485
KI67 1 in 200 run5.ndpi,Annotation (germinal_center),0.0766
KI67 1 in 200 run5.ndpi,Annotation (germinal_center),0.0553
KI67 1 in 200 run5.ndpi,Annotation (germinal_center),0.0517
KI67 1 in 200 run5.ndpi,Annotation (germinal_center),0.0562
KI67 1 in 200 run5.ndpi,Annotation (germinal_center),0.0638
KI67 1 in 200 run5.ndpi,Annotation (germinal_center),0.0556
KI67 1 in 200 run5.ndpi,Annotation (germinal_center),0.0326
KI67 1 in 200 run5.ndpi,Annotation (germinal_center),0.0523
KI67 1 in 200 run5.ndpi,Annotation (germinal_center),0.0752
KI67 1 in 200 run5.ndpi,Annotation (germinal_center),0.0468
KI67 1 in 200 run5.ndpi,Annotation (germinal_center),0.0594
KI67 1 in 200 run5.ndpi,Annotation (germinal_center),0.0404
KI67 1 in 200 run5.ndpi,Annotation (germinal_center),0.0885
KI67 1 in 200 run5.ndpi,Annotation (germinal_center),0.0703
KI67 1 in 200 run5.ndpi,Annotation (germinal_center),0.0372
KI67 1 in 200 run5.ndpi,Annotation (germinal_center),0.0579
KI67 1 in 200 run5.ndpi,Annotation (germinal_center),0.0583
KI67 1 in 200 run5.ndpi,Annotation (germinal_center),0.0466
KI67 1 in 200 run5.ndpi,Annotation (germinal_center),0.0506
KI67 1 in 200 run5.ndpi,Annotation (germinal_center),0.0551
KI67 1 in 200 run5.ndpi,Annotation (germinal_center),0.0607
KI67 1 in 200 run5.ndpi,Annotation (germinal_center),0.2063
KI67 1 in 200 run5.ndpi,Annotation (germinal_center),0.0782
KI67 1 in 200 run5.ndpi,Annotation (germinal_center),0.1999
KI67 1 in 200 run5.ndpi,Annotation (germinal_center),0.0555
KI67 1 in 200 run5.ndpi,Annotation (germinal_center),0.037
KI67 1 in 200 run5.ndpi,Annotation (germinal_center),0.0404
KI67 1 in 200 run5.ndpi,Annotation (germinal_center),0.0661
KI67 1 in 200 run5.ndpi,Annotation (germinal_center),0.0456
KI67 1 in 200 run5.ndpi,Annotation (germinal_center),0.0676
KI67 1 in 200 run5.ndpi,Annotation (germinal_center),0.0632
KI67 1 in 200 run5.ndpi,Annotation (germinal_center),0.0673
KI67 1 in 200 run5.ndpi,Annotation (germinal_center),0.069
KI67 1 in 200 run5.ndpi,Annotation (germinal_center),0.1374
KI67 1 in 200 run5.ndpi,Annotation (germinal_center),0.0563
KI67 1 in 200 run5.ndpi,Annotation (germinal_center),0.0504
KI67 1 in 200 run5.ndpi,Annotation (germinal_center),0.0335
KI67 1 in 200 run5.ndpi,Annotation (germinal_center),0.0473
KI67 1 in 200 run5.ndpi,Annotation (germinal_center),0.0894
KI67 1 in 200 run5.ndpi,Annotation (germinal_center),0.075
KI67 1 in 200 run5.ndpi,Annotation (germinal_center),0.0744
KI67 1 in 200 run5.ndpi,Annotation (germinal_center),0.0528
KI67 1 in 200 run5.ndpi,Annotation (germinal_center),0.0487
KI67 1 in 200 run5.ndpi,Annotation (germinal_center),0.3619
KI67 1 in 200 run5.ndpi,Annotation (germinal_center),0.0576
KI67 1 in 200 run5.ndpi,Annotation (germinal_center),0.1044
KI67 1 in 200 run5.ndpi,Annotation (germinal_center),0.039
KI67 1 in 200 run5.ndpi,Annotation (germinal_center),0.0413
KI67 1 in 200 run5.ndpi,Annotation (germinal_center),0.0683
KI67 1 in 200 run5.ndpi,Annotation (germinal_center),0.0549
KI67 1 in 200 run5.ndpi,Annotation (germinal_center),0.0514
KI67 1 in 200 run5.ndpi,Annotation (germinal_center),0.058
KI67 1 in 200 run5.ndpi,Annotation (germinal_center),0.0669
KI67 1 in 200 run5.ndpi,Annotation (germinal_center),0.0276
KI67 1 in 200 run5.ndpi,Annotation (germinal_center),0.0531
KI67 1 in 200 run5.ndpi,Annotation (germinal_center),0.0642
KI67 1 in 200 run5.ndpi,Annotation (germinal_center),0.052
KI67 1 in 200 run5.ndpi,Annotation (germinal_center),0.0634
KI67 1 in 200 run5.ndpi,Annotation (germinal_center),0.0467
KI67 1 in 200 run5.ndpi,Annotation (germinal_center),0.0788
KI67 1 in 200 run5.ndpi,Annotation (germinal_center),0.062
KI67 1 in 200 run5.ndpi,Annotation (germinal_center),0.0832
KI67 1 in 200 run5.ndpi,Annotation (germinal_center),0.0772
KI67 1 in 200 run5.ndpi,Annotation (germinal_center),0.0364
KI67 1 in 200 run5.ndpi,Annotation (germinal_center),0.0442
KI67 1 in 200 run5.ndpi,Annotation (germinal_center),0.0474
KI67 1 in 200 run5.ndpi,Annotation (germinal_center),0.0494
KI67 1 in 200 run5.ndpi,Annotation (germinal_center),0.0717
KI67 1 in 200 run5.ndpi,Annotation (germinal_center),0.0599
KI67 1 in 200 run5.ndpi,Annotation (germinal_center),0.0506
KI67 1 in 200 run5.ndpi,Annotation (germinal_center),0.0259
KI67 1 in 200 run5.ndpi,Annotation (germinal_center),0.0391
KI67 1 in 200 run5.ndpi,Annotation (germinal_center),0.0381
KI67 1 in 200 run5.ndpi,Annotation (germinal_center),
KI67 1 in 200 run5.ndpi,Annotation (germinal_center),0.0763
KI67 1 in 200 run5.ndpi,Annotation (germinal_center),0.0824
KI67 1 in 200 run5.ndpi,Annotation (germinal_center),0.0519
KI67 1 in 200 run5.ndpi,Annotation (germinal_center),0.0447
KI67 1 in 200 run5.ndpi,Annotation (germinal_center),0.0444
KI67 1 in 200 run5.ndpi,Annotation (germinal_center),0.0733
KI67 1 in 200 run5.ndpi,Annotation (germinal_center),0.0506
KI67 1 in 200 run5.ndpi,Annotation (germinal_center),0.0931
KI67 1 in 200 run5.ndpi,Annotation (germinal_center),0.0636
KI67 1 in 200 run5.ndpi,Annotation (germinal_center),0.0728
KI67 1 in 200 run5.ndpi,Annotation (germinal_center),0.0569
KI67 1 in 200 run5.ndpi,Annotation (germinal_center),0.0386
KI67 1 in 200 run5.ndpi,Annotation (germinal_center),0.0867
KI67 1 in 200 run5.ndpi,Annotation (germinal_center),0.0381
KI67 1 in 200 run5.ndpi,Annotation (germinal_center),0.0569
KI67 1 in 200 run5.ndpi,Annotation (germinal_center),0.0544
KI67 1 in 200 run5.ndpi,Annotation (germinal_center),0.0421
KI67 1 in 200 run5.ndpi,Annotation (germinal_center),0.0619
KI67 1 in 200 run5.ndpi,Annotation (germinal_center),0.0591
KI67 1 in 200 run5.ndpi,Annotation (germinal_center),0.0753
KI67 1 in 200 run5.ndpi,Annotation (germinal_center),0.0327
KI67 1 in 200 run5.ndpi,Annotation (germinal_center),0.0496
KI67 1 in 200 run5.ndpi,Annotation (germinal_center),0.0951
KI67 1 in 200 run5.ndpi,Annotation (germinal_center),0.0312
KI67 1 in 200 run5.ndpi,Annotation (germinal_center),0.0546
KI67 1 in 200 run5.ndpi,Annotation (germinal_center),0.0411
KI67 1 in 200 run5.ndpi,Annotation (germinal_center),0.0374
KI67 1 in 200 run5.ndpi,Annotation (germinal_center),0.0556
KI67 1 in 200 run5.ndpi,Annotation (germinal_center),0.053
KI67 1 in 200 run5.ndpi,Annotation (germinal_center),0.042
KI67 1 in 200 run5.ndpi,Annotation (germinal_center),0.078
KI67 1 in 200 run5.ndpi,Annotation (germinal_center),0.0402
KI67 1 in 200 run5.ndpi,Annotation (germinal_center),0.0524
KI67 1 in 200 run5.ndpi,Annotation (germinal_center),0.0534
KI67 1 in 200 run5.ndpi,Annotation (germinal_center),0.0396
KI67 1 in 200 run5.ndpi,Annotation (germinal_center),0.0542
KI67 1 in 200 run5.ndpi,Annotation (germinal_center),0.0806
KI67 1 in 200 run5.ndpi,Annotation (germinal_center),0.0493
KI67 1 in 200 run5.ndpi,Annotation (germinal_center),0.0697
KI67 1 in 200 run5.ndpi,Annotation (germinal_center),0.0457
KI67 1 in 200 run5.ndpi,Annotation (germinal_center),0.0729
KI67 1 in 200 run5.ndpi,Annotation (germinal_center),0.0462
KI67 1 in 200 run5.ndpi,Annotation (germinal_center),0.0478
KI67 1 in 200 run5.ndpi,Annotation (germinal_center),0.0431
KI67 1 in 200 run5.ndpi,Annotation (germinal_center),0.039
KI67 1 in 200 run5.ndpi,Annotation (germinal_center),0.052
KI67 1 in 200 run5.ndpi,Annotation (germinal_center),0.0531
KI67 1 in 200 run5.ndpi,Annotation (germinal_center),0.0746
KI67 1 in 200 run5.ndpi,Annotation (germinal_center),0.0508
KI67 1 in 200 run5.ndpi,Annotation (germinal_center),0.0345
KI67 1 in 200 run5.ndpi,Annotation (germinal_center),0.0663
KI67 1 in 200 run5.ndpi,Annotation (germinal_center),0.0823
KI67 1 in 200 run5.ndpi,Annotation (germinal_center),0.0612
KI67 1 in 200 run5.ndpi,Annotation (germinal_center),0.049
KI67 1 in 200 run5.ndpi,Annotation (germinal_center),0.073
KI67 1 in 200 run5.ndpi,Annotation (germinal_center),0.0435
KI67 1 in 200 run5.ndpi,Annotation (germinal_center),0.0653
KI67 1 in 200 run5.ndpi,Annotation (germinal_center),0.0497
KI67 1 in 200 run5.ndpi,Annotation (germinal_center),0.0528
KI67 1 in 200 run5.ndpi,Annotation (germinal_center),0.0599
KI67 1 in 200 run5.ndpi,Annotation (germinal_center),0.0761
KI67 1 in 200 run5.ndpi,Annotation (germinal_center),0.0673
KI67 1 in 200 run5.ndpi,Annotation (germinal_center),0.0647
KI67 1 in 200 run5.ndpi,Annotation (germinal_center),0.0696
KI67 1 in 200 run5.ndpi,Annotation (germinal_center),0.0839
KI67 1 in 200 run5.ndpi,Annotation (germinal_center),0.0413
KI67 1 in 200 run5.ndpi,Annotation (germinal_center),0.0613
KI67 1 in 200 run5.ndpi,Annotation (germinal_center),0.0578
KI67 1 in 200 run5.ndpi,Annotation (germinal_center),0.0393
KI67 1 in 200 run5.ndpi,Annotation (germinal_center),0.0378
KI67 1 in 200 run5.ndpi,Annotation (germinal_center),0.0484
KI67 1 in 200 run5.ndpi,Annotation (germinal_center),0.0712
KI67 1 in 200 run5.ndpi,Annotation (germinal_center),0.0617
KI67 1 in 200 run5.ndpi,Annotation (germinal_center),0.0266
KI67 1 in 200 run5.ndpi,Annotation (germinal_center),0.0465
KI67 1 in 200 run5.ndpi,Annotation (germinal_center),0.0837
KI67 1 in 200 run5.ndpi,Annotation (germinal_center),0.0762
KI67 1 in 200 run5.ndpi,Annotation (germinal_center),0.07
KI67 1 in 200 run5.ndpi,Annotation (germinal_center),0.0424
KI67 1 in 200 run5.ndpi,Annotation (germinal_center),0.0671
KI67 1 in 200 run5.ndpi,Annotation (germinal_center),0.0433
KI67 1 in 200 run5.ndpi,Annotation (germinal_center),0.0368
KI67 1 in 200 run5.ndpi,Annotation (germinal_center),0.0416
KI67 1 in 200 run5.ndpi,Annotation (germinal_center),0.0408
KI67 1 in 200 run5.ndpi,Annotation (germinal_center),0.0523
KI67 1 in 200 run5.ndpi,Annotation (germinal_center),0.0561
KI67 1 in 200 run5.ndpi,Annotation (germinal_center),0.0591
KI67 1 in 200 run5.ndpi,Annotation (germinal_center),0.0784
KI67 1 in 200 run5.ndpi,Annotation (germinal_center),0.0656
KI67 1 in 200 run5.ndpi,Annotation (germinal_center),0.0452
KI67 1 in 200 run5.ndpi,Annotation (germinal_center),0.0751
KI67 1 in 200 run5.ndpi,Annotation (germinal_center),0.0512
KI67 1 in 200 run5.ndpi,Annotation (germinal_center),0.0636
KI67 1 in 200 run5.ndpi,Annotation (germinal_center),0.0456
KI67 1 in 200 run5.ndpi,Annotation (germinal_center),0.0453
KI67 1 in 200 run5.ndpi,Annotation (germinal_center),0.0583
KI67 1 in 200 run5.ndpi,Annotation (germinal_center),0.047
KI67 1 in 200 run5.ndpi,Annotation (germinal_center),0.0443
KI67 1 in 200 run5.ndpi,Annotation (germinal_center),0.0485
KI67 1 in 200 run5.ndpi,Annotation (germinal_center),0.0501
KI67 1 in 200 run5.ndpi,Annotation (germinal_center),0.0488
KI67 1 in 200 run5.ndpi,Annotation (germinal_center),0.0546
KI67 1 in 200 run5.ndpi,Annotation (germinal_center),0.0633
KI67 1 in 200 run5.ndpi,Annotation (germinal_center),0.0656
KI67 1 in 200 run5.ndpi,Annotation (germinal_center),0.057
KI67 1 in 200 run5.ndpi,Annotation (germinal_center),0.0421
KI67 1 in 200 run5.ndpi,Annotation (germinal_center),0.0435
KI67 1 in 200 run5.ndpi,Annotation (germinal_center),0.0541
KI67 1 in 200 run5.ndpi,Annotation (germinal_center),0.0474
KI67 1 in 200 run5.ndpi,Annotation (germinal_center),0.0674
KI67 1 in 200 run5.ndpi,Annotation (germinal_center),0.031
KI67 1 in 200 run5.ndpi,Annotation (germinal_center),0.0475
KI67 1 in 200 run5.ndpi,Annotation (germinal_center),0.0472
KI67 1 in 200 run5.ndpi,Annotation (germinal_center),0.0812
KI67 1 in 200 run5.ndpi,Annotation (germinal_center),0.0494
KI67 1 in 200 run5.ndpi,Annotation (germinal_center),0.0622
KI67 1 in 200 run5.ndpi,Annotation (germinal_center),0.0451
KI67 1 in 200 run5.ndpi,Annotation (germinal_center),0.041
KI67 1 in 200 run5.ndpi,Annotation (germinal_center),0.0476
KI67 1 in 200 run5.ndpi,Annotation (germinal_center),0.0359
KI67 1 in 200 run5.ndpi,Annotation (germinal_center),0.0373
KI67 1 in 200 run5.ndpi,Annotation (germinal_center),0.0419
KI67 1 in 200 run5.ndpi,Annotation (germinal_center),0.0542
KI67 1 in 200 run5.ndpi,Annotation (germinal_center),0.0313
KI67 1 in 200 run5.ndpi,Annotation (germinal_center),0.0613
KI67 1 in 200 run5.ndpi,Annotation (germinal_center),0.0465
KI67 1 in 200 run5.ndpi,Annotation (germinal_center),0.0413
KI67 1 in 200 run5.ndpi,Annotation (germinal_center),0.0274
KI67 1 in 200 run5.ndpi,Annotation (germinal_center),0.0526
KI67 1 in 200 run5.ndpi,Annotation (germinal_center),0.0629
KI67 1 in 200 run5.ndpi,Annotation (germinal_center),0.0466
KI67 1 in 200 run5.ndpi,Annotation (germinal_center),0.0467
KI67 1 in 200 run5.ndpi,Annotation (germinal_center),0.0541
KI67 1 in 200 run5.ndpi,Annotation (germinal_center),0.0353
KI67 1 in 200 run5.ndpi,Annotation (germinal_center),0.0309
KI67 1 in 200 run5.ndpi,Annotation (germinal_center),0.0317
KI67 1 in 200 run5.ndpi,Annotation (germinal_center),0.0487
KI67 1 in 200 run5.ndpi,Annotation (germinal_center),0.0399
KI67 1 in 200 run5.ndpi,Annotation (germinal_center),0.0495
KI67 1 in 200 run5.ndpi,Annotation (germinal_center),0.0473
KI67 1 in 200 run5.ndpi,Annotation (germinal_center),0.0709
KI67 1 in 200 run5.ndpi,Annotation (germinal_center),0.0593
KI67 1 in 200 run5.ndpi,Annotation (germinal_center),0.0379
KI67 1 in 200 run5.ndpi,Annotation (germinal_center),0.0387
KI67 1 in 200 run5.ndpi,Annotation (germinal_center),0.0384
KI67 1 in 200 run5.ndpi,Annotation (germinal_center),0.0826
KI67 1 in 200 run5.ndpi,Annotation (germinal_center),0.0467
KI67 1 in 200 run5.ndpi,Annotation (germinal_center),0.0665
KI67 1 in 200 run5.ndpi,Annotation (germinal_center),0.0321
KI67 1 in 200 run5.ndpi,Annotation (germinal_center),0.0537
KI67 1 in 200 run5.ndpi,Annotation (germinal_center),0.059
KI67 1 in 200 run5.ndpi,Annotation (germinal_center),0.0742
KI67 1 in 200 run5.ndpi,Annotation (germinal_center),0.0619
KI67 1 in 200 run5.ndpi,Annotation (germinal_center),0.0527
KI67 1 in 200 run5.ndpi,Annotation (germinal_center),0.0373
KI67 1 in 200 run5.ndpi,Annotation (germinal_center),0.0524
KI67 1 in 200 run5.ndpi,Annotation (germinal_center),0.056
KI67 1 in 200 run5.ndpi,Annotation (germinal_center),0.069
KI67 1 in 200 run5.ndpi,Annotation (germinal_center),0.059
KI67 1 in 200 run5.ndpi,Annotation (germinal_center),0.1043
KI67 1 in 200 run5.ndpi,Annotation (germinal_center),0.0521
KI67 1 in 200 run5.ndpi,Annotation (germinal_center),0.0486
KI67 1 in 200 run5.ndpi,Annotation (germinal_center),0.0537
KI67 1 in 200 run5.ndpi,Annotation (germinal_center),0.0488
KI67 1 in 200 run5.ndpi,Annotation (germinal_center),0.0634
KI67 1 in 200 run5.ndpi,Annotation (germinal_center),0.062
KI67 1 in 200 run5.ndpi,Annotation (germinal_center),0.0579
KI67 1 in 200 run5.ndpi,Annotation (germinal_center),0.0343
KI67 1 in 200 run5.ndpi,Annotation (germinal_center),0.0332
KI67 1 in 200 run5.ndpi,Annotation (germinal_center),0.0561
KI67 1 in 200 run5.ndpi,Annotation (germinal_center),0.0571
KI67 1 in 200 run5.ndpi,Annotation (germinal_center),0.1036
KI67 1 in 200 run5.ndpi,Annotation (germinal_center),0.0436
KI67 1 in 200 run5.ndpi,Annotation (germinal_center),0.0519
KI67 1 in 200 run5.ndpi,Annotation (germinal_center),0.0325
KI67 1 in 200 run5.ndpi,Annotation (germinal_center),0.0381
KI67 1 in 200 run5.ndpi,Annotation (germinal_center),0.0404
KI67 1 in 200 run5.ndpi,Annotation (germinal_center),0.0324
KI67 1 in 200 run5.ndpi,Annotation (germinal_center),0.066
KI67 1 in 200 run5.ndpi,Annotation (germinal_center),
KI67 1 in 200 run5.ndpi,Annotation (germinal_center),0.0635
KI67 1 in 200 run5.ndpi,Annotation (germinal_center),0.0335
KI67 1 in 200 run5.ndpi,Annotation (germinal_center),0.0871
KI67 1 in 200 run5.ndpi,Annotation (germinal_center),0.0435
KI67 1 in 200 run5.ndpi,Annotation (germinal_center),0.0667
KI67 1 in 200 run5.ndpi,Annotation (germinal_center),0.0371
KI67 1 in 200 run5.ndpi,Annotation (germinal_center),0.0556
KI67 1 in 200 run5.ndpi,Annotation (germinal_center),0.045
KI67 1 in 200 run5.ndpi,Annotation (germinal_center),0.0588
KI67 1 in 200 run5.ndpi,Annotation (germinal_center),0.0487
KI67 1 in 200 run5.ndpi,Annotation (germinal_center),0.077
KI67 1 in 200 run5.ndpi,Annotation (germinal_center),0.058
KI67 1 in 200 run5.ndpi,Annotation (germinal_center),0.0441
KI67 1 in 200 run5.ndpi,Annotation (germinal_center),0.0267
KI67 1 in 200 run5.ndpi,Annotation (germinal_center),0.0375
KI67 1 in 200 run5.ndpi,Annotation (germinal_center),0.0452
KI67 1 in 200 run5.ndpi,Annotation (germinal_center),0.0444
KI67 1 in 200 run5.ndpi,Annotation (germinal_center),0.0296
KI67 1 in 200 run5.ndpi,Annotation (germinal_center),0.0502
KI67 1 in 200 run5.ndpi,Annotation (germinal_center),0.0548
KI67 1 in 200 run5.ndpi,Annotation (germinal_center),0.0943
KI67 1 in 200 run5.ndpi,Annotation (germinal_center),0.0626
KI67 1 in 200 run5.ndpi,Annotation (germinal_center),0.0439
KI67 1 in 200 run5.ndpi,Annotation (germinal_center),0.068
KI67 1 in 200 run5.ndpi,Annotation (germinal_center),0.0603
KI67 1 in 200 run5.ndpi,Annotation (germinal_center),0.0549
KI67 1 in 200 run5.ndpi,Annotation (germinal_center),0.0403
KI67 1 in 200 run5.ndpi,Annotation (germinal_center),0.0434
KI67 1 in 200 run5.ndpi,Annotation (germinal_center),0.0376
KI67 1 in 200 run5.ndpi,Annotation (germinal_center),0.0398
KI67 1 in 200 run5.ndpi,Annotation (germinal_center),0.0477
KI67 1 in 200 run5.ndpi,Annotation (germinal_center),0.0674
KI67 1 in 200 run5.ndpi,Annotation (germinal_center),0.0502
KI67 1 in 200 run5.ndpi,Annotation (germinal_center),0.0343
KI67 1 in 200 run5.ndpi,Annotation (germinal_center),0.036
KI67 1 in 200 run5.ndpi,Annotation (germinal_center),0.0397
KI67 1 in 200 run5.ndpi,Annotation (germinal_center),0.0634
KI67 1 in 200 run5.ndpi,Annotation (germinal_center),0.0373
KI67 1 in 200 run5.ndpi,Annotation (germinal_center),0.0511
KI67 1 in 200 run5.ndpi,Annotation (germinal_center),0.1591
KI67 1 in 200 run5.ndpi,Annotation (germinal_center),0.0453
KI67 1 in 200 run5.ndpi,Annotation (germinal_center),0.0484
KI67 1 in 200 run5.ndpi,Annotation (germinal_center),0.038
KI67 1 in 200 run5.ndpi,Annotation (germinal_center),0.0516
KI67 1 in 200 run5.ndpi,Annotation (germinal_center),0.0423
KI67 1 in 200 run5.ndpi,Annotation (germinal_center),0.0445
KI67 1 in 200 run5.ndpi,Annotation (germinal_center),0.0537
KI67 1 in 200 run5.ndpi,Annotation (germinal_center),0.083
KI67 1 in 200 run5.ndpi,Annotation (germinal_center),0.0297
KI67 1 in 200 run5.ndpi,Annotation (germinal_center),0.0358
KI67 1 in 200 run5.ndpi,Annotation (germinal_center),0.0787
KI67 1 in 200 run5.ndpi,Annotation (germinal_center),0.0316
KI67 1 in 200 run5.ndpi,Annotation (germinal_center),0.0403
KI67 1 in 200 run5.ndpi,Annotation (germinal_center),0.0217
KI67 1 in 200 run5.ndpi,Annotation (germinal_center),0.0519
KI67 1 in 200 run5.ndpi,Annotation (germinal_center),0.0448
KI67 1 in 200 run5.ndpi,Annotation (germinal_center),0.0563
KI67 1 in 200 run5.ndpi,Annotation (germinal_center),0.0493
KI67 1 in 200 run5.ndpi,Annotation (germinal_center),0.0439
KI67 1 in 200 run5.ndpi,Annotation (germinal_center),0.0374
KI67 1 in 200 run5.ndpi,Annotation (germinal_center),0.0471
KI67 1 in 200 run5.ndpi,Annotation (germinal_center),0.0664
KI67 1 in 200 run5.ndpi,Annotation (germinal_center),0.0679
KI67 1 in 200 run5.ndpi,Annotation (germinal_center),0.0338
KI67 1 in 200 run5.ndpi,Annotation (germinal_center),0.0733
KI67 1 in 200 run5.ndpi,Annotation (germinal_center),0.06
KI67 1 in 200 run5.ndpi,Annotation (germinal_center),0.0266
KI67 1 in 200 run5.ndpi,Annotation (germinal_center),0.0373
KI67 1 in 200 run5.ndpi,Annotation (germinal_center),0.0446
KI67 1 in 200 run5.ndpi,Annotation (germinal_center),0.0528
KI67 1 in 200 run5.ndpi,Annotation (germinal_center),0.0579
KI67 1 in 200 run5.ndpi,Annotation (germinal_center),0.08
KI67 1 in 200 run5.ndpi,Annotation (germinal_center),0.0523
KI67 1 in 200 run5.ndpi,Annotation (germinal_center),0.0457
KI67 1 in 200 run5.ndpi,Annotation (germinal_center),0.0807
KI67 1 in 200 run5.ndpi,Annotation (germinal_center),0.056
KI67 1 in 200 run5.ndpi,Annotation (germinal_center),0.0506
KI67 1 in 200 run5.ndpi,Annotation (germinal_center),0.0602
KI67 1 in 200 run5.ndpi,Annotation (germinal_center),0.0536
KI67 1 in 200 run5.ndpi,Annotation (germinal_center),0.0698
KI67 1 in 200 run5.ndpi,Annotation (germinal_center),0.0902
KI67 1 in 200 run5.ndpi,Annotation (germinal_center),0.0561
KI67 1 in 200 run5.ndpi,Annotation (germinal_center),0.0294
KI67 1 in 200 run5.ndpi,Annotation (germinal_center),0.0463
KI67 1 in 200 run5.ndpi,Annotation (germinal_center),0.0672
KI67 1 in 200 run5.ndpi,Annotation (germinal_center),0.0529
KI67 1 in 200 run5.ndpi,Annotation (germinal_center),0.0875
KI67 1 in 200 run5.ndpi,Annotation (germinal_center),0.0532
KI67 1 in 200 run5.ndpi,Annotation (germinal_center),0.0508
KI67 1 in 200 run5.ndpi,Annotation (germinal_center),0.0328
KI67 1 in 200 run5.ndpi,Annotation (germinal_center),0.0354
KI67 1 in 200 run5.ndpi,Annotation (germinal_center),0.0249
KI67 1 in 200 run5.ndpi,Annotation (germinal_center),0.0877
KI67 1 in 200 run5.ndpi,Annotation (germinal_center),0.0257
KI67 1 in 200 run5.ndpi,Annotation (germinal_center),0.0397
KI67 1 in 200 run5.ndpi,Annotation (germinal_center),0.0428
KI67 1 in 200 run5.ndpi,Annotation (germinal_center),0.0322
KI67 1 in 200 run5.ndpi,Annotation (germinal_center),0.0609
KI67 1 in 200 run5.ndpi,Annotation (germinal_center),0.0346
KI67 1 in 200 run5.ndpi,Annotation (germinal_center),0.0509
KI67 1 in 200 run5.ndpi,Annotation (germinal_center),0.0655
KI67 1 in 200 run5.ndpi,Annotation (germinal_center),0.0791
KI67 1 in 200 run5.ndpi,Annotation (germinal_center),0.0774
KI67 1 in 200 run5.ndpi,Annotation (germinal_center),0.0645
KI67 1 in 200 run5.ndpi,Annotation (germinal_center),0.0717
KI67 1 in 200 run5.ndpi,Annotation (germinal_center),0.058
KI67 1 in 200 run5.ndpi,Annotation (germinal_center),0.0764
KI67 1 in 200 run5.ndpi,Annotation (germinal_center),0.0574
KI67 1 in 200 run5.ndpi,Annotation (germinal_center),0.0458
KI67 1 in 200 run5.ndpi,Annotation (germinal_center),0.0683
KI67 1 in 200 run5.ndpi,Annotation (germinal_center),0.0627
KI67 1 in 200 run5.ndpi,Annotation (germinal_center),0.0572
KI67 1 in 200 run5.ndpi,Annotation (germinal_center),
KI67 1 in 200 run5.ndpi,Annotation (germinal_center),0.0749
KI67 1 in 200 run5.ndpi,Annotation (germinal_center),0.0606
KI67 1 in 200 run5.ndpi,Annotation (germinal_center),0.0575
KI67 1 in 200 run5.ndpi,Annotation (germinal_center),0.078
KI67 1 in 200 run5.ndpi,Annotation (germinal_center),0.0762
KI67 1 in 200 run5.ndpi,Annotation (germinal_center),0.0528
KI67 1 in 200 run5.ndpi,Annotation (germinal_center),0.064
KI67 1 in 200 run5.ndpi,Annotation (germinal_center),0.0609
KI67 1 in 200 run5.ndpi,Annotation (germinal_center),0.0552
KI67 1 in 200 run5.ndpi,Annotation (germinal_center),0.0748
KI67 1 in 200 run5.ndpi,Annotation (germinal_center),0.0462
KI67 1 in 200 run5.ndpi,Annotation (germinal_center),0.0527
KI67 1 in 200 run5.ndpi,Annotation (germinal_center),0.0554
KI67 1 in 200 run5.ndpi,Annotation (germinal_center),0.061
KI67 1 in 200 run5.ndpi,Annotation (germinal_center),0.0693
KI67 1 in 200 run5.ndpi,Annotation (germinal_center),0.0879
KI67 1 in 200 run5.ndpi,Annotation (germinal_center),0.0662
KI67 1 in 200 run5.ndpi,Annotation (germinal_center),0.0421
KI67 1 in 200 run5.ndpi,Annotation (germinal_center),0.0597
KI67 1 in 200 run5.ndpi,Annotation (germinal_center),0.0507
KI67 1 in 200 run5.ndpi,Annotation (germinal_center),0.0361
KI67 1 in 200 run5.ndpi,Annotation (germinal_center),0.056
KI67 1 in 200 run5.ndpi,Annotation (germinal_center),0.0608
KI67 1 in 200 run5.ndpi,Annotation (germinal_center),0.0574
KI67 1 in 200 run5.ndpi,Annotation (germinal_center),0.0398
KI67 1 in 200 run5.ndpi,Annotation (germinal_center),0.0668
KI67 1 in 200 run5.ndpi,Annotation (germinal_center),0.042
KI67 1 in 200 run5.ndpi,Annotation (germinal_center),0.0628
KI67 1 in 200 run5.ndpi,Annotation (germinal_center),0.0733
KI67 1 in 200 run5.ndpi,Annotation (germinal_center),0.0792
KI67 1 in 200 run5.ndpi,Annotation (germinal_center),0.0541
KI67 1 in 200 run5.ndpi,Annotation (germinal_center),0.0614
KI67 1 in 200 run5.ndpi,Annotation (germinal_center),0.0441
KI67 1 in 200 run5.ndpi,Annotation (germinal_center),0.0637
KI67 1 in 200 run5.ndpi,Annotation (germinal_center),0.0545
KI67 1 in 200 run5.ndpi,Annotation (germinal_center),0.0634
KI67 1 in 200 run5.ndpi,Annotation (germinal_center),0.059
KI67 1 in 200 run5.ndpi,Annotation (germinal_center),0.0498
KI67 1 in 200 run5.ndpi,Annotation (germinal_center),0.0541
KI67 1 in 200 run5.ndpi,Annotation (germinal_center),0.0834
KI67 1 in 200 run5.ndpi,Annotation (germinal_center),0.0519
KI67 1 in 200 run5.ndpi,Annotation (germinal_center),0.0577
KI67 1 in 200 run5.ndpi,Annotation (germinal_center),0.0573
KI67 1 in 200 run5.ndpi,Annotation (germinal_center),0.0571
KI67 1 in 200 run5.ndpi,Annotation (germinal_center),0.0367
KI67 1 in 200 run5.ndpi,Annotation (germinal_center),0.0686
KI67 1 in 200 run5.ndpi,Annotation (germinal_center),0.0489
KI67 1 in 200 run5.ndpi,Annotation (germinal_center),0.0734
KI67 1 in 200 run5.ndpi,Annotation (germinal_center),0.0579
KI67 1 in 200 run5.ndpi,Annotation (germinal_center),0.0565
KI67 1 in 200 run5.ndpi,Annotation (germinal_center),0.0489
KI67 1 in 200 run5.ndpi,Annotation (germinal_center),0.0518
KI67 1 in 200 run5.ndpi,Annotation (germinal_center),0.0763
KI67 1 in 200 run5.ndpi,Annotation (germinal_center),0.0851
KI67 1 in 200 run5.ndpi,Annotation (germinal_center),0.0473
KI67 1 in 200 run5.ndpi,Annotation (germinal_center),0.0606
KI67 1 in 200 run5.ndpi,Annotation (germinal_center),0.0552
KI67 1 in 200 run5.ndpi,Annotation (germinal_center),0.0686
KI67 1 in 200 run5.ndpi,Annotation (germinal_center),0.0501
KI67 1 in 200 run5.ndpi,Annotation (germinal_center),0.085
KI67 1 in 200 run5.ndpi,Annotation (germinal_center),0.0607
KI67 1 in 200 run5.ndpi,Annotation (germinal_center),0.0567
KI67 1 in 200 run5.ndpi,Annotation (germinal_center),0.0902
KI67 1 in 200 run5.ndpi,Annotation (germinal_center),0.0619
KI67 1 in 200 run5.ndpi,Annotation (germinal_center),0.0582
KI67 1 in 200 run5.ndpi,Annotation (germinal_center),0.0561
KI67 1 in 200 run5.ndpi,Annotation (germinal_center),0.0489
KI67 1 in 200 run5.ndpi,Annotation (germinal_center),0.0596
KI67 1 in 200 run5.ndpi,Annotation (germinal_center),0.0654
KI67 1 in 200 run5.ndpi,Annotation (germinal_center),0.0612
KI67 1 in 200 run5.ndpi,Annotation (germinal_center),0.0651
KI67 1 in 200 run5.ndpi,Annotation (germinal_center),0.0644
KI67 1 in 200 run5.ndpi,Annotation (germinal_center),0.0796
KI67 1 in 200 run5.ndpi,Annotation (germinal_center),0.0444
KI67 1 in 200 run5.ndpi,Annotation (germinal_center),0.0725
KI67 1 in 200 run5.ndpi,Annotation (germinal_center),0.0746
KI67 1 in 200 run5.ndpi,Annotation (germinal_center),0.0563
KI67 1 in 200 run5.ndpi,Annotation (germinal_center),0.0747
KI67 1 in 200 run5.ndpi,Annotation (germinal_center),0.0563
KI67 1 in 200 run5.ndpi,Annotation (germinal_center),0.0749
KI67 1 in 200 run5.ndpi,Annotation (germinal_center),0.0947
KI67 1 in 200 run5.ndpi,Annotation (germinal_center),0.0469
KI67 1 in 200 run5.ndpi,Annotation (germinal_center),0.0516
KI67 1 in 200 run5.ndpi,Annotation (germinal_center),0.058
KI67 1 in 200 run5.ndpi,Annotation (germinal_center),0.0652
KI67 1 in 200 run5.ndpi,Annotation (germinal_center),0.0623
KI67 1 in 200 run5.ndpi,Annotation (germinal_center),0.0727
KI67 1 in 200 run5.ndpi,Annotation (germinal_center),0.0611
KI67 1 in 200 run5.ndpi,Annotation (germinal_center),0.0748
KI67 1 in 200 run5.ndpi,Annotation (germinal_center),0.0803
KI67 1 in 200 run5.ndpi,Annotation (germinal_center),0.0597
KI67 1 in 200 run5.ndpi,Annotation (germinal_center),0.0634
KI67 1 in 200 run5.ndpi,Annotation (germinal_center),0.0652
KI67 1 in 200 run5.ndpi,Annotation (germinal_center),0.0688
KI67 1 in 200 run5.ndpi,Annotation (germinal_center),0.0476
KI67 1 in 200 run5.ndpi,Annotation (germinal_center),0.0665
KI67 1 in 200 run5.ndpi,Annotation (germinal_center),0.04
KI67 1 in 200 run5.ndpi,Annotation (germinal_center),0.0541
KI67 1 in 200 run5.ndpi,Annotation (germinal_center),0.0608
KI67 1 in 200 run5.ndpi,Annotation (germinal_center),0.0624
KI67 1 in 200 run5.ndpi,Annotation (germinal_center),0.0622
KI67 1 in 200 run5.ndpi,Annotation (germinal_center),0.0447
KI67 1 in 200 run5.ndpi,Annotation (germinal_center),0.0337
KI67 1 in 200 run5.ndpi,Annotation (germinal_center),0.0586
KI67 1 in 200 run5.ndpi,Annotation (germinal_center),0.0554
KI67 1 in 200 run5.ndpi,Annotation (germinal_center),0.0721
KI67 1 in 200 run5.ndpi,Annotation (germinal_center),0.0671
KI67 1 in 200 run5.ndpi,Annotation (germinal_center),0.0393
KI67 1 in 200 run5.ndpi,Annotation (germinal_center),0.0358
KI67 1 in 200 run5.ndpi,Annotation (germinal_center),0.0749
KI67 1 in 200 run5.ndpi,Annotation (germinal_center),0.041
KI67 1 in 200 run5.ndpi,Annotation (germinal_center),0.0454
KI67 1 in 200 run5.ndpi,Annotation (germinal_center),0.0709
KI67 1 in 200 run5.ndpi,Annotation (germinal_center),0.0678
KI67 1 in 200 run5.ndpi,Annotation (germinal_center),0.0404
KI67 1 in 200 run5.ndpi,Annotation (germinal_center),0.0464
KI67 1 in 200 run5.ndpi,Annotation (germinal_center),0.068
KI67 1 in 200 run5.ndpi,Annotation (germinal_center),0.0343
KI67 1 in 200 run5.ndpi,Annotation (germinal_center),0.0247
KI67 1 in 200 run5.ndpi,Annotation (germinal_center),0.072
KI67 1 in 200 run5.ndpi,Annotation (germinal_center),0.0795
KI67 1 in 200 run5.ndpi,Annotation (germinal_center),0.0877
KI67 1 in 200 run5.ndpi,Annotation (germinal_center),0.0654
KI67 1 in 200 run5.ndpi,Annotation (germinal_center),0.0852
KI67 1 in 200 run5.ndpi,Annotation (germinal_center),0.0598
KI67 1 in 200 run5.ndpi,Annotation (germinal_center),0.0483
KI67 1 in 200 run5.ndpi,Annotation (germinal_center),0.0452
KI67 1 in 200 run5.ndpi,Annotation (germinal_center),0.085
KI67 1 in 200 run5.ndpi,Annotation (germinal_center),0.067
KI67 1 in 200 run5.ndpi,Annotation (germinal_center),0.0512
KI67 1 in 200 run5.ndpi,Annotation (germinal_center),0.0415
KI67 1 in 200 run5.ndpi,Annotation (germinal_center),0.035
KI67 1 in 200 run5.ndpi,Annotation (germinal_center),0.0651
KI67 1 in 200 run5.ndpi,Annotation (germinal_center),0.0498
KI67 1 in 200 run5.ndpi,Annotation (germinal_center),0.0419
KI67 1 in 200 run5.ndpi,Annotation (germinal_center),0.0757
KI67 1 in 200 run5.ndpi,Annotation (germinal_center),0.0608
KI67 1 in 200 run5.ndpi,Annotation (germinal_center),0.048
KI67 1 in 200 run5.ndpi,Annotation (germinal_center),0.049
KI67 1 in 200 run5.ndpi,Annotation (germinal_center),0.0799
KI67 1 in 200 run5.ndpi,Annotation (germinal_center),0.075
KI67 1 in 200 run5.ndpi,Annotation (germinal_center),0.0468
KI67 1 in 200 run5.ndpi,Annotation (germinal_center),0.0665
KI67 1 in 200 run5.ndpi,Annotation (germinal_center),0.0572
KI67 1 in 200 run5.ndpi,Annotation (germinal_center),0.0482
KI67 1 in 200 run5.ndpi,Annotation (germinal_center),0.0554
KI67 1 in 200 run5.ndpi,Annotation (germinal_center),0.0566
KI67 1 in 200 run5.ndpi,Annotation (germinal_center),0.0584
KI67 1 in 200 run5.ndpi,Annotation (germinal_center),0.0422
KI67 1 in 200 run5.ndpi,Annotation (germinal_center),0.0552
KI67 1 in 200 run5.ndpi,Annotation (germinal_center),0.0691
KI67 1 in 200 run5.ndpi,Annotation (germinal_center),0.062
KI67 1 in 200 run5.ndpi,Annotation (germinal_center),0.0571
KI67 1 in 200 run5.ndpi,Annotation (germinal_center),0.0363
KI67 1 in 200 run5.ndpi,Annotation (germinal_center),0.0476
KI67 1 in 200 run5.ndpi,Annotation (germinal_center),0.0559
KI67 1 in 200 run5.ndpi,Annotation (germinal_center),0.0807
KI67 1 in 200 run5.ndpi,Annotation (germinal_center),0.0739
KI67 1 in 200 run5.ndpi,Annotation (germinal_center),0.0445
KI67 1 in 200 run5.ndpi,Annotation (germinal_center),0.058
KI67 1 in 200 run5.ndpi,Annotation (germinal_center),0.0833
KI67 1 in 200 run5.ndpi,Annotation (germinal_center),0.0609
KI67 1 in 200 run5.ndpi,Annotation (germinal_center),0.0622
KI67 1 in 200 run5.ndpi,Annotation (germinal_center),0.0615
KI67 1 in 200 run5.ndpi,Annotation (germinal_center),0.0411
KI67 1 in 200 run5.ndpi,Annotation (germinal_center),0.065
KI67 1 in 200 run5.ndpi,Annotation (germinal_center),0.0507
KI67 1 in 200 run5.ndpi,Annotation (germinal_center),0.0634
KI67 1 in 200 run5.ndpi,Annotation (germinal_center),0.049
KI67 1 in 200 run5.ndpi,Annotation (germinal_center),0.0395
KI67 1 in 200 run5.ndpi,Annotation (germinal_center),0.0584
KI67 1 in 200 run5.ndpi,Annotation (germinal_center),0.0565
KI67 1 in 200 run5.ndpi,Annotation (germinal_center),0.059
KI67 1 in 200 run5.ndpi,Annotation (germinal_center),0.0602
KI67 1 in 200 run5.ndpi,Annotation (germinal_center),0.0959
KI67 1 in 200 run5.ndpi,Annotation (germinal_center),0.0791
KI67 1 in 200 run5.ndpi,Annotation (germinal_center),0.046
KI67 1 in 200 run5.ndpi,Annotation (germinal_center),0.0532
KI67 1 in 200 run5.ndpi,Annotation (germinal_center),0.0495
KI67 1 in 200 run5.ndpi,Annotation (germinal_center),0.0544
KI67 1 in 200 run5.ndpi,Annotation (germinal_center),0.0375
KI67 1 in 200 run5.ndpi,Annotation (germinal_center),0.0361
KI67 1 in 200 run5.ndpi,Annotation (germinal_center),0.0454
KI67 1 in 200 run5.ndpi,Annotation (germinal_center),0.0415
KI67 1 in 200 run5.ndpi,Annotation (germinal_center),0.0735
KI67 1 in 200 run5.ndpi,Annotation (germinal_center),0.0461
KI67 1 in 200 run5.ndpi,Annotation (germinal_center),0.0404
KI67 1 in 200 run5.ndpi,Annotation (germinal_center),0.044
KI67 1 in 200 run5.ndpi,Annotation (germinal_center),0.0337
KI67 1 in 200 run5.ndpi,Annotation (germinal_center),0.0452
KI67 1 in 200 run5.ndpi,Annotation (germinal_center),0.0329
KI67 1 in 200 run5.ndpi,Annotation (germinal_center),0.0468
KI67 1 in 200 run5.ndpi,Annotation (germinal_center),0.0534
KI67 1 in 200 run5.ndpi,Annotation (germinal_center),0.0561
KI67 1 in 200 run5.ndpi,Annotation (germinal_center),0.0702
KI67 1 in 200 run5.ndpi,Annotation (germinal_center),0.0817
KI67 1 in 200 run5.ndpi,Annotation (germinal_center),0.0512
KI67 1 in 200 run5.ndpi,Annotation (germinal_center),0.0602
KI67 1 in 200 run5.ndpi,Annotation (germinal_center),0.0666
KI67 1 in 200 run5.ndpi,Annotation (germinal_center),0.0541
KI67 1 in 200 run5.ndpi,Annotation (germinal_center),0.0567
KI67 1 in 200 run5.ndpi,Annotation (germinal_center),0.063
KI67 1 in 200 run5.ndpi,Annotation (germinal_center),0.0515
KI67 1 in 200 run5.ndpi,Annotation (germinal_center),0.0589
KI67 1 in 200 run5.ndpi,Annotation (germinal_center),0.0429
KI67 1 in 200 run5.ndpi,Annotation (germinal_center),0.0536
KI67 1 in 200 run5.ndpi,Annotation (germinal_center),0.0435
KI67 1 in 200 run5.ndpi,Annotation (germinal_center),0.0509
KI67 1 in 200 run5.ndpi,Annotation (germinal_center),0.052
KI67 1 in 200 run5.ndpi,Annotation (germinal_center),0.0527
KI67 1 in 200 run5.ndpi,Annotation (germinal_center),0.0719
KI67 1 in 200 run5.ndpi,Annotation (germinal_center),0.0418
KI67 1 in 200 run5.ndpi,Annotation (germinal_center),0.0266
KI67 1 in 200 run5.ndpi,Annotation (germinal_center),0.0458
KI67 1 in 200 run5.ndpi,Annotation (germinal_center),0.0692
KI67 1 in 200 run5.ndpi,Annotation (germinal_center),0.0661
KI67 1 in 200 run5.ndpi,Annotation (germinal_center),0.0671
KI67 1 in 200 run5.ndpi,Annotation (germinal_center),0.0611
KI67 1 in 200 run5.ndpi,Annotation (germinal_center),0.0626
KI67 1 in 200 run5.ndpi,Annotation (germinal_center),0.0747
KI67 1 in 200 run5.ndpi,Annotation (germinal_center),0.0416
KI67 1 in 200 run5.ndpi,Annotation (germinal_center),0.0806
KI67 1 in 200 run5.ndpi,Annotation (germinal_center),0.0495
KI67 1 in 200 run5.ndpi,Annotation (germinal_center),0.0666
KI67 1 in 200 run5.ndpi,Annotation (germinal_center),0.0598
KI67 1 in 200 run5.ndpi,Annotation (germinal_center),0.0617
KI67 1 in 200 run5.ndpi,Annotation (germinal_center),0.0659
KI67 1 in 200 run5.ndpi,Annotation (germinal_center),0.0661
KI67 1 in 200 run5.ndpi,Annotation (germinal_center),0.0407
KI67 1 in 200 run5.ndpi,Annotation (germinal_center),0.0581
KI67 1 in 200 run5.ndpi,Annotation (germinal_center),0.061
KI67 1 in 200 run5.ndpi,Annotation (germinal_center),0.0373
KI67 1 in 200 run5.ndpi,Annotation (germinal_center),0.0596
KI67 1 in 200 run5.ndpi,Annotation (germinal_center),0.0399
KI67 1 in 200 run5.ndpi,Annotation (germinal_center),0.0472
KI67 1 in 200 run5.ndpi,Annotation (germinal_center),0.0985
KI67 1 in 200 run5.ndpi,Annotation (germinal_center),0.0503
KI67 1 in 200 run5.ndpi,Annotation (germinal_center),0.063
KI67 1 in 200 run5.ndpi,Annotation (germinal_center),0.0431
KI67 1 in 200 run5.ndpi,Annotation (germinal_center),0.0342
KI67 1 in 200 run5.ndpi,Annotation (germinal_center),0.0366
KI67 1 in 200 run5.ndpi,Annotation (germinal_center),0.0481
KI67 1 in 200 run5.ndpi,Annotation (germinal_center),0.0479
KI67 1 in 200 run5.ndpi,Annotation (germinal_center),0.0995
KI67 1 in 200 run5.ndpi,Annotation (germinal_center),0.0478
KI67 1 in 200 run5.ndpi,Annotation (germinal_center),0.0502
KI67 1 in 200 run5.ndpi,Annotation (germinal_center),0.0568
KI67 1 in 200 run5.ndpi,Annotation (germinal_center),0.0826
KI67 1 in 200 run5.ndpi,Annotation (germinal_center),0.053
KI67 1 in 200 run5.ndpi,Annotation (germinal_center),0.0441
KI67 1 in 200 run5.ndpi,Annotation (germinal_center),0.0474
KI67 1 in 200 run5.ndpi,Annotation (germinal_center),0.051
KI67 1 in 200 run5.ndpi,Annotation (germinal_center),0.0434
KI67 1 in 200 run5.ndpi,Annotation (germinal_center),0.0532
KI67 1 in 200 run5.ndpi,Annotation (germinal_center),0.0594
KI67 1 in 200 run5.ndpi,Annotation (germinal_center),0.0342
KI67 1 in 200 run5.ndpi,Annotation (germinal_center),0.0673
KI67 1 in 200 run5.ndpi,Annotation (germinal_center),0.0609
KI67 1 in 200 run5.ndpi,Annotation (germinal_center),0.0382
KI67 1 in 200 run5.ndpi,Annotation (germinal_center),0.0472
KI67 1 in 200 run5.ndpi,Annotation (germinal_center),0.0613
KI67 1 in 200 run5.ndpi,Annotation (germinal_center),0.0471
KI67 1 in 200 run5.ndpi,Annotation (germinal_center),0.0829
KI67 1 in 200 run5.ndpi,Annotation (germinal_center),0.0405
KI67 1 in 200 run5.ndpi,Annotation (germinal_center),0.0544
KI67 1 in 200 run5.ndpi,Annotation (germinal_center),0.059
KI67 1 in 200 run5.ndpi,Annotation (germinal_center),0.0654
KI67 1 in 200 run5.ndpi,Annotation (germinal_center),0.0467
KI67 1 in 200 run5.ndpi,Annotation (germinal_center),0.0492
KI67 1 in 200 run5.ndpi,Annotation (germinal_center),0.0701
KI67 1 in 200 run5.ndpi,Annotation (germinal_center),0.0418
KI67 1 in 200 run5.ndpi,Annotation (germinal_center),0.0414
KI67 1 in 200 run5.ndpi,Annotation (germinal_center),0.0525
KI67 1 in 200 run5.ndpi,Annotation (germinal_center),0.0431
KI67 1 in 200 run5.ndpi,Annotation (germinal_center),0.0537
KI67 1 in 200 run5.ndpi,Annotation (germinal_center),0.0426
KI67 1 in 200 run5.ndpi,Annotation (germinal_center),0.0627
KI67 1 in 200 run5.ndpi,Annotation (germinal_center),0.0718
KI67 1 in 200 run5.ndpi,Annotation (germinal_center),0.031
KI67 1 in 200 run5.ndpi,Annotation (germinal_center),0.0445
KI67 1 in 200 run5.ndpi,Annotation (germinal_center),0.0752
KI67 1 in 200 run5.ndpi,Annotation (germinal_center),0.0607
KI67 1 in 200 run5.ndpi,Annotation (germinal_center),0.0433
KI67 1 in 200 run5.ndpi,Annotation (germinal_center),0.058
KI67 1 in 200 run5.ndpi,Annotation (germinal_center),0.0462
KI67 1 in 200 run5.ndpi,Annotation (germinal_center),0.0528
KI67 1 in 200 run5.ndpi,Annotation (germinal_center),0.0505
KI67 1 in 200 run5.ndpi,Annotation (germinal_center),0.0544
KI67 1 in 200 run5.ndpi,Annotation (germinal_center),0.0582
KI67 1 in 200 run5.ndpi,Annotation (germinal_center),0.0497
KI67 1 in 200 run5.ndpi,Annotation (germinal_center),0.0762
KI67 1 in 200 run5.ndpi,Annotation (germinal_center),0.0509
KI67 1 in 200 run5.ndpi,Annotation (germinal_center),0.0445
KI67 1 in 200 run5.ndpi,Annotation (germinal_center),0.0732
KI67 1 in 200 run5.ndpi,Annotation (germinal_center),0.0444
KI67 1 in 200 run5.ndpi,Annotation (germinal_center),0.0472
KI67 1 in 200 run5.ndpi,Annotation (germinal_center),0.044
KI67 1 in 200 run5.ndpi,Annotation (germinal_center),0.0655
KI67 1 in 200 run5.ndpi,Annotation (germinal_center),0.0332
KI67 1 in 200 run5.ndpi,Annotation (germinal_center),0.0903
KI67 1 in 200 run5.ndpi,Annotation (germinal_center),0.0663
KI67 1 in 200 run5.ndpi,Annotation (germinal_center),0.0297
KI67 1 in 200 run5.ndpi,Annotation (germinal_center),0.1075
KI67 1 in 200 run5.ndpi,Annotation (germinal_center),0.0329
KI67 1 in 200 run5.ndpi,Annotation (germinal_center),0.0596
KI67 1 in 200 run5.ndpi,Annotation (germinal_center),0.0545
KI67 1 in 200 run5.ndpi,Annotation (germinal_center),0.0508
KI67 1 in 200 run5.ndpi,Annotation (germinal_center),0.0522
KI67 1 in 200 run5.ndpi,Annotation (germinal_center),0.0553
KI67 1 in 200 run5.ndpi,Annotation (germinal_center),0.0423
KI67 1 in 200 run5.ndpi,Annotation (germinal_center),0.07
KI67 1 in 200 run5.ndpi,Annotation (germinal_center),0.0323
KI67 1 in 200 run5.ndpi,Annotation (germinal_center),0.0711
KI67 1 in 200 run5.ndpi,Annotation (germinal_center),0.0413
KI67 1 in 200 run5.ndpi,Annotation (germinal_center),0.0825
KI67 1 in 200 run5.ndpi,Annotation (germinal_center),0.0679
KI67 1 in 200 run5.ndpi,Annotation (germinal_center),0.0423
KI67 1 in 200 run5.ndpi,Annotation (germinal_center),0.0517
KI67 1 in 200 run5.ndpi,Annotation (germinal_center),0.0373
KI67 1 in 200 run5.ndpi,Annotation (germinal_center),0.0367
KI67 1 in 200 run5.ndpi,Annotation (germinal_center),0.051
KI67 1 in 200 run5.ndpi,Annotation (germinal_center),0.0751
KI67 1 in 200 run5.ndpi,Annotation (germinal_center),0.0797
KI67 1 in 200 run5.ndpi,Annotation (germinal_center),0.0416
KI67 1 in 200 run5.ndpi,Annotation (germinal_center),0.0636
KI67 1 in 200 run5.ndpi,Annotation (germinal_center),0.0513
KI67 1 in 200 run5.ndpi,Annotation (germinal_center),0.0541
KI67 1 in 200 run5.ndpi,Annotation (germinal_center),0.0455
KI67 1 in 200 run5.ndpi,Annotation (germinal_center),0.084
KI67 1 in 200 run5.ndpi,Annotation (germinal_center),0.0555
KI67 1 in 200 run5.ndpi,Annotation (germinal_center),0.0422
KI67 1 in 200 run5.ndpi,Annotation (germinal_center),0.0441
KI67 1 in 200 run5.ndpi,Annotation (germinal_center),0.0664
KI67 1 in 200 run5.ndpi,Annotation (germinal_center),0.0478
KI67 1 in 200 run5.ndpi,Annotation (germinal_center),0.0576
KI67 1 in 200 run5.ndpi,Annotation (germinal_center),0.0763
KI67 1 in 200 run5.ndpi,Annotation (germinal_center),0.0428
KI67 1 in 200 run5.ndpi,Annotation (germinal_center),0.0365
KI67 1 in 200 run5.ndpi,Annotation (germinal_center),0.0506
KI67 1 in 200 run5.ndpi,Annotation (germinal_center),0.0505
KI67 1 in 200 run5.ndpi,Annotation (germinal_center),0.0609
KI67 1 in 200 run5.ndpi,Annotation (germinal_center),0.044
KI67 1 in 200 run5.ndpi,Annotation (germinal_center),0.0269
KI67 1 in 200 run5.ndpi,Annotation (germinal_center),0.0458
KI67 1 in 200 run5.ndpi,Annotation (germinal_center),0.0392
KI67 1 in 200 run5.ndpi,Annotation (germinal_center),0.0421
KI67 1 in 200 run5.ndpi,Annotation (germinal_center),0.0339
KI67 1 in 200 run5.ndpi,Annotation (germinal_center),0.0552
KI67 1 in 200 run5.ndpi,Annotation (germinal_center),0.0892
KI67 1 in 200 run5.ndpi,Annotation (germinal_center),0.0743
KI67 1 in 200 run5.ndpi,Annotation (germinal_center),0.0306
KI67 1 in 200 run5.ndpi,Annotation (germinal_center),0.034
KI67 1 in 200 run5.ndpi,Annotation (germinal_center),0.04
KI67 1 in 200 run5.ndpi,Annotation (germinal_center),0.064
KI67 1 in 200 run5.ndpi,Annotation (germinal_center),0.049
KI67 1 in 200 run5.ndpi,Annotation (germinal_center),0.0365
KI67 1 in 200 run5.ndpi,Annotation (germinal_center),0.0505
KI67 1 in 200 run5.ndpi,Annotation (germinal_center),0.055
KI67 1 in 200 run5.ndpi,Annotation (germinal_center),0.049
KI67 1 in 200 run5.ndpi,Annotation (germinal_center),0.069
KI67 1 in 200 run5.ndpi,Annotation (germinal_center),0.0381
KI67 1 in 200 run5.ndpi,Annotation (germinal_center),0.0518
KI67 1 in 200 run5.ndpi,Annotation (germinal_center),0.0474
KI67 1 in 200 run5.ndpi,Annotation (germinal_center),0.0323
KI67 1 in 200 run5.ndpi,Annotation (germinal_center),0.0307
KI67 1 in 200 run5.ndpi,Annotation (germinal_center),0.0819
KI67 1 in 200 run5.ndpi,Annotation (germinal_center),0.0351
KI67 1 in 200 run5.ndpi,Annotation (germinal_center),0.0317
KI67 1 in 200 run5.ndpi,Annotation (germinal_center),0.0596
KI67 1 in 200 run5.ndpi,Annotation (germinal_center),0.0466
KI67 1 in 200 run5.ndpi,Annotation (germinal_center),0.0601
KI67 1 in 200 run5.ndpi,Annotation (germinal_center),0.0576
KI67 1 in 200 run5.ndpi,Annotation (germinal_center),0.0461
KI67 1 in 200 run5.ndpi,Annotation (germinal_center),0.038
KI67 1 in 200 run5.ndpi,Annotation (germinal_center),0.0884
KI67 1 in 200 run5.ndpi,Annotation (germinal_center),0.03
KI67 1 in 200 run5.ndpi,Annotation (germinal_center),0.0553
KI67 1 in 200 run5.ndpi,Annotation (germinal_center),0.0374
KI67 1 in 200 run5.ndpi,Annotation (germinal_center),0.0791
KI67 1 in 200 run5.ndpi,Annotation (germinal_center),0.039
KI67 1 in 200 run5.ndpi,Annotation (germinal_center),0.0614
KI67 1 in 200 run5.ndpi,Annotation (germinal_center),0.0751
KI67 1 in 200 run5.ndpi,Annotation (germinal_center),0.0748
KI67 1 in 200 run5.ndpi,Annotation (germinal_center),0.0303
KI67 1 in 200 run5.ndpi,Annotation (germinal_center),0.0425
KI67 1 in 200 run5.ndpi,Annotation (germinal_center),0.0996
KI67 1 in 200 run5.ndpi,Annotation (germinal_center),0.066
KI67 1 in 200 run5.ndpi,Annotation (germinal_center),0.0423
KI67 1 in 200 run5.ndpi,Annotation (germinal_center),0.0361
KI67 1 in 200 run5.ndpi,Annotation (germinal_center),0.0306
KI67 1 in 200 run5.ndpi,Annotation (germinal_center),0.0447
KI67 1 in 200 run5.ndpi,Annotation (germinal_center),0.0873
KI67 1 in 200 run5.ndpi,Annotation (germinal_center),0.0784
KI67 1 in 200 run5.ndpi,Annotation (germinal_center),0.0291
KI67 1 in 200 run5.ndpi,Annotation (germinal_center),0.0579
KI67 1 in 200 run5.ndpi,Annotation (germinal_center),0.0396
KI67 1 in 200 run5.ndpi,Annotation (germinal_center),0.0587
KI67 1 in 200 run5.ndpi,Annotation (germinal_center),0.0512
KI67 1 in 200 run5.ndpi,Annotation (germinal_center),0.049
KI67 1 in 200 run5.ndpi,Annotation (germinal_center),0.0494
KI67 1 in 200 run5.ndpi,Annotation (germinal_center),0.0406
KI67 1 in 200 run5.ndpi,Annotation (germinal_center),0.3685
KI67 1 in 200 run5.ndpi,Annotation (germinal_center),0.0369
KI67 1 in 200 run5.ndpi,Annotation (germinal_center),0.0475
KI67 1 in 200 run5.ndpi,Annotation (germinal_center),0.0632
KI67 1 in 200 run5.ndpi,Annotation (germinal_center),0.0448
KI67 1 in 200 run5.ndpi,Annotation (germinal_center),0.0541
KI67 1 in 200 run5.ndpi,Annotation (germinal_center),0.0483
KI67 1 in 200 run5.ndpi,Annotation (germinal_center),0.0435
KI67 1 in 200 run5.ndpi,Annotation (germinal_center),0.0324
KI67 1 in 200 run5.ndpi,Annotation (germinal_center),0.0505
KI67 1 in 200 run5.ndpi,Annotation (germinal_center),0.0555
KI67 1 in 200 run5.ndpi,Annotation (germinal_center),0.0498
KI67 1 in 200 run5.ndpi,Annotation (germinal_center),0.077
KI67 1 in 200 run5.ndpi,Annotation (germinal_center),0.0904
KI67 1 in 200 run5.ndpi,Annotation (germinal_center),0.0739
KI67 1 in 200 run5.ndpi,Annotation (germinal_center),0.0273
KI67 1 in 200 run5.ndpi,Annotation (germinal_center),0.0734
KI67 1 in 200 run5.ndpi,Annotation (germinal_center),0.0741
KI67 1 in 200 run5.ndpi,Annotation (germinal_center),0.0444
KI67 1 in 200 run5.ndpi,Annotation (germinal_center),0.0383
KI67 1 in 200 run5.ndpi,Annotation (germinal_center),0.0386
KI67 1 in 200 run5.ndpi,Annotation (germinal_center),0.0375
KI67 1 in 200 run5.ndpi,Annotation (germinal_center),0.0427
KI67 1 in 200 run5.ndpi,Annotation (germinal_center),0.0611
KI67 1 in 200 run5.ndpi,Annotation (germinal_center),0.0563
KI67 1 in 200 run5.ndpi,Annotation (germinal_center),0.0593
KI67 1 in 200 run5.ndpi,Annotation (germinal_center),0.0609
KI67 1 in 200 run5.ndpi,Annotation (germinal_center),0.0563
KI67 1 in 200 run5.ndpi,Annotation (germinal_center),0.0641
KI67 1 in 200 run5.ndpi,Annotation (germinal_center),0.064
KI67 1 in 200 run5.ndpi,Annotation (germinal_center),0.0324
KI67 1 in 200 run5.ndpi,Annotation (germinal_center),0.0648
KI67 1 in 200 run5.ndpi,Annotation (germinal_center),0.0576
KI67 1 in 200 run5.ndpi,Annotation (germinal_center),0.0431
KI67 1 in 200 run5.ndpi,Annotation (germinal_center),0.0699
KI67 1 in 200 run5.ndpi,Annotation (germinal_center),0.0673
KI67 1 in 200 run5.ndpi,Annotation (germinal_center),0.2776
KI67 1 in 200 run5.ndpi,Annotation (germinal_center),0.0681
KI67 1 in 200 run5.ndpi,Annotation (germinal_center),0.0393
KI67 1 in 200 run5.ndpi,Annotation (germinal_center),0.0412
KI67 1 in 200 run5.ndpi,Annotation (germinal_center),0.045
KI67 1 in 200 run5.ndpi,Annotation (germinal_center),0.0344
KI67 1 in 200 run5.ndpi,Annotation (germinal_center),0.0628
KI67 1 in 200 run5.ndpi,Annotation (germinal_center),0.0452
KI67 1 in 200 run5.ndpi,Annotation (germinal_center),0.0612
KI67 1 in 200 run5.ndpi,Annotation (germinal_center),0.054
KI67 1 in 200 run5.ndpi,Annotation (germinal_center),0.0543
KI67 1 in 200 run5.ndpi,Annotation (germinal_center),0.0478
KI67 1 in 200 run5.ndpi,Annotation (germinal_center),0.0508
KI67 1 in 200 run5.ndpi,Annotation (germinal_center),0.0764
KI67 1 in 200 run5.ndpi,Annotation (germinal_center),0.0436
KI67 1 in 200 run5.ndpi,Annotation (germinal_center),0.0339
KI67 1 in 200 run5.ndpi,Annotation (germinal_center),0.0463
KI67 1 in 200 run5.ndpi,Annotation (germinal_center),0.0389
KI67 1 in 200 run5.ndpi,Annotation (germinal_center),0.0325
KI67 1 in 200 run5.ndpi,Annotation (germinal_center),0.0721
KI67 1 in 200 run5.ndpi,Annotation (germinal_center),0.0461
KI67 1 in 200 run5.ndpi,Annotation (germinal_center),0.031
KI67 1 in 200 run5.ndpi,Annotation (germinal_center),0.0663
KI67 1 in 200 run5.ndpi,Annotation (germinal_center),0.0403
KI67 1 in 200 run5.ndpi,Annotation (germinal_center),0.074
KI67 1 in 200 run5.ndpi,Annotation (germinal_center),0.0366
KI67 1 in 200 run5.ndpi,Annotation (germinal_center),0.0641
KI67 1 in 200 run5.ndpi,Annotation (germinal_center),0.0408
KI67 1 in 200 run5.ndpi,Annotation (germinal_center),0.0431
KI67 1 in 200 run5.ndpi,Annotation (germinal_center),0.0408
KI67 1 in 200 run5.ndpi,Annotation (germinal_center),0.0361
KI67 1 in 200 run5.ndpi,Annotation (germinal_center),0.0561
KI67 1 in 200 run5.ndpi,Annotation (germinal_center),0.045
KI67 1 in 200 run5.ndpi,Annotation (germinal_center),0.0348
KI67 1 in 200 run5.ndpi,Annotation (germinal_center),0.0398
KI67 1 in 200 run5.ndpi,Annotation (germinal_center),0.0676
KI67 1 in 200 run5.ndpi,Annotation (germinal_center),0.0442
KI67 1 in 200 run5.ndpi,Annotation (germinal_center),0.0462
KI67 1 in 200 run5.ndpi,Annotation (germinal_center),0.0477
KI67 1 in 200 run5.ndpi,Annotation (germinal_center),0.0663
KI67 1 in 200 run5.ndpi,Annotation (germinal_center),0.0578
KI67 1 in 200 run5.ndpi,Annotation (germinal_center),0.0329
KI67 1 in 200 run5.ndpi,Annotation (germinal_center),0.0493
KI67 1 in 200 run5.ndpi,Annotation (germinal_center),0.0589
KI67 1 in 200 run5.ndpi,Annotation (germinal_center),0.0406
KI67 1 in 200 run5.ndpi,Annotation (germinal_center),0.0425
KI67 1 in 200 run5.ndpi,Annotation (germinal_center),0.0452
KI67 1 in 200 run5.ndpi,Annotation (germinal_center),0.0356
KI67 1 in 200 run5.ndpi,Annotation (germinal_center),0.0657
KI67 1 in 200 run5.ndpi,Annotation (germinal_center),0.0596
KI67 1 in 200 run5.ndpi,Annotation (germinal_center),0.0366
KI67 1 in 200 run5.ndpi,Annotation (germinal_center),0.043
KI67 1 in 200 run5.ndpi,Annotation (germinal_center),0.0423
KI67 1 in 200 run5.ndpi,Annotation (germinal_center),0.04
KI67 1 in 200 run5.ndpi,Annotation (germinal_center),0.0388
KI67 1 in 200 run5.ndpi,Annotation (germinal_center),0.0378
KI67 1 in 200 run5.ndpi,Annotation (germinal_center),0.0702
KI67 1 in 200 run5.ndpi,Annotation (germinal_center),0.0438
KI67 1 in 200 run5.ndpi,Annotation (germinal_center),0.0421
KI67 1 in 200 run5.ndpi,Annotation (germinal_center),0.0617
KI67 1 in 200 run5.ndpi,Annotation (germinal_center),0.04
KI67 1 in 200 run5.ndpi,Annotation (germinal_center),0.0694
KI67 1 in 200 run5.ndpi,Annotation (germinal_center),0.0562
KI67 1 in 200 run5.ndpi,Annotation (germinal_center),0.0472
KI67 1 in 200 run5.ndpi,Annotation (germinal_center),0.0592
KI67 1 in 200 run5.ndpi,Annotation (germinal_center),0.0344
KI67 1 in 200 run5.ndpi,Annotation (germinal_center),0.0306
KI67 1 in 200 run5.ndpi,Annotation (germinal_center),0.0322
KI67 1 in 200 run5.ndpi,Annotation (germinal_center),0.0606
KI67 1 in 200 run5.ndpi,Annotation (germinal_center),0.0583
KI67 1 in 200 run5.ndpi,Annotation (germinal_center),0.0387
KI67 1 in 200 run5.ndpi,Annotation (germinal_center),0.0346
KI67 1 in 200 run5.ndpi,Annotation (germinal_center),0.0901
KI67 1 in 200 run5.ndpi,Annotation (germinal_center),0.0495
KI67 1 in 200 run5.ndpi,Annotation (germinal_center),0.0549
KI67 1 in 200 run5.ndpi,Annotation (germinal_center),0.0575
KI67 1 in 200 run5.ndpi,Annotation (germinal_center),0.0344
KI67 1 in 200 run5.ndpi,Annotation (germinal_center),0.0363
KI67 1 in 200 run5.ndpi,Annotation (germinal_center),0.077
KI67 1 in 200 run5.ndpi,Annotation (germinal_center),0.0462
KI67 1 in 200 run5.ndpi,Annotation (germinal_center),0.0384
KI67 1 in 200 run5.ndpi,Annotation (germinal_center),0.0636
KI67 1 in 200 run5.ndpi,Annotation (germinal_center),0.056
KI67 1 in 200 run5.ndpi,Annotation (germinal_center),0.0475
KI67 1 in 200 run5.ndpi,Annotation (germinal_center),0.0374
KI67 1 in 200 run5.ndpi,Annotation (germinal_center),0.0342
KI67 1 in 200 run5.ndpi,Annotation (germinal_center),0.0814
KI67 1 in 200 run5.ndpi,Annotation (germinal_center),0.0725
KI67 1 in 200 run5.ndpi,Annotation (germinal_center),0.0505
KI67 1 in 200 run5.ndpi,Annotation (germinal_center),0.0425
KI67 1 in 200 run5.ndpi,Annotation (germinal_center),0.0709
KI67 1 in 200 run5.ndpi,Annotation (germinal_center),0.0625
KI67 1 in 200 run5.ndpi,Annotation (germinal_center),0.0652
KI67 1 in 200 run5.ndpi,Annotation (germinal_center),0.0441
KI67 1 in 200 run5.ndpi,Annotation (germinal_center),0.0687
KI67 1 in 200 run5.ndpi,Annotation (germinal_center),0.0712
KI67 1 in 200 run5.ndpi,Annotation (germinal_center),0.0328
KI67 1 in 200 run5.ndpi,Annotation (germinal_center),0.0354
KI67 1 in 200 run5.ndpi,Annotation (germinal_center),0.0732
KI67 1 in 200 run5.ndpi,Annotation (germinal_center),0.0725
KI67 1 in 200 run5.ndpi,Annotation (germinal_center),0.0366
KI67 1 in 200 run5.ndpi,Annotation (germinal_center),0.0583
KI67 1 in 200 run5.ndpi,Annotation (germinal_center),0.0331
KI67 1 in 200 run5.ndpi,Annotation (germinal_center),0.06
KI67 1 in 200 run5.ndpi,Annotation (germinal_center),0.0476
KI67 1 in 200 run5.ndpi,Annotation (germinal_center),0.0597
KI67 1 in 200 run5.ndpi,Annotation (germinal_center),0.0342
KI67 1 in 200 run5.ndpi,Annotation (germinal_center),0.028
KI67 1 in 200 run5.ndpi,Annotation (germinal_center),0.0526
KI67 1 in 200 run5.ndpi,Annotation (germinal_center),0.0365
KI67 1 in 200 run5.ndpi,Annotation (germinal_center),0.0525
KI67 1 in 200 run5.ndpi,Annotation (germinal_center),0.0676
KI67 1 in 200 run5.ndpi,Annotation (germinal_center),0.043
KI67 1 in 200 run5.ndpi,Annotation (germinal_center),0.0565
KI67 1 in 200 run5.ndpi,Annotation (germinal_center),0.0365
KI67 1 in 200 run5.ndpi,Annotation (germinal_center),0.0433
KI67 1 in 200 run5.ndpi,Annotation (germinal_center),0.045
KI67 1 in 200 run5.ndpi,Annotation (germinal_center),0.0702
KI67 1 in 200 run5.ndpi,Annotation (germinal_center),0.0715
KI67 1 in 200 run5.ndpi,Annotation (germinal_center),0.0518
KI67 1 in 200 run5.ndpi,Annotation (germinal_center),0.0519
KI67 1 in 200 run5.ndpi,Annotation (germinal_center),0.0512
KI67 1 in 200 run5.ndpi,Annotation (germinal_center),0.0575
KI67 1 in 200 run5.ndpi,Annotation (germinal_center),0.0433
KI67 1 in 200 run5.ndpi,Annotation (germinal_center),0.0669
KI67 1 in 200 run5.ndpi,Annotation (germinal_center),0.0686
KI67 1 in 200 run5.ndpi,Annotation (germinal_center),0.0379
KI67 1 in 200 run5.ndpi,Annotation (germinal_center),0.0853
KI67 1 in 200 run5.ndpi,Annotation (germinal_center),0.0866
KI67 1 in 200 run5.ndpi,Annotation (germinal_center),0.0505
KI67 1 in 200 run5.ndpi,Annotation (germinal_center),0.0591
KI67 1 in 200 run5.ndpi,Annotation (germinal_center),0.0424
KI67 1 in 200 run5.ndpi,Annotation (germinal_center),0.0406
KI67 1 in 200 run5.ndpi,Annotation (germinal_center),0.0467
KI67 1 in 200 run5.ndpi,Annotation (germinal_center),0.0445
KI67 1 in 200 run5.ndpi,Annotation (germinal_center),0.0489
KI67 1 in 200 run5.ndpi,Annotation (germinal_center),0.0319
KI67 1 in 200 run5.ndpi,Annotation (germinal_center),0.0964
KI67 1 in 200 run5.ndpi,Annotation (germinal_center),0.0454
KI67 1 in 200 run5.ndpi,Annotation (germinal_center),0.0472
KI67 1 in 200 run5.ndpi,Annotation (germinal_center),0.0908
KI67 1 in 200 run5.ndpi,Annotation (germinal_center),0.0485
KI67 1 in 200 run5.ndpi,Annotation (germinal_center),0.0765
KI67 1 in 200 run5.ndpi,Annotation (germinal_center),0.0514
KI67 1 in 200 run5.ndpi,Annotation (germinal_center),0.0817
KI67 1 in 200 run5.ndpi,Annotation (germinal_center),0.0466
KI67 1 in 200 run5.ndpi,Annotation (germinal_center),0.0603
KI67 1 in 200 run5.ndpi,Annotation (germinal_center),0.0565
KI67 1 in 200 run5.ndpi,Annotation (germinal_center),0.0384
KI67 1 in 200 run5.ndpi,Annotation (germinal_center),0.0317
KI67 1 in 200 run5.ndpi,Annotation (germinal_center),0.0504
KI67 1 in 200 run5.ndpi,Annotation (germinal_center),0.0539
KI67 1 in 200 run5.ndpi,Annotation (germinal_center),0.0556
KI67 1 in 200 run5.ndpi,Annotation (germinal_center),0.0432
KI67 1 in 200 run5.ndpi,Annotation (germinal_center),0.0507
KI67 1 in 200 run5.ndpi,Annotation (germinal_center),0.0597
KI67 1 in 200 run5.ndpi,Annotation (germinal_center),0.0877
KI67 1 in 200 run5.ndpi,Annotation (germinal_center),0.0624
KI67 1 in 200 run5.ndpi,Annotation (germinal_center),0.0599
KI67 1 in 200 run5.ndpi,Annotation (germinal_center),0.0772
KI67 1 in 200 run5.ndpi,Annotation (germinal_center),0.0387
KI67 1 in 200 run5.ndpi,Annotation (germinal_center),0.062
KI67 1 in 200 run5.ndpi,Annotation (germinal_center),0.0756
KI67 1 in 200 run5.ndpi,Annotation (germinal_center),0.0341
KI67 1 in 200 run5.ndpi,Annotation (germinal_center),0.0509
KI67 1 in 200 run5.ndpi,Annotation (germinal_center),0.0597
KI67 1 in 200 run5.ndpi,Annotation (germinal_center),0.0529
KI67 1 in 200 run5.ndpi,Annotation (germinal_center),0.0556
KI67 1 in 200 run5.ndpi,Annotation (germinal_center),0.0921
KI67 1 in 200 run5.ndpi,Annotation (germinal_center),0.0407
KI67 1 in 200 run5.ndpi,Annotation (germinal_center),0.0427
KI67 1 in 200 run5.ndpi,Annotation (germinal_center),0.0588
KI67 1 in 200 run5.ndpi,Annotation (germinal_center),0.0626
KI67 1 in 200 run5.ndpi,Annotation (germinal_center),0.0343
KI67 1 in 200 run5.ndpi,Annotation (germinal_center),0.0423
KI67 1 in 200 run5.ndpi,Annotation (germinal_center),0.0593
KI67 1 in 200 run5.ndpi,Annotation (germinal_center),0.0541
KI67 1 in 200 run5.ndpi,Annotation (germinal_center),0.0543
KI67 1 in 200 run5.ndpi,Annotation (germinal_center),0.038
KI67 1 in 200 run5.ndpi,Annotation (germinal_center),0.0659
KI67 1 in 200 run5.ndpi,Annotation (germinal_center),0.0689
KI67 1 in 200 run5.ndpi,Annotation (germinal_center),0.0555
KI67 1 in 200 run5.ndpi,Annotation (germinal_center),0.0773
KI67 1 in 200 run5.ndpi,Annotation (germinal_center),0.0701
KI67 1 in 200 run5.ndpi,Annotation (germinal_center),0.0942
KI67 1 in 200 run5.ndpi,Annotation (germinal_center),0.0695
KI67 1 in 200 run5.ndpi,Annotation (germinal_center),0.0358
KI67 1 in 200 run5.ndpi,Annotation (germinal_center),0.0701
KI67 1 in 200 run5.ndpi,Annotation (germinal_center),0.0519
KI67 1 in 200 run5.ndpi,Annotation (germinal_center),0.0793
KI67 1 in 200 run5.ndpi,Annotation (germinal_center),0.085
KI67 1 in 200 run5.ndpi,Annotation (germinal_center),0.0365
KI67 1 in 200 run5.ndpi,Annotation (germinal_center),0.0786
KI67 1 in 200 run5.ndpi,Annotation (germinal_center),0.0205
KI67 1 in 200 run5.ndpi,Annotation (germinal_center),0.0607
KI67 1 in 200 run5.ndpi,Annotation (germinal_center),0.0499
KI67 1 in 200 run5.ndpi,Annotation (germinal_center),0.0485
KI67 1 in 200 run5.ndpi,Annotation (germinal_center),0.0577
KI67 1 in 200 run5.ndpi,Annotation (germinal_center),0.0353
KI67 1 in 200 run5.ndpi,Annotation (germinal_center),0.0337
KI67 1 in 200 run5.ndpi,Annotation (germinal_center),0.0405
KI67 1 in 200 run5.ndpi,Annotation (germinal_center),0.0435
KI67 1 in 200 run5.ndpi,Annotation (germinal_center),0.0896
KI67 1 in 200 run5.ndpi,Annotation (germinal_center),0.0515
KI67 1 in 200 run5.ndpi,Annotation (germinal_center),0.0477
KI67 1 in 200 run5.ndpi,Annotation (germinal_center),0.0362
KI67 1 in 200 run5.ndpi,Annotation (germinal_center),0.0404
KI67 1 in 200 run5.ndpi,Annotation (germinal_center),0.0423
KI67 1 in 200 run5.ndpi,Annotation (germinal_center),0.0622
KI67 1 in 200 run5.ndpi,Annotation (germinal_center),0.0448
KI67 1 in 200 run5.ndpi,Annotation (germinal_center),0.0488
KI67 1 in 200 run5.ndpi,Annotation (germinal_center),0.0673
KI67 1 in 200 run5.ndpi,Annotation (germinal_center),0.0289
KI67 1 in 200 run5.ndpi,Annotation (germinal_center),0.0252
KI67 1 in 200 run5.ndpi,Annotation (germinal_center),0.0525
KI67 1 in 200 run5.ndpi,Annotation (germinal_center),0.0602
KI67 1 in 200 run5.ndpi,Annotation (germinal_center),0.042
KI67 1 in 200 run5.ndpi,Annotation (germinal_center),0.0342
KI67 1 in 200 run5.ndpi,Annotation (germinal_center),0.0378
KI67 1 in 200 run5.ndpi,Annotation (germinal_center),0.0271
KI67 1 in 200 run5.ndpi,Annotation (germinal_center),0.0499
KI67 1 in 200 run5.ndpi,Annotation (germinal_center),0.0639
KI67 1 in 200 run5.ndpi,Annotation (germinal_center),0.0425
KI67 1 in 200 run5.ndpi,Annotation (germinal_center),0.0595
KI67 1 in 200 run5.ndpi,Annotation (germinal_center),0.0508
KI67 1 in 200 run5.ndpi,Annotation (germinal_center),0.0382
KI67 1 in 200 run5.ndpi,Annotation (germinal_center),0.0416
KI67 1 in 200 run5.ndpi,Annotation (germinal_center),0.0364
KI67 1 in 200 run5.ndpi,Annotation (germinal_center),0.0448
KI67 1 in 200 run5.ndpi,Annotation (germinal_center),
KI67 1 in 200 run5.ndpi,Annotation (germinal_center),0.0418
KI67 1 in 200 run5.ndpi,Annotation (germinal_center),0.0775
KI67 1 in 200 run5.ndpi,Annotation (germinal_center),0.0409
KI67 1 in 200 run5.ndpi,Annotation (germinal_center),0.0475
KI67 1 in 200 run5.ndpi,Annotation (germinal_center),0.0685
KI67 1 in 200 run5.ndpi,Annotation (germinal_center),0.0708
KI67 1 in 200 run5.ndpi,Annotation (germinal_center),0.0857
KI67 1 in 200 run5.ndpi,Annotation (germinal_center),0.0537
KI67 1 in 200 run5.ndpi,Annotation (germinal_center),0.0411
KI67 1 in 200 run5.ndpi,Annotation (germinal_center),0.084
KI67 1 in 200 run5.ndpi,Annotation (germinal_center),0.0331
KI67 1 in 200 run5.ndpi,Annotation (germinal_center),0.0381
KI67 1 in 200 run5.ndpi,Annotation (germinal_center),0.0562
KI67 1 in 200 run5.ndpi,Annotation (germinal_center),0.0711
KI67 1 in 200 run5.ndpi,Annotation (germinal_center),0.0426
KI67 1 in 200 run5.ndpi,Annotation (germinal_center),0.0613
KI67 1 in 200 run5.ndpi,Annotation (germinal_center),0.0348
KI67 1 in 200 run5.ndpi,Annotation (germinal_center),0.0817
KI67 1 in 200 run5.ndpi,Annotation (germinal_center),0.052
KI67 1 in 200 run5.ndpi,Annotation (germinal_center),0.0507
KI67 1 in 200 run5.ndpi,Annotation (germinal_center),0.0356
KI67 1 in 200 run5.ndpi,Annotation (germinal_center),0.0342
KI67 1 in 200 run5.ndpi,Annotation (germinal_center),0.0669
KI67 1 in 200 run5.ndpi,Annotation (germinal_center),0.0533
KI67 1 in 200 run5.ndpi,Annotation (germinal_center),0.0548
KI67 1 in 200 run5.ndpi,Annotation (germinal_center),0.0429
KI67 1 in 200 run5.ndpi,Annotation (germinal_center),0.0407
KI67 1 in 200 run5.ndpi,Annotation (germinal_center),0.0482
KI67 1 in 200 run5.ndpi,Annotation (germinal_center),0.0528
KI67 1 in 200 run5.ndpi,Annotation (germinal_center),0.1039
KI67 1 in 200 run5.ndpi,Annotation (germinal_center),0.0757
KI67 1 in 200 run5.ndpi,Annotation (germinal_center),0.0507
KI67 1 in 200 run5.ndpi,Annotation (germinal_center),0.0495
KI67 1 in 200 run5.ndpi,Annotation (germinal_center),0.0857
KI67 1 in 200 run5.ndpi,Annotation (germinal_center),0.0851
KI67 1 in 200 run5.ndpi,Annotation (germinal_center),0.0412
KI67 1 in 200 run5.ndpi,Annotation (germinal_center),0.0349
KI67 1 in 200 run5.ndpi,Annotation (germinal_center),0.0506
KI67 1 in 200 run5.ndpi,Annotation (germinal_center),0.0344
KI67 1 in 200 run5.ndpi,Annotation (germinal_center),0.0454
KI67 1 in 200 run5.ndpi,Annotation (germinal_center),0.0263
KI67 1 in 200 run5.ndpi,Annotation (germinal_center),0.089
KI67 1 in 200 run5.ndpi,Annotation (germinal_center),0.0362
KI67 1 in 200 run5.ndpi,Annotation (germinal_center),0.0495
KI67 1 in 200 run5.ndpi,Annotation (germinal_center),0.0455
KI67 1 in 200 run5.ndpi,Annotation (germinal_center),0.0416
KI67 1 in 200 run5.ndpi,Annotation (germinal_center),0.0308
KI67 1 in 200 run5.ndpi,Annotation (germinal_center),0.038
KI67 1 in 200 run5.ndpi,Annotation (germinal_center),0.0636
KI67 1 in 200 run5.ndpi,Annotation (germinal_center),0.047
KI67 1 in 200 run5.ndpi,Annotation (germinal_center),0.0603
KI67 1 in 200 run5.ndpi,Annotation (germinal_center),0.0483
KI67 1 in 200 run5.ndpi,Annotation (germinal_center),0.0895
KI67 1 in 200 run5.ndpi,Annotation (germinal_center),0.0576
KI67 1 in 200 run5.ndpi,Annotation (germinal_center),0.0527
KI67 1 in 200 run5.ndpi,Annotation (germinal_center),0.0313
KI67 1 in 200 run5.ndpi,Annotation (germinal_center),0.0338
KI67 1 in 200 run5.ndpi,Annotation (germinal_center),0.0405
KI67 1 in 200 run5.ndpi,Annotation (germinal_center),0.0554
KI67 1 in 200 run5.ndpi,Annotation (germinal_center),0.0313
KI67 1 in 200 run5.ndpi,Annotation (germinal_center),0.1147
KI67 1 in 200 run5.ndpi,Annotation (germinal_center),0.0765
KI67 1 in 200 run5.ndpi,Annotation (germinal_center),0.0795
KI67 1 in 200 run5.ndpi,Annotation (germinal_center),0.0503
KI67 1 in 200 run5.ndpi,Annotation (germinal_center),0.0514
KI67 1 in 200 run5.ndpi,Annotation (germinal_center),0.0617
KI67 1 in 200 run5.ndpi,Annotation (germinal_center),0.0557
KI67 1 in 200 run5.ndpi,Annotation (germinal_center),0.0763
KI67 1 in 200 run5.ndpi,Annotation (germinal_center),0.0644
KI67 1 in 200 run5.ndpi,Annotation (germinal_center),0.0611
KI67 1 in 200 run5.ndpi,Annotation (germinal_center),0.0654
KI67 1 in 200 run5.ndpi,Annotation (germinal_center),0.0454
KI67 1 in 200 run5.ndpi,Annotation (germinal_center),0.0542
KI67 1 in 200 run5.ndpi,Annotation (germinal_center),0.0608
KI67 1 in 200 run5.ndpi,Annotation (germinal_center),0.0583
KI67 1 in 200 run5.ndpi,Annotation (germinal_center),0.067
KI67 1 in 200 run5.ndpi,Annotation (germinal_center),0.0587
KI67 1 in 200 run5.ndpi,Annotation (germinal_center),0.0697
KI67 1 in 200 run5.ndpi,Annotation (germinal_center),0.0577
KI67 1 in 200 run5.ndpi,Annotation (germinal_center),0.0687
KI67 1 in 200 run5.ndpi,Annotation (germinal_center),0.0604
KI67 1 in 200 run5.ndpi,Annotation (germinal_center),0.0672
KI67 1 in 200 run5.ndpi,Annotation (germinal_center),0.0607
KI67 1 in 200 run5.ndpi,Annotation (germinal_center),0.0779
KI67 1 in 200 run5.ndpi,Annotation (germinal_center),0.0625
KI67 1 in 200 run5.ndpi,Annotation (germinal_center),0.0834
KI67 1 in 200 run5.ndpi,Annotation (germinal_center),0.032
KI67 1 in 200 run5.ndpi,Annotation (germinal_center),0.0272
KI67 1 in 200 run5.ndpi,Annotation (germinal_center),0.0506
KI67 1 in 200 run5.ndpi,Annotation (germinal_center),0.0667
KI67 1 in 200 run5.ndpi,Annotation (germinal_center),0.0546
KI67 1 in 200 run5.ndpi,Annotation (germinal_center),0.0696
KI67 1 in 200 run5.ndpi,Annotation (germinal_center),0.0651
KI67 1 in 200 run5.ndpi,Annotation (germinal_center),0.0642
KI67 1 in 200 run5.ndpi,Annotation (germinal_center),0.0938
KI67 1 in 200 run5.ndpi,Annotation (germinal_center),0.0684
KI67 1 in 200 run5.ndpi,Annotation (germinal_center),0.0752
KI67 1 in 200 run5.ndpi,Annotation (germinal_center),0.0719
KI67 1 in 200 run5.ndpi,Annotation (germinal_center),0.0575
KI67 1 in 200 run5.ndpi,Annotation (germinal_center),0.0547
KI67 1 in 200 run5.ndpi,Annotation (germinal_center),0.0615
KI67 1 in 200 run5.ndpi,Annotation (germinal_center),0.0718
KI67 1 in 200 run5.ndpi,Annotation (germinal_center),0.0488
KI67 1 in 200 run5.ndpi,Annotation (germinal_center),0.074
KI67 1 in 200 run5.ndpi,Annotation (germinal_center),0.0874
KI67 1 in 200 run5.ndpi,Annotation (germinal_center),0.0687
KI67 1 in 200 run5.ndpi,Annotation (germinal_center),0.0635
KI67 1 in 200 run5.ndpi,Annotation (germinal_center),0.063
KI67 1 in 200 run5.ndpi,Annotation (germinal_center),0.0638
KI67 1 in 200 run5.ndpi,Annotation (germinal_center),0.061
KI67 1 in 200 run5.ndpi,Annotation (germinal_center),0.0625
KI67 1 in 200 run5.ndpi,Annotation (germinal_center),0.0722
KI67 1 in 200 run5.ndpi,Annotation (germinal_center),0.0766
KI67 1 in 200 run5.ndpi,Annotation (germinal_center),0.0587
KI67 1 in 200 run5.ndpi,Annotation (germinal_center),0.0663
KI67 1 in 200 run5.ndpi,Annotation (germinal_center),0.0543
KI67 1 in 200 run5.ndpi,Annotation (germinal_center),0.0543
KI67 1 in 200 run5.ndpi,Annotation (germinal_center),0.0644
KI67 1 in 200 run5.ndpi,Annotation (germinal_center),0.0592
KI67 1 in 200 run5.ndpi,Annotation (germinal_center),0.0525
KI67 1 in 200 run5.ndpi,Annotation (germinal_center),0.0674
KI67 1 in 200 run5.ndpi,Annotation (germinal_center),0.0468
KI67 1 in 200 run5.ndpi,Annotation (germinal_center),0.0812
KI67 1 in 200 run5.ndpi,Annotation (germinal_center),0.0774
KI67 1 in 200 run5.ndpi,Annotation (germinal_center),0.0676
KI67 1 in 200 run5.ndpi,Annotation (germinal_center),0.0485
KI67 1 in 200 run5.ndpi,Annotation (germinal_center),0.0633
KI67 1 in 200 run5.ndpi,Annotation (germinal_center),0.0872
KI67 1 in 200 run5.ndpi,Annotation (germinal_center),0.0658
KI67 1 in 200 run5.ndpi,Annotation (germinal_center),0.0561
KI67 1 in 200 run5.ndpi,Annotation (germinal_center),0.055
KI67 1 in 200 run5.ndpi,Annotation (germinal_center),0.0326
KI67 1 in 200 run5.ndpi,Annotation (germinal_center),0.0691
KI67 1 in 200 run5.ndpi,Annotation (germinal_center),0.0664
KI67 1 in 200 run5.ndpi,Annotation (germinal_center),0.0908
KI67 1 in 200 run5.ndpi,Annotation (germinal_center),0.0713
KI67 1 in 200 run5.ndpi,Annotation (germinal_center),0.0653
KI67 1 in 200 run5.ndpi,Annotation (germinal_center),0.054
KI67 1 in 200 run5.ndpi,Annotation (germinal_center),0.0566
KI67 1 in 200 run5.ndpi,Annotation (germinal_center),0.0576
KI67 1 in 200 run5.ndpi,Annotation (germinal_center),0.034
KI67 1 in 200 run5.ndpi,Annotation (germinal_center),0.059
KI67 1 in 200 run5.ndpi,Annotation (germinal_center),0.06
KI67 1 in 200 run5.ndpi,Annotation (germinal_center),0.0493
KI67 1 in 200 run5.ndpi,Annotation (germinal_center),0.0717
KI67 1 in 200 run5.ndpi,Annotation (germinal_center),0.0704
KI67 1 in 200 run5.ndpi,Annotation (germinal_center),0.0788
KI67 1 in 200 run5.ndpi,Annotation (germinal_center),0.0576
KI67 1 in 200 run5.ndpi,Annotation (germinal_center),0.0551
KI67 1 in 200 run5.ndpi,Annotation (germinal_center),0.0383
KI67 1 in 200 run5.ndpi,Annotation (germinal_center),0.0595
KI67 1 in 200 run5.ndpi,Annotation (germinal_center),0.0598
KI67 1 in 200 run5.ndpi,Annotation (germinal_center),0.0487
KI67 1 in 200 run5.ndpi,Annotation (germinal_center),0.0696
KI67 1 in 200 run5.ndpi,Annotation (germinal_center),0.0627
KI67 1 in 200 run5.ndpi,Annotation (germinal_center),0.0655
KI67 1 in 200 run5.ndpi,Annotation (germinal_center),0.0622
KI67 1 in 200 run5.ndpi,Annotation (germinal_center),0.0673
KI67 1 in 200 run5.ndpi,Annotation (germinal_center),0.0748
KI67 1 in 200 run5.ndpi,Annotation (germinal_center),0.0561
KI67 1 in 200 run5.ndpi,Annotation (germinal_center),0.083
KI67 1 in 200 run5.ndpi,Annotation (germinal_center),0.0751
KI67 1 in 200 run5.ndpi,Annotation (germinal_center),0.0512
KI67 1 in 200 run5.ndpi,Annotation (germinal_center),0.0725
KI67 1 in 200 run5.ndpi,Annotation (germinal_center),0.0725
KI67 1 in 200 run5.ndpi,Annotation (germinal_center),0.0911
KI67 1 in 200 run5.ndpi,Annotation (germinal_center),0.0404
KI67 1 in 200 run5.ndpi,Annotation (germinal_center),0.0642
KI67 1 in 200 run5.ndpi,Annotation (germinal_center),0.0859
KI67 1 in 200 run5.ndpi,Annotation (germinal_center),0.0586
KI67 1 in 200 run5.ndpi,Annotation (germinal_center),0.0451
KI67 1 in 200 run5.ndpi,Annotation (germinal_center),0.0387
KI67 1 in 200 run5.ndpi,Annotation (germinal_center),0.031
KI67 1 in 200 run5.ndpi,Annotation (germinal_center),0.0694
KI67 1 in 200 run5.ndpi,Annotation (germinal_center),0.0614
KI67 1 in 200 run5.ndpi,Annotation (germinal_center),0.0355
KI67 1 in 200 run5.ndpi,Annotation (germinal_center),0.0517
KI67 1 in 200 run5.ndpi,Annotation (germinal_center),0.029
KI67 1 in 200 run5.ndpi,Annotation (germinal_center),0.0363
KI67 1 in 200 run5.ndpi,Annotation (germinal_center),0.091
KI67 1 in 200 run5.ndpi,Annotation (germinal_center),0.0372
KI67 1 in 200 run5.ndpi,Annotation (germinal_center),0.0849
KI67 1 in 200 run5.ndpi,Annotation (germinal_center),0.0483
KI67 1 in 200 run5.ndpi,Annotation (germinal_center),0.0447
KI67 1 in 200 run5.ndpi,Annotation (germinal_center),0.046
KI67 1 in 200 run5.ndpi,Annotation (germinal_center),0.0735
KI67 1 in 200 run5.ndpi,Annotation (germinal_center),0.0651
KI67 1 in 200 run5.ndpi,Annotation (germinal_center),0.0578
KI67 1 in 200 run5.ndpi,Annotation (germinal_center),0.0865
KI67 1 in 200 run5.ndpi,Annotation (germinal_center),0.0333
KI67 1 in 200 run5.ndpi,Annotation (germinal_center),0.0789
KI67 1 in 200 run5.ndpi,Annotation (germinal_center),0.0418
KI67 1 in 200 run5.ndpi,Annotation (germinal_center),0.0559
KI67 1 in 200 run5.ndpi,Annotation (germinal_center),0.0567
KI67 1 in 200 run5.ndpi,Annotation (germinal_center),0.0404
KI67 1 in 200 run5.ndpi,Annotation (germinal_center),0.0618
KI67 1 in 200 run5.ndpi,Annotation (germinal_center),0.0777
KI67 1 in 200 run5.ndpi,Annotation (germinal_center),0.0653
KI67 1 in 200 run5.ndpi,Annotation (germinal_center),0.0985
KI67 1 in 200 run5.ndpi,Annotation (germinal_center),0.0563
KI67 1 in 200 run5.ndpi,Annotation (germinal_center),0.0639
KI67 1 in 200 run5.ndpi,Annotation (germinal_center),0.0583
KI67 1 in 200 run5.ndpi,Annotation (germinal_center),0.0593
KI67 1 in 200 run5.ndpi,Annotation (germinal_center),0.0575
KI67 1 in 200 run5.ndpi,Annotation (germinal_center),0.0295
KI67 1 in 200 run5.ndpi,Annotation (germinal_center),0.1029
KI67 1 in 200 run5.ndpi,Annotation (germinal_center),0.0661
KI67 1 in 200 run5.ndpi,Annotation (germinal_center),0.0681
KI67 1 in 200 run5.ndpi,Annotation (germinal_center),0.0763
KI67 1 in 200 run5.ndpi,Annotation (germinal_center),0.0522
KI67 1 in 200 run5.ndpi,Annotation (germinal_center),0.0482
KI67 1 in 200 run5.ndpi,Annotation (germinal_center),0.0556
KI67 1 in 200 run5.ndpi,Annotation (germinal_center),0.0623
KI67 1 in 200 run5.ndpi,Annotation (germinal_center),0.0441
KI67 1 in 200 run5.ndpi,Annotation (germinal_center),0.0431
KI67 1 in 200 run5.ndpi,Annotation (germinal_center),0.0894
KI67 1 in 200 run5.ndpi,Annotation (germinal_center),0.0488
KI67 1 in 200 run5.ndpi,Annotation (germinal_center),0.0546
KI67 1 in 200 run5.ndpi,Annotation (germinal_center),0.0653
KI67 1 in 200 run5.ndpi,Annotation (germinal_center),0.0318
KI67 1 in 200 run5.ndpi,Annotation (germinal_center),0.0523
KI67 1 in 200 run5.ndpi,Annotation (germinal_center),0.0326
KI67 1 in 200 run5.ndpi,Annotation (germinal_center),0.0211
KI67 1 in 200 run5.ndpi,Annotation (germinal_center),0.0507
KI67 1 in 200 run5.ndpi,Annotation (germinal_center),0.0689
KI67 1 in 200 run5.ndpi,Annotation (germinal_center),0.0613
KI67 1 in 200 run5.ndpi,Annotation (germinal_center),0.035
KI67 1 in 200 run5.ndpi,Annotation (germinal_center),0.0452
KI67 1 in 200 run5.ndpi,Annotation (germinal_center),0.0896
KI67 1 in 200 run5.ndpi,Annotation (germinal_center),0.0687
KI67 1 in 200 run5.ndpi,Annotation (germinal_center),0.0441
KI67 1 in 200 run5.ndpi,Annotation (germinal_center),0.0423
KI67 1 in 200 run5.ndpi,Annotation (germinal_center),0.0603
KI67 1 in 200 run5.ndpi,Annotation (germinal_center),0.0622
KI67 1 in 200 run5.ndpi,Annotation (germinal_center),0.0325
KI67 1 in 200 run5.ndpi,Annotation (germinal_center),0.0687
KI67 1 in 200 run5.ndpi,Annotation (germinal_center),0.0425
KI67 1 in 200 run5.ndpi,Annotation (germinal_center),0.0348
KI67 1 in 200 run5.ndpi,Annotation (germinal_center),0.049
KI67 1 in 200 run5.ndpi,Annotation (germinal_center),0.0896
KI67 1 in 200 run5.ndpi,Annotation (germinal_center),0.0754
KI67 1 in 200 run5.ndpi,Annotation (germinal_center),0.0509
KI67 1 in 200 run5.ndpi,Annotation (germinal_center),0.0722
KI67 1 in 200 run5.ndpi,Annotation (germinal_center),0.047
KI67 1 in 200 run5.ndpi,Annotation (germinal_center),0.0573
KI67 1 in 200 run5.ndpi,Annotation (germinal_center),0.0738
KI67 1 in 200 run5.ndpi,Annotation (germinal_center),0.0358
KI67 1 in 200 run5.ndpi,Annotation (germinal_center),0.0386
KI67 1 in 200 run5.ndpi,Annotation (germinal_center),0.0388
KI67 1 in 200 run5.ndpi,Annotation (germinal_center),0.0279
KI67 1 in 200 run5.ndpi,Annotation (germinal_center),0.0418
KI67 1 in 200 run5.ndpi,Annotation (germinal_center),0.0383
KI67 1 in 200 run5.ndpi,Annotation (germinal_center),0.0492
KI67 1 in 200 run5.ndpi,Annotation (germinal_center),0.0517
KI67 1 in 200 run5.ndpi,Annotation (germinal_center),0.0398
KI67 1 in 200 run5.ndpi,Annotation (germinal_center),0.0462
KI67 1 in 200 run5.ndpi,Annotation (germinal_center),0.0293
KI67 1 in 200 run5.ndpi,Annotation (germinal_center),0.0703
KI67 1 in 200 run5.ndpi,Annotation (germinal_center),0.0953
KI67 1 in 200 run5.ndpi,Annotation (germinal_center),0.0414
KI67 1 in 200 run5.ndpi,Annotation (germinal_center),0.0483
KI67 1 in 200 run5.ndpi,Annotation (germinal_center),0.0513
KI67 1 in 200 run5.ndpi,Annotation (germinal_center),0.0519
KI67 1 in 200 run5.ndpi,Annotation (germinal_center),0.0385
KI67 1 in 200 run5.ndpi,Annotation (germinal_center),0.032
KI67 1 in 200 run5.ndpi,Annotation (germinal_center),0.0453
KI67 1 in 200 run5.ndpi,Annotation (germinal_center),0.0369
KI67 1 in 200 run5.ndpi,Annotation (germinal_center),0.0373
KI67 1 in 200 run5.ndpi,Annotation (germinal_center),0.0436
KI67 1 in 200 run5.ndpi,Annotation (germinal_center),0.0801
KI67 1 in 200 run5.ndpi,Annotation (germinal_center),0.033
KI67 1 in 200 run5.ndpi,Annotation (germinal_center),0.0805
KI67 1 in 200 run5.ndpi,Annotation (germinal_center),0.0562
KI67 1 in 200 run5.ndpi,Annotation (germinal_center),0.0451
KI67 1 in 200 run5.ndpi,Annotation (germinal_center),0.0647
KI67 1 in 200 run5.ndpi,Annotation (germinal_center),0.0442
KI67 1 in 200 run5.ndpi,Annotation (germinal_center),0.0836
KI67 1 in 200 run5.ndpi,Annotation (germinal_center),0.0517
KI67 1 in 200 run5.ndpi,Annotation (germinal_center),0.0577
KI67 1 in 200 run5.ndpi,Annotation (germinal_center),0.1009
KI67 1 in 200 run5.ndpi,Annotation (germinal_center),0.065
KI67 1 in 200 run5.ndpi,Annotation (germinal_center),0.0569
KI67 1 in 200 run5.ndpi,Annotation (germinal_center),0.0531
KI67 1 in 200 run5.ndpi,Annotation (germinal_center),0.0581
KI67 1 in 200 run5.ndpi,Annotation (germinal_center),0.0413
KI67 1 in 200 run5.ndpi,Annotation (germinal_center),0.0421
KI67 1 in 200 run5.ndpi,Annotation (germinal_center),0.0381
KI67 1 in 200 run5.ndpi,Annotation (germinal_center),0.0642
KI67 1 in 200 run5.ndpi,Annotation (germinal_center),0.039
KI67 1 in 200 run5.ndpi,Annotation (germinal_center),0.0431
KI67 1 in 200 run5.ndpi,Annotation (germinal_center),0.0711
KI67 1 in 200 run5.ndpi,Annotation (germinal_center),0.0601
KI67 1 in 200 run5.ndpi,Annotation (germinal_center),0.0366
KI67 1 in 200 run5.ndpi,Annotation (germinal_center),0.0461
KI67 1 in 200 run5.ndpi,Annotation (germinal_center),0.0373
KI67 1 in 200 run5.ndpi,Annotation (germinal_center),0.0625
KI67 1 in 200 run5.ndpi,Annotation (germinal_center),0.0551
KI67 1 in 200 run5.ndpi,Annotation (germinal_center),0.0573
KI67 1 in 200 run5.ndpi,Annotation (germinal_center),0.0794
KI67 1 in 200 run5.ndpi,Annotation (germinal_center),0.0429
KI67 1 in 200 run5.ndpi,Annotation (germinal_center),0.0398
KI67 1 in 200 run5.ndpi,Annotation (germinal_center),0.0539
KI67 1 in 200 run5.ndpi,Annotation (germinal_center),0.0405
KI67 1 in 200 run5.ndpi,Annotation (germinal_center),0.0352
KI67 1 in 200 run5.ndpi,Annotation (germinal_center),0.0678
KI67 1 in 200 run5.ndpi,Annotation (germinal_center),0.0615
KI67 1 in 200 run5.ndpi,Annotation (germinal_center),0.0369
KI67 1 in 200 run5.ndpi,Annotation (germinal_center),0.0392
KI67 1 in 200 run5.ndpi,Annotation (germinal_center),0.0544
KI67 1 in 200 run5.ndpi,Annotation (germinal_center),0.0421
KI67 1 in 200 run5.ndpi,Annotation (germinal_center),0.1172
KI67 1 in 200 run5.ndpi,Annotation (germinal_center),0.0435
KI67 1 in 200 run5.ndpi,Annotation (germinal_center),0.0767
KI67 1 in 200 run5.ndpi,Annotation (germinal_center),0.0641
KI67 1 in 200 run5.ndpi,Annotation (germinal_center),0.0496
KI67 1 in 200 run5.ndpi,Annotation (germinal_center),0.0597
KI67 1 in 200 run5.ndpi,Annotation (germinal_center),0.0432
KI67 1 in 200 run5.ndpi,Annotation (germinal_center),0.0518
KI67 1 in 200 run5.ndpi,Annotation (germinal_center),0.0582
KI67 1 in 200 run5.ndpi,Annotation (germinal_center),0.0394
KI67 1 in 200 run5.ndpi,Annotation (germinal_center),0.0293
KI67 1 in 200 run5.ndpi,Annotation (germinal_center),0.0518
KI67 1 in 200 run5.ndpi,Annotation (germinal_center),0.04
KI67 1 in 200 run5.ndpi,Annotation (germinal_center),0.058
KI67 1 in 200 run5.ndpi,Annotation (germinal_center),0.0439
KI67 1 in 200 run5.ndpi,Annotation (germinal_center),0.0465
KI67 1 in 200 run5.ndpi,Annotation (germinal_center),0.0504
KI67 1 in 200 run5.ndpi,Annotation (germinal_center),0.032
KI67 1 in 200 run5.ndpi,Annotation (germinal_center),0.0615
KI67 1 in 200 run5.ndpi,Annotation (germinal_center),0.073
KI67 1 in 200 run5.ndpi,Annotation (germinal_center),0.0499
KI67 1 in 200 run5.ndpi,Annotation (germinal_center),0.0431
KI67 1 in 200 run5.ndpi,Annotation (germinal_center),0.0492
KI67 1 in 200 run5.ndpi,Annotation (germinal_center),0.0605
KI67 1 in 200 run5.ndpi,Annotation (germinal_center),0.0693
KI67 1 in 200 run5.ndpi,Annotation (germinal_center),0.0423
KI67 1 in 200 run5.ndpi,Annotation (germinal_center),0.0533
KI67 1 in 200 run5.ndpi,Annotation (germinal_center),0.0555
KI67 1 in 200 run5.ndpi,Annotation (germinal_center),0.0625
KI67 1 in 200 run5.ndpi,Annotation (germinal_center),0.0562
KI67 1 in 200 run5.ndpi,Annotation (germinal_center),0.0527
KI67 1 in 200 run5.ndpi,Annotation (germinal_center),0.0422
KI67 1 in 200 run5.ndpi,Annotation (germinal_center),0.0425
KI67 1 in 200 run5.ndpi,Annotation (germinal_center),0.055
KI67 1 in 200 run5.ndpi,Annotation (germinal_center),0.0368
KI67 1 in 200 run5.ndpi,Annotation (germinal_center),0.0463
KI67 1 in 200 run5.ndpi,Annotation (germinal_center),0.0428
KI67 1 in 200 run5.ndpi,Annotation (germinal_center),0.0343
KI67 1 in 200 run5.ndpi,Annotation (germinal_center),0.0389
KI67 1 in 200 run5.ndpi,Annotation (germinal_center),0.0346
KI67 1 in 200 run5.ndpi,Annotation (germinal_center),0.041
KI67 1 in 200 run5.ndpi,Annotation (germinal_center),0.0519
KI67 1 in 200 run5.ndpi,Annotation (germinal_center),0.0456
KI67 1 in 200 run5.ndpi,Annotation (germinal_center),0.0416
KI67 1 in 200 run5.ndpi,Annotation (germinal_center),0.0611
KI67 1 in 200 run5.ndpi,Annotation (germinal_center),0.0555
KI67 1 in 200 run5.ndpi,Annotation (germinal_center),0.0591
KI67 1 in 200 run5.ndpi,Annotation (germinal_center),0.0539
KI67 1 in 200 run5.ndpi,Annotation (germinal_center),0.0633
KI67 1 in 200 run5.ndpi,Annotation (germinal_center),0.0439
KI67 1 in 200 run5.ndpi,Annotation (germinal_center),0.04
KI67 1 in 200 run5.ndpi,Annotation (germinal_center),0.0497
KI67 1 in 200 run5.ndpi,Annotation (germinal_center),0.0557
KI67 1 in 200 run5.ndpi,Annotation (germinal_center),0.064
KI67 1 in 200 run5.ndpi,Annotation (germinal_center),0.0352
KI67 1 in 200 run5.ndpi,Annotation (germinal_center),0.0494
KI67 1 in 200 run5.ndpi,Annotation (germinal_center),0.0415
KI67 1 in 200 run5.ndpi,Annotation (germinal_center),0.039
KI67 1 in 200 run5.ndpi,Annotation (germinal_center),0.0549
KI67 1 in 200 run5.ndpi,Annotation (germinal_center),0.0796
KI67 1 in 200 run5.ndpi,Annotation (germinal_center),0.0612
KI67 1 in 200 run5.ndpi,Annotation (germinal_center),0.0421
KI67 1 in 200 run5.ndpi,Annotation (germinal_center),0.079
KI67 1 in 200 run5.ndpi,Annotation (germinal_center),0.0641
KI67 1 in 200 run5.ndpi,Annotation (germinal_center),0.0372
KI67 1 in 200 run5.ndpi,Annotation (germinal_center),0.0412
KI67 1 in 200 run5.ndpi,Annotation (germinal_center),0.069
KI67 1 in 200 run5.ndpi,Annotation (germinal_center),0.073
KI67 1 in 200 run5.ndpi,Annotation (germinal_center),0.0794
KI67 1 in 200 run5.ndpi,Annotation (germinal_center),0.0457
KI67 1 in 200 run5.ndpi,Annotation (germinal_center),0.0389
KI67 1 in 200 run5.ndpi,Annotation (germinal_center),0.0426
KI67 1 in 200 run5.ndpi,Annotation (germinal_center),0.0682
KI67 1 in 200 run5.ndpi,Annotation (germinal_center),0.0479
KI67 1 in 200 run5.ndpi,Annotation (germinal_center),0.068
KI67 1 in 200 run5.ndpi,Annotation (germinal_center),0.0534
KI67 1 in 200 run5.ndpi,Annotation (germinal_center),0.0474
KI67 1 in 200 run5.ndpi,Annotation (germinal_center),0.0344
KI67 1 in 200 run5.ndpi,Annotation (germinal_center),0.0652
KI67 1 in 200 run5.ndpi,Annotation (germinal_center),0.0374
KI67 1 in 200 run5.ndpi,Annotation (germinal_center),0.041
KI67 1 in 200 run5.ndpi,Annotation (germinal_center),0.0478
KI67 1 in 200 run5.ndpi,Annotation (germinal_center),0.0888
KI67 1 in 200 run5.ndpi,Annotation (germinal_center),0.0601
KI67 1 in 200 run5.ndpi,Annotation (germinal_center),0.0355
KI67 1 in 200 run5.ndpi,Annotation (germinal_center),0.0497
KI67 1 in 200 run5.ndpi,Annotation (germinal_center),0.0364
KI67 1 in 200 run5.ndpi,Annotation (germinal_center),0.061
KI67 1 in 200 run5.ndpi,Annotation (germinal_center),0.0488
KI67 1 in 200 run5.ndpi,Annotation (germinal_center),0.0557
KI67 1 in 200 run5.ndpi,Annotation (germinal_center),0.0592
KI67 1 in 200 run5.ndpi,Annotation (germinal_center),0.0237
KI67 1 in 200 run5.ndpi,Annotation (germinal_center),0.0779
KI67 1 in 200 run5.ndpi,Annotation (germinal_center),0.0422
KI67 1 in 200 run5.ndpi,Annotation (germinal_center),0.0773
KI67 1 in 200 run5.ndpi,Annotation (germinal_center),0.0427
KI67 1 in 200 run5.ndpi,Annotation (germinal_center),0.0391
KI67 1 in 200 run5.ndpi,Annotation (germinal_center),0.0594
KI67 1 in 200 run5.ndpi,Annotation (germinal_center),0.0616
KI67 1 in 200 run5.ndpi,Annotation (germinal_center),0.0329
KI67 1 in 200 run5.ndpi,Annotation (germinal_center),0.0539
KI67 1 in 200 run5.ndpi,Annotation (germinal_center),0.0474
KI67 1 in 200 run5.ndpi,Annotation (germinal_center),0.0502
KI67 1 in 200 run5.ndpi,Annotation (germinal_center),0.0552
KI67 1 in 200 run5.ndpi,Annotation (germinal_center),0.0533
KI67 1 in 200 run5.ndpi,Annotation (germinal_center),0.0252
KI67 1 in 200 run5.ndpi,Annotation (germinal_center),0.0489
KI67 1 in 200 run5.ndpi,Annotation (germinal_center),0.042
KI67 1 in 200 run5.ndpi,Annotation (germinal_center),0.0491
KI67 1 in 200 run5.ndpi,Annotation (germinal_center),0.0465
KI67 1 in 200 run5.ndpi,Annotation (germinal_center),0.0428
KI67 1 in 200 run5.ndpi,Annotation (germinal_center),0.024
KI67 1 in 200 run5.ndpi,Annotation (germinal_center),0.0455
KI67 1 in 200 run5.ndpi,Annotation (germinal_center),0.0326
KI67 1 in 200 run5.ndpi,Annotation (germinal_center),0.071
KI67 1 in 200 run5.ndpi,Annotation (germinal_center),0.0569
KI67 1 in 200 run5.ndpi,Annotation (germinal_center),0.0349
KI67 1 in 200 run5.ndpi,Annotation (germinal_center),0.0675
KI67 1 in 200 run5.ndpi,Annotation (germinal_center),0.041
KI67 1 in 200 run5.ndpi,Annotation (germinal_center),0.0417
KI67 1 in 200 run5.ndpi,Annotation (germinal_center),0.0513
KI67 1 in 200 run5.ndpi,Annotation (germinal_center),0.0434
KI67 1 in 200 run5.ndpi,Annotation (germinal_center),0.035
KI67 1 in 200 run5.ndpi,Annotation (germinal_center),0.0539
KI67 1 in 200 run5.ndpi,Annotation (germinal_center),0.0773
KI67 1 in 200 run5.ndpi,Annotation (germinal_center),0.0271
KI67 1 in 200 run5.ndpi,Annotation (germinal_center),0.0339
KI67 1 in 200 run5.ndpi,Annotation (germinal_center),0.0571
KI67 1 in 200 run5.ndpi,Annotation (germinal_center),0.0456
KI67 1 in 200 run5.ndpi,Annotation (germinal_center),0.0686
KI67 1 in 200 run5.ndpi,Annotation (germinal_center),0.0442
KI67 1 in 200 run5.ndpi,Annotation (germinal_center),0.0531
KI67 1 in 200 run5.ndpi,Annotation (germinal_center),0.0491
KI67 1 in 200 run5.ndpi,Annotation (germinal_center),0.0594
KI67 1 in 200 run5.ndpi,Annotation (germinal_center),0.0488
KI67 1 in 200 run5.ndpi,Annotation (germinal_center),0.0482
KI67 1 in 200 run5.ndpi,Annotation (germinal_center),0.0518
KI67 1 in 200 run5.ndpi,Annotation (germinal_center),0.0307
KI67 1 in 200 run5.ndpi,Annotation (germinal_center),0.0582
KI67 1 in 200 run5.ndpi,Annotation (germinal_center),0.0805
KI67 1 in 200 run5.ndpi,Annotation (germinal_center),0.05
KI67 1 in 200 run5.ndpi,Annotation (germinal_center),0.0429
KI67 1 in 200 run5.ndpi,Annotation (germinal_center),0.0772
KI67 1 in 200 run5.ndpi,Annotation (germinal_center),0.0305
KI67 1 in 200 run5.ndpi,Annotation (germinal_center),0.0592
KI67 1 in 200 run5.ndpi,Annotation (germinal_center),0.0414
KI67 1 in 200 run5.ndpi,Annotation (germinal_center),0.0471
KI67 1 in 200 run5.ndpi,Annotation (germinal_center),0.0371
KI67 1 in 200 run5.ndpi,Annotation (germinal_center),0.0305
KI67 1 in 200 run5.ndpi,Annotation (germinal_center),0.0534
KI67 1 in 200 run5.ndpi,Annotation (germinal_center),0.0566
KI67 1 in 200 run5.ndpi,Annotation (germinal_center),0.0393
KI67 1 in 200 run5.ndpi,Annotation (germinal_center),0.0438
KI67 1 in 200 run5.ndpi,Annotation (germinal_center),0.058
KI67 1 in 200 run5.ndpi,Annotation (germinal_center),0.0489
KI67 1 in 200 run5.ndpi,Annotation (germinal_center),0.0509
KI67 1 in 200 run5.ndpi,Annotation (germinal_center),0.0468
KI67 1 in 200 run5.ndpi,Annotation (germinal_center),0.0371
KI67 1 in 200 run5.ndpi,Annotation (germinal_center),0.0353
KI67 1 in 200 run5.ndpi,Annotation (germinal_center),0.0576
KI67 1 in 200 run5.ndpi,Annotation (germinal_center),0.0586
KI67 1 in 200 run5.ndpi,Annotation (germinal_center),0.0469
KI67 1 in 200 run5.ndpi,Annotation (germinal_center),0.0338
KI67 1 in 200 run5.ndpi,Annotation (germinal_center),0.0455
KI67 1 in 200 run5.ndpi,Annotation (germinal_center),0.0505
KI67 1 in 200 run5.ndpi,Annotation (germinal_center),0.0625
KI67 1 in 200 run5.ndpi,Annotation (germinal_center),0.0362
KI67 1 in 200 run5.ndpi,Annotation (germinal_center),0.0374
KI67 1 in 200 run5.ndpi,Annotation (germinal_center),0.052
KI67 1 in 200 run5.ndpi,Annotation (germinal_center),0.0458
KI67 1 in 200 run5.ndpi,Annotation (germinal_center),0.0471
KI67 1 in 200 run5.ndpi,Annotation (germinal_center),0.0519
KI67 1 in 200 run5.ndpi,Annotation (germinal_center),0.0421
KI67 1 in 200 run5.ndpi,Annotation (germinal_center),0.0454
KI67 1 in 200 run5.ndpi,Annotation (germinal_center),0.0513
KI67 1 in 200 run5.ndpi,Annotation (germinal_center),0.029
KI67 1 in 200 run5.ndpi,Annotation (germinal_center),0.0413
KI67 1 in 200 run5.ndpi,Annotation (germinal_center),0.0556
KI67 1 in 200 run5.ndpi,Annotation (germinal_center),0.0319
KI67 1 in 200 run5.ndpi,Annotation (germinal_center),0.0834
KI67 1 in 200 run5.ndpi,Annotation (germinal_center),0.0662
KI67 1 in 200 run5.ndpi,Annotation (germinal_center),0.0669
KI67 1 in 200 run5.ndpi,Annotation (germinal_center),0.0573
KI67 1 in 200 run5.ndpi,Annotation (germinal_center),0.0608
KI67 1 in 200 run5.ndpi,Annotation (germinal_center),0.0428
KI67 1 in 200 run5.ndpi,Annotation (germinal_center),0.0453
KI67 1 in 200 run5.ndpi,Annotation (germinal_center),0.0465
KI67 1 in 200 run5.ndpi,Annotation (germinal_center),0.0568
KI67 1 in 200 run5.ndpi,Annotation (germinal_center),0.0781
KI67 1 in 200 run5.ndpi,Annotation (germinal_center),0.0366
KI67 1 in 200 run5.ndpi,Annotation (germinal_center),0.0368
KI67 1 in 200 run5.ndpi,Annotation (germinal_center),0.0493
KI67 1 in 200 run5.ndpi,Annotation (germinal_center),0.0526
KI67 1 in 200 run5.ndpi,Annotation (germinal_center),0.0363
KI67 1 in 200 run5.ndpi,Annotation (germinal_center),0.0432
KI67 1 in 200 run5.ndpi,Annotation (germinal_center),0.0397
KI67 1 in 200 run5.ndpi,Annotation (germinal_center),0.1284
KI67 1 in 200 run5.ndpi,Annotation (germinal_center),0.0381
KI67 1 in 200 run5.ndpi,Annotation (germinal_center),0.0162
KI67 1 in 200 run5.ndpi,Annotation (germinal_center),0.0492
KI67 1 in 200 run5.ndpi,Annotation (germinal_center),0.0371
KI67 1 in 200 run5.ndpi,Annotation (germinal_center),0.0564
KI67 1 in 200 run5.ndpi,Annotation (germinal_center),0.0807
KI67 1 in 200 run5.ndpi,Annotation (germinal_center),0.064
KI67 1 in 200 run5.ndpi,Annotation (germinal_center),0.0645
KI67 1 in 200 run5.ndpi,Annotation (germinal_center),0.0373
KI67 1 in 200 run5.ndpi,Annotation (germinal_center),0.0551
KI67 1 in 200 run5.ndpi,Annotation (germinal_center),0.0551
KI67 1 in 200 run5.ndpi,Annotation (germinal_center),0.0756
KI67 1 in 200 run5.ndpi,Annotation (germinal_center),0.0555
KI67 1 in 200 run5.ndpi,Annotation (germinal_center),0.0254
KI67 1 in 200 run5.ndpi,Annotation (germinal_center),0.0505
KI67 1 in 200 run5.ndpi,Annotation (germinal_center),0.0389
KI67 1 in 200 run5.ndpi,Annotation (germinal_center),0.0457
KI67 1 in 200 run5.ndpi,Annotation (germinal_center),0.0276
KI67 1 in 200 run5.ndpi,Annotation (germinal_center),0.0422
KI67 1 in 200 run5.ndpi,Annotation (germinal_center),0.0391
KI67 1 in 200 run5.ndpi,Annotation (germinal_center),0.05
KI67 1 in 200 run5.ndpi,Annotation (germinal_center),0.0449
KI67 1 in 200 run5.ndpi,Annotation (germinal_center),0.0327
KI67 1 in 200 run5.ndpi,Annotation (germinal_center),0.0289
KI67 1 in 200 run5.ndpi,Annotation (germinal_center),0.0442
KI67 1 in 200 run5.ndpi,Annotation (germinal_center),0.0393
KI67 1 in 200 run5.ndpi,Annotation (germinal_center),0.0617
KI67 1 in 200 run5.ndpi,Annotation (germinal_center),0.0376
KI67 1 in 200 run5.ndpi,Annotation (germinal_center),0.0654
KI67 1 in 200 run5.ndpi,Annotation (germinal_center),0.0572
KI67 1 in 200 run5.ndpi,Annotation (germinal_center),0.043
KI67 1 in 200 run5.ndpi,Annotation (germinal_center),0.0449
KI67 1 in 200 run5.ndpi,Annotation (germinal_center),0.0499
KI67 1 in 200 run5.ndpi,Annotation (germinal_center),0.0796
KI67 1 in 200 run5.ndpi,Annotation (germinal_center),0.0373
KI67 1 in 200 run5.ndpi,Annotation (germinal_center),0.0852
KI67 1 in 200 run5.ndpi,Annotation (germinal_center),0.0539
KI67 1 in 200 run5.ndpi,Annotation (germinal_center),0.0606
KI67 1 in 200 run5.ndpi,Annotation (germinal_center),0.0394
KI67 1 in 200 run5.ndpi,Annotation (germinal_center),0.0828
KI67 1 in 200 run5.ndpi,Annotation (germinal_center),0.077
KI67 1 in 200 run5.ndpi,Annotation (germinal_center),0.0639
KI67 1 in 200 run5.ndpi,Annotation (germinal_center),0.0566
KI67 1 in 200 run5.ndpi,Annotation (germinal_center),0.0534
KI67 1 in 200 run5.ndpi,Annotation (germinal_center),0.0574
KI67 1 in 200 run5.ndpi,Annotation (germinal_center),0.0645
KI67 1 in 200 run5.ndpi,Annotation (germinal_center),0.0811
KI67 1 in 200 run5.ndpi,Annotation (germinal_center),0.0482
KI67 1 in 200 run5.ndpi,Annotation (germinal_center),0.0414
KI67 1 in 200 run5.ndpi,Annotation (germinal_center),0.0378
KI67 1 in 200 run5.ndpi,Annotation (germinal_center),0.0599
KI67 1 in 200 run5.ndpi,Annotation (germinal_center),0.0509
KI67 1 in 200 run5.ndpi,Annotation (germinal_center),0.045
KI67 1 in 200 run5.ndpi,Annotation (germinal_center),0.0435
KI67 1 in 200 run5.ndpi,Annotation (germinal_center),0.0351
KI67 1 in 200 run5.ndpi,Annotation (germinal_center),0.0446
KI67 1 in 200 run5.ndpi,Annotation (germinal_center),0.0643
KI67 1 in 200 run5.ndpi,Annotation (germinal_center),0.0351
KI67 1 in 200 run5.ndpi,Annotation (germinal_center),0.057
KI67 1 in 200 run5.ndpi,Annotation (germinal_center),0.0361
KI67 1 in 200 run5.ndpi,Annotation (germinal_center),0.0446
KI67 1 in 200 run5.ndpi,Annotation (germinal_center),0.0392
KI67 1 in 200 run5.ndpi,Annotation (germinal_center),0.0471
KI67 1 in 200 run5.ndpi,Annotation (germinal_center),0.0602
KI67 1 in 200 run5.ndpi,Annotation (germinal_center),0.0351
KI67 1 in 200 run5.ndpi,Annotation (germinal_center),0.0611
KI67 1 in 200 run5.ndpi,Annotation (germinal_center),0.037
KI67 1 in 200 run5.ndpi,Annotation (germinal_center),0.0654
KI67 1 in 200 run5.ndpi,Annotation (germinal_center),0.0644
KI67 1 in 200 run5.ndpi,Annotation (germinal_center),0.0438
KI67 1 in 200 run5.ndpi,Annotation (germinal_center),0.0561
KI67 1 in 200 run5.ndpi,Annotation (germinal_center),0.0475
KI67 1 in 200 run5.ndpi,Annotation (germinal_center),0.0352
KI67 1 in 200 run5.ndpi,Annotation (germinal_center),0.0575
KI67 1 in 200 run5.ndpi,Annotation (germinal_center),0.0471
KI67 1 in 200 run5.ndpi,Annotation (germinal_center),0.0293
KI67 1 in 200 run5.ndpi,Annotation (germinal_center),0.0496
KI67 1 in 200 run5.ndpi,Annotation (germinal_center),0.0482
KI67 1 in 200 run5.ndpi,Annotation (germinal_center),0.0355
KI67 1 in 200 run5.ndpi,Annotation (germinal_center),0.0836
KI67 1 in 200 run5.ndpi,Annotation (germinal_center),0.0453
KI67 1 in 200 run5.ndpi,Annotation (germinal_center),0.0774
KI67 1 in 200 run5.ndpi,Annotation (germinal_center),0.0459
KI67 1 in 200 run5.ndpi,Annotation (germinal_center),0.0586
KI67 1 in 200 run5.ndpi,Annotation (germinal_center),0.0449
KI67 1 in 200 run5.ndpi,Annotation (germinal_center),0.0783
KI67 1 in 200 run5.ndpi,Annotation (germinal_center),0.0516
KI67 1 in 200 run5.ndpi,Annotation (germinal_center),0.0351
KI67 1 in 200 run5.ndpi,Annotation (germinal_center),0.0388
KI67 1 in 200 run5.ndpi,Annotation (germinal_center),0.0399
KI67 1 in 200 run5.ndpi,Annotation (germinal_center),0.0486
KI67 1 in 200 run5.ndpi,Annotation (germinal_center),0.0644
KI67 1 in 200 run5.ndpi,Annotation (germinal_center),0.0447
KI67 1 in 200 run5.ndpi,Annotation (germinal_center),0.077
KI67 1 in 200 run5.ndpi,Annotation (germinal_center),0.0741
KI67 1 in 200 run5.ndpi,Annotation (germinal_center),0.0379
KI67 1 in 200 run5.ndpi,Annotation (germinal_center),0.0355
KI67 1 in 200 run5.ndpi,Annotation (germinal_center),0.0653
KI67 1 in 200 run5.ndpi,Annotation (germinal_center),0.0821
KI67 1 in 200 run5.ndpi,Annotation (germinal_center),0.0498
KI67 1 in 200 run5.ndpi,Annotation (germinal_center),0.0566
KI67 1 in 200 run5.ndpi,Annotation (germinal_center),0.0736
KI67 1 in 200 run5.ndpi,Annotation (germinal_center),0.0472
KI67 1 in 200 run5.ndpi,Annotation (germinal_center),0.0561
KI67 1 in 200 run5.ndpi,Annotation (germinal_center),0.0488
KI67 1 in 200 run5.ndpi,Annotation (germinal_center),0.032
KI67 1 in 200 run5.ndpi,Annotation (germinal_center),0.08
KI67 1 in 200 run5.ndpi,Annotation (germinal_center),0.0527
KI67 1 in 200 run5.ndpi,Annotation (germinal_center),0.0448
KI67 1 in 200 run5.ndpi,Annotation (germinal_center),0.0446
KI67 1 in 200 run5.ndpi,Annotation (germinal_center),0.0461
KI67 1 in 200 run5.ndpi,Annotation (germinal_center),0.0375
KI67 1 in 200 run5.ndpi,Annotation (germinal_center),0.0578
KI67 1 in 200 run5.ndpi,Annotation (germinal_center),0.0555
KI67 1 in 200 run5.ndpi,Annotation (germinal_center),0.0483
KI67 1 in 200 run5.ndpi,Annotation (germinal_center),0.0383
KI67 1 in 200 run5.ndpi,Annotation (germinal_center),0.064
KI67 1 in 200 run5.ndpi,Annotation (germinal_center),0.0432
KI67 1 in 200 run5.ndpi,Annotation (germinal_center),0.0458
KI67 1 in 200 run5.ndpi,Annotation (germinal_center),0.0603
KI67 1 in 200 run5.ndpi,Annotation (germinal_center),0.0658
KI67 1 in 200 run5.ndpi,Annotation (germinal_center),0.0377
KI67 1 in 200 run5.ndpi,Annotation (germinal_center),0.0674
KI67 1 in 200 run5.ndpi,Annotation (germinal_center),0.0928
KI67 1 in 200 run5.ndpi,Annotation (germinal_center),0.0474
KI67 1 in 200 run5.ndpi,Annotation (germinal_center),0.0328
KI67 1 in 200 run5.ndpi,Annotation (germinal_center),0.0412
KI67 1 in 200 run5.ndpi,Annotation (germinal_center),0.0382
KI67 1 in 200 run5.ndpi,Annotation (germinal_center),0.0253
KI67 1 in 200 run5.ndpi,Annotation (germinal_center),0.0464
KI67 1 in 200 run5.ndpi,Annotation (germinal_center),0.0339
KI67 1 in 200 run5.ndpi,Annotation (germinal_center),0.047
KI67 1 in 200 run5.ndpi,Annotation (germinal_center),0.044
KI67 1 in 200 run5.ndpi,Annotation (germinal_center),0.0547
KI67 1 in 200 run5.ndpi,Annotation (germinal_center),0.0574
KI67 1 in 200 run5.ndpi,Annotation (germinal_center),0.0341
KI67 1 in 200 run5.ndpi,Annotation (germinal_center),0.0305
KI67 1 in 200 run5.ndpi,Annotation (germinal_center),0.0465
KI67 1 in 200 run5.ndpi,Annotation (germinal_center),0.0518
KI67 1 in 200 run5.ndpi,Annotation (germinal_center),0.0524
KI67 1 in 200 run5.ndpi,Annotation (germinal_center),0.0517
KI67 1 in 200 run5.ndpi,Annotation (germinal_center),0.0333
KI67 1 in 200 run5.ndpi,Annotation (germinal_center),0.0469
KI67 1 in 200 run5.ndpi,Annotation (germinal_center),0.0491
KI67 1 in 200 run5.ndpi,Annotation (germinal_center),0.0364
KI67 1 in 200 run5.ndpi,Annotation (germinal_center),0.0589
KI67 1 in 200 run5.ndpi,Annotation (germinal_center),0.0507
KI67 1 in 200 run5.ndpi,Annotation (germinal_center),0.041
KI67 1 in 200 run5.ndpi,Annotation (germinal_center),0.0817
KI67 1 in 200 run5.ndpi,Annotation (germinal_center),0.0564
KI67 1 in 200 run5.ndpi,Annotation (germinal_center),0.047
KI67 1 in 200 run5.ndpi,Annotation (germinal_center),0.0308
KI67 1 in 200 run5.ndpi,Annotation (germinal_center),0.0673
KI67 1 in 200 run5.ndpi,Annotation (germinal_center),0.0523
KI67 1 in 200 run5.ndpi,Annotation (germinal_center),0.0477
KI67 1 in 200 run5.ndpi,Annotation (germinal_center),0.0696
KI67 1 in 200 run5.ndpi,Annotation (germinal_center),0.0412
KI67 1 in 200 run5.ndpi,Annotation (germinal_center),0.0502
KI67 1 in 200 run5.ndpi,Annotation (germinal_center),0.0552
KI67 1 in 200 run5.ndpi,Annotation (germinal_center),0.0653
KI67 1 in 200 run5.ndpi,Annotation (germinal_center),0.0824
KI67 1 in 200 run5.ndpi,Annotation (germinal_center),0.0682
KI67 1 in 200 run5.ndpi,Annotation (germinal_center),0.0488
KI67 1 in 200 run5.ndpi,Annotation (germinal_center),0.0647
KI67 1 in 200 run5.ndpi,Annotation (germinal_center),0.0659
KI67 1 in 200 run5.ndpi,Annotation (germinal_center),0.0604
KI67 1 in 200 run5.ndpi,Annotation (germinal_center),0.0492
KI67 1 in 200 run5.ndpi,Annotation (germinal_center),0.0649
KI67 1 in 200 run5.ndpi,Annotation (germinal_center),0.0704
KI67 1 in 200 run5.ndpi,Annotation (germinal_center),0.0375
KI67 1 in 200 run5.ndpi,Annotation (germinal_center),0.0461
KI67 1 in 200 run5.ndpi,Annotation (germinal_center),0.061
KI67 1 in 200 run5.ndpi,Annotation (germinal_center),0.0464
KI67 1 in 200 run5.ndpi,Annotation (germinal_center),0.0376
KI67 1 in 200 run5.ndpi,Annotation (germinal_center),0.068
KI67 1 in 200 run5.ndpi,Annotation (germinal_center),0.082
KI67 1 in 200 run5.ndpi,Annotation (germinal_center),0.0556
KI67 1 in 200 run5.ndpi,Annotation (germinal_center),0.0618
KI67 1 in 200 run5.ndpi,Annotation (germinal_center),0.0658
KI67 1 in 200 run5.ndpi,Annotation (germinal_center),0.0383
KI67 1 in 200 run5.ndpi,Annotation (germinal_center),0.0369
KI67 1 in 200 run5.ndpi,Annotation (germinal_center),0.0396
KI67 1 in 200 run5.ndpi,Annotation (germinal_center),0.0481
KI67 1 in 200 run5.ndpi,Annotation (germinal_center),0.0382
KI67 1 in 200 run5.ndpi,Annotation (germinal_center),0.038
KI67 1 in 200 run5.ndpi,Annotation (germinal_center),0.046
KI67 1 in 200 run5.ndpi,Annotation (germinal_center),0.0518
KI67 1 in 200 run5.ndpi,Annotation (germinal_center),0.0341
KI67 1 in 200 run5.ndpi,Annotation (germinal_center),0.0518
KI67 1 in 200 run5.ndpi,Annotation (germinal_center),0.0499
KI67 1 in 200 run5.ndpi,Annotation (germinal_center),0.0436
KI67 1 in 200 run5.ndpi,Annotation (germinal_center),0.0429
KI67 1 in 200 run5.ndpi,Annotation (germinal_center),0.0395
KI67 1 in 200 run5.ndpi,Annotation (germinal_center),0.0638
KI67 1 in 200 run5.ndpi,Annotation (germinal_center),0.0659
KI67 1 in 200 run5.ndpi,Annotation (germinal_center),0.0709
KI67 1 in 200 run5.ndpi,Annotation (germinal_center),0.0451
KI67 1 in 200 run5.ndpi,Annotation (germinal_center),0.0613
KI67 1 in 200 run5.ndpi,Annotation (germinal_center),0.0669
KI67 1 in 200 run5.ndpi,Annotation (germinal_center),0.0481
KI67 1 in 200 run5.ndpi,Annotation (germinal_center),0.0459
KI67 1 in 200 run5.ndpi,Annotation (germinal_center),0.0406
KI67 1 in 200 run5.ndpi,Annotation (germinal_center),0.0345
KI67 1 in 200 run5.ndpi,Annotation (germinal_center),0.0474
KI67 1 in 200 run5.ndpi,Annotation (germinal_center),0.0442
KI67 1 in 200 run5.ndpi,Annotation (germinal_center),0.0371
KI67 1 in 200 run5.ndpi,Annotation (germinal_center),0.047
KI67 1 in 200 run5.ndpi,Annotation (germinal_center),0.0542
KI67 1 in 200 run5.ndpi,Annotation (germinal_center),0.0628
KI67 1 in 200 run5.ndpi,Annotation (germinal_center),0.0543
KI67 1 in 200 run5.ndpi,Annotation (germinal_center),0.0536
KI67 1 in 200 run5.ndpi,Annotation (germinal_center),0.0561
KI67 1 in 200 run5.ndpi,Annotation (germinal_center),0.0414
KI67 1 in 200 run5.ndpi,Annotation (germinal_center),0.0776
KI67 1 in 200 run5.ndpi,Annotation (germinal_center),0.0428
KI67 1 in 200 run5.ndpi,Annotation (germinal_center),0.0923
KI67 1 in 200 run5.ndpi,Annotation (germinal_center),0.07
KI67 1 in 200 run5.ndpi,Annotation (germinal_center),0.0565
KI67 1 in 200 run5.ndpi,Annotation (germinal_center),0.0897
KI67 1 in 200 run5.ndpi,Annotation (germinal_center),0.0301
KI67 1 in 200 run5.ndpi,Annotation (germinal_center),0.0438
KI67 1 in 200 run5.ndpi,Annotation (germinal_center),0.059
KI67 1 in 200 run5.ndpi,Annotation (germinal_center),0.0789
KI67 1 in 200 run5.ndpi,Annotation (germinal_center),0.042
KI67 1 in 200 run5.ndpi,Annotation (germinal_center),0.0753
KI67 1 in 200 run5.ndpi,Annotation (germinal_center),0.076
KI67 1 in 200 run5.ndpi,Annotation (germinal_center),0.0534
KI67 1 in 200 run5.ndpi,Annotation (germinal_center),0.059
KI67 1 in 200 run5.ndpi,Annotation (germinal_center),0.0591
KI67 1 in 200 run5.ndpi,Annotation (germinal_center),0.0401
KI67 1 in 200 run5.ndpi,Annotation (germinal_center),0.0361
KI67 1 in 200 run5.ndpi,Annotation (germinal_center),0.0391
KI67 1 in 200 run5.ndpi,Annotation (germinal_center),0.0454
KI67 1 in 200 run5.ndpi,Annotation (germinal_center),0.0455
KI67 1 in 200 run5.ndpi,Annotation (germinal_center),0.0383
KI67 1 in 200 run5.ndpi,Annotation (germinal_center),0.0634
KI67 1 in 200 run5.ndpi,Annotation (germinal_center),0.04
KI67 1 in 200 run5.ndpi,Annotation (germinal_center),0.0549
KI67 1 in 200 run5.ndpi,Annotation (germinal_center),0.077
KI67 1 in 200 run5.ndpi,Annotation (germinal_center),0.0555
KI67 1 in 200 run5.ndpi,Annotation (germinal_center),0.0348
KI67 1 in 200 run5.ndpi,Annotation (germinal_center),0.0402
KI67 1 in 200 run5.ndpi,Annotation (germinal_center),0.0491
KI67 1 in 200 run5.ndpi,Annotation (germinal_center),0.0597
KI67 1 in 200 run5.ndpi,Annotation (germinal_center),0.0639
KI67 1 in 200 run5.ndpi,Annotation (germinal_center),0.0552
KI67 1 in 200 run5.ndpi,Annotation (germinal_center),0.0493
KI67 1 in 200 run5.ndpi,Annotation (germinal_center),0.0599
KI67 1 in 200 run5.ndpi,Annotation (germinal_center),0.0475
KI67 1 in 200 run5.ndpi,Annotation (germinal_center),0.0469
KI67 1 in 200 run5.ndpi,Annotation (germinal_center),0.043
KI67 1 in 200 run5.ndpi,Annotation (germinal_center),0.0356
KI67 1 in 200 run5.ndpi,Annotation (germinal_center),0.0552
KI67 1 in 200 run5.ndpi,Annotation (germinal_center),0.0694
KI67 1 in 200 run5.ndpi,Annotation (germinal_center),0.0505
KI67 1 in 200 run5.ndpi,Annotation (germinal_center),0.057
KI67 1 in 200 run5.ndpi,Annotation (germinal_center),0.0756
KI67 1 in 200 run5.ndpi,Annotation (germinal_center),0.0469
KI67 1 in 200 run5.ndpi,Annotation (germinal_center),0.0533
KI67 1 in 200 run5.ndpi,Annotation (germinal_center),0.0331
KI67 1 in 200 run5.ndpi,Annotation (germinal_center),0.0472
KI67 1 in 200 run5.ndpi,Annotation (germinal_center),0.0467
KI67 1 in 200 run5.ndpi,Annotation (germinal_center),0.065
KI67 1 in 200 run5.ndpi,Annotation (germinal_center),0.0273
KI67 1 in 200 run5.ndpi,Annotation (germinal_center),0.0381
KI67 1 in 200 run5.ndpi,Annotation (germinal_center),0.0327
KI67 1 in 200 run5.ndpi,Annotation (germinal_center),0.0353
KI67 1 in 200 run5.ndpi,Annotation (germinal_center),0.0781
KI67 1 in 200 run5.ndpi,Annotation (germinal_center),0.0436
KI67 1 in 200 run5.ndpi,Annotation (germinal_center),0.0541
KI67 1 in 200 run5.ndpi,Annotation (germinal_center),0.0369
KI67 1 in 200 run5.ndpi,Annotation (germinal_center),0.0587
KI67 1 in 200 run5.ndpi,Annotation (germinal_center),0.0473
KI67 1 in 200 run5.ndpi,Annotation (germinal_center),0.0476
KI67 1 in 200 run5.ndpi,Annotation (germinal_center),0.0604
KI67 1 in 200 run5.ndpi,Annotation (germinal_center),0.07
KI67 1 in 200 run5.ndpi,Annotation (germinal_center),0.0421
KI67 1 in 200 run5.ndpi,Annotation (germinal_center),0.0639
KI67 1 in 200 run5.ndpi,Annotation (germinal_center),0.0426
KI67 1 in 200 run5.ndpi,Annotation (germinal_center),0.0618
KI67 1 in 200 run5.ndpi,Annotation (germinal_center),0.0515
KI67 1 in 200 run5.ndpi,Annotation (germinal_center),0.0568
KI67 1 in 200 run5.ndpi,Annotation (germinal_center),0.0406
KI67 1 in 200 run5.ndpi,Annotation (germinal_center),0.0568
KI67 1 in 200 run5.ndpi,Annotation (germinal_center),0.0568
KI67 1 in 200 run5.ndpi,Annotation (germinal_center),0.0702
KI67 1 in 200 run5.ndpi,Annotation (germinal_center),0.0772
KI67 1 in 200 run5.ndpi,Annotation (germinal_center),0.0377
KI67 1 in 200 run5.ndpi,Annotation (germinal_center),0.0579
KI67 1 in 200 run5.ndpi,Annotation (germinal_center),0.0314
KI67 1 in 200 run5.ndpi,Annotation (germinal_center),0.0583
KI67 1 in 200 run5.ndpi,Annotation (germinal_center),0.0596
KI67 1 in 200 run5.ndpi,Annotation (germinal_center),0.0595
KI67 1 in 200 run5.ndpi,Annotation (germinal_center),0.0669
KI67 1 in 200 run5.ndpi,Annotation (germinal_center),0.0459
KI67 1 in 200 run5.ndpi,Annotation (germinal_center),0.0332
KI67 1 in 200 run5.ndpi,Annotation (germinal_center),0.0367
KI67 1 in 200 run5.ndpi,Annotation (germinal_center),0.0511
KI67 1 in 200 run5.ndpi,Annotation (germinal_center),0.037
KI67 1 in 200 run5.ndpi,Annotation (germinal_center),0.0417
KI67 1 in 200 run5.ndpi,Annotation (germinal_center),0.0348
KI67 1 in 200 run5.ndpi,Annotation (germinal_center),0.037
KI67 1 in 200 run5.ndpi,Annotation (germinal_center),0.0659
KI67 1 in 200 run5.ndpi,Annotation (germinal_center),0.0777
KI67 1 in 200 run5.ndpi,Annotation (germinal_center),0.0487
KI67 1 in 200 run5.ndpi,Annotation (germinal_center),0.0369
KI67 1 in 200 run5.ndpi,Annotation (germinal_center),0.0507
KI67 1 in 200 run5.ndpi,Annotation (germinal_center),0.0476
KI67 1 in 200 run5.ndpi,Annotation (germinal_center),0.0594
KI67 1 in 200 run5.ndpi,Annotation (germinal_center),0.0454
KI67 1 in 200 run5.ndpi,Annotation (germinal_center),0.0492
KI67 1 in 200 run5.ndpi,Annotation (germinal_center),0.0387
KI67 1 in 200 run5.ndpi,Annotation (germinal_center),0.0635
KI67 1 in 200 run5.ndpi,Annotation (germinal_center),0.0629
KI67 1 in 200 run5.ndpi,Annotation (germinal_center),0.0319
KI67 1 in 200 run5.ndpi,Annotation (germinal_center),0.0271
KI67 1 in 200 run5.ndpi,Annotation (germinal_center),0.0262
KI67 1 in 200 run5.ndpi,Annotation (germinal_center),0.0379
KI67 1 in 200 run5.ndpi,Annotation (germinal_center),0.0526
KI67 1 in 200 run5.ndpi,Annotation (germinal_center),0.0449
KI67 1 in 200 run5.ndpi,Annotation (germinal_center),0.0314
KI67 1 in 200 run5.ndpi,Annotation (germinal_center),0.0474
KI67 1 in 200 run5.ndpi,Annotation (germinal_center),0.0517
KI67 1 in 200 run5.ndpi,Annotation (germinal_center),0.0324
KI67 1 in 200 run5.ndpi,Annotation (germinal_center),0.0418
KI67 1 in 200 run5.ndpi,Annotation (germinal_center),0.0663
KI67 1 in 200 run5.ndpi,Annotation (germinal_center),0.0307
KI67 1 in 200 run5.ndpi,Annotation (germinal_center),0.042
KI67 1 in 200 run5.ndpi,Annotation (germinal_center),0.0348
KI67 1 in 200 run5.ndpi,Annotation (germinal_center),0.0488
KI67 1 in 200 run5.ndpi,Annotation (germinal_center),0.0432
KI67 1 in 200 run5.ndpi,Annotation (germinal_center),0.0384
KI67 1 in 200 run5.ndpi,Annotation (germinal_center),0.0564
KI67 1 in 200 run5.ndpi,Annotation (germinal_center),0.0648
KI67 1 in 200 run5.ndpi,Annotation (germinal_center),0.0322
KI67 1 in 200 run5.ndpi,Annotation (germinal_center),0.0308
KI67 1 in 200 run5.ndpi,Annotation (germinal_center),0.052
KI67 1 in 200 run5.ndpi,Annotation (germinal_center),0.054
KI67 1 in 200 run5.ndpi,Annotation (germinal_center),0.0392
KI67 1 in 200 run5.ndpi,Annotation (germinal_center),0.0457
KI67 1 in 200 run5.ndpi,Annotation (germinal_center),0.0403
KI67 1 in 200 run5.ndpi,Annotation (germinal_center),0.0663
KI67 1 in 200 run5.ndpi,Annotation (germinal_center),0.0295
KI67 1 in 200 run5.ndpi,Annotation (germinal_center),0.0738
KI67 1 in 200 run5.ndpi,Annotation (germinal_center),0.0421
KI67 1 in 200 run5.ndpi,Annotation (germinal_center),0.0423
KI67 1 in 200 run5.ndpi,Annotation (germinal_center),0.0402
KI67 1 in 200 run5.ndpi,Annotation (germinal_center),0.0454
KI67 1 in 200 run5.ndpi,Annotation (germinal_center),0.0321
KI67 1 in 200 run5.ndpi,Annotation (germinal_center),0.0447
KI67 1 in 200 run5.ndpi,Annotation (germinal_center),0.0481
KI67 1 in 200 run5.ndpi,Annotation (germinal_center),0.027
KI67 1 in 200 run5.ndpi,Annotation (germinal_center),0.0346
KI67 1 in 200 run5.ndpi,Annotation (germinal_center),0.0286
KI67 1 in 200 run5.ndpi,Annotation (germinal_center),0.0577
KI67 1 in 200 run5.ndpi,Annotation (germinal_center),0.0359
KI67 1 in 200 run5.ndpi,Annotation (germinal_center),0.0404
KI67 1 in 200 run5.ndpi,Annotation (germinal_center),0.0339
KI67 1 in 200 run5.ndpi,Annotation (germinal_center),0.0409
KI67 1 in 200 run5.ndpi,Annotation (germinal_center),0.0332
KI67 1 in 200 run5.ndpi,Annotation (germinal_center),0.0335
KI67 1 in 200 run5.ndpi,Annotation (germinal_center),0.053
KI67 1 in 200 run5.ndpi,Annotation (germinal_center),0.0313
KI67 1 in 200 run5.ndpi,Annotation (germinal_center),0.0691
KI67 1 in 200 run5.ndpi,Annotation (germinal_center),0.0396
KI67 1 in 200 run5.ndpi,Annotation (germinal_center),0.0418
KI67 1 in 200 run5.ndpi,Annotation (germinal_center),0.0221
KI67 1 in 200 run5.ndpi,Annotation (germinal_center),0.0339
KI67 1 in 200 run5.ndpi,Annotation (germinal_center),0.0538
KI67 1 in 200 run5.ndpi,Annotation (germinal_center),0.0625
KI67 1 in 200 run5.ndpi,Annotation (germinal_center),0.0497
KI67 1 in 200 run5.ndpi,Annotation (germinal_center),0.0694
KI67 1 in 200 run5.ndpi,Annotation (germinal_center),0.0379
KI67 1 in 200 run5.ndpi,Annotation (germinal_center),0.0381
KI67 1 in 200 run5.ndpi,Annotation (germinal_center),0.0386
KI67 1 in 200 run5.ndpi,Annotation (germinal_center),0.0336
KI67 1 in 200 run5.ndpi,Annotation (germinal_center),0.0332
KI67 1 in 200 run5.ndpi,Annotation (germinal_center),0.0358
KI67 1 in 200 run5.ndpi,Annotation (germinal_center),0.0333
KI67 1 in 200 run5.ndpi,Annotation (germinal_center),0.0689
KI67 1 in 200 run5.ndpi,Annotation (germinal_center),0.0473
KI67 1 in 200 run5.ndpi,Annotation (germinal_center),0.0561
KI67 1 in 200 run5.ndpi,Annotation (germinal_center),0.0488
KI67 1 in 200 run5.ndpi,Annotation (germinal_center),0.039
KI67 1 in 200 run5.ndpi,Annotation (germinal_center),0.0294
KI67 1 in 200 run5.ndpi,Annotation (germinal_center),0.0379
KI67 1 in 200 run5.ndpi,Annotation (germinal_center),0.0476
KI67 1 in 200 run5.ndpi,Annotation (germinal_center),0.0344
KI67 1 in 200 run5.ndpi,Annotation (germinal_center),0.0445
KI67 1 in 200 run5.ndpi,Annotation (germinal_center),0.0275
KI67 1 in 200 run5.ndpi,Annotation (germinal_center),
KI67 1 in 200 run5.ndpi,Annotation (germinal_center),0.0477
KI67 1 in 200 run5.ndpi,Annotation (germinal_center),0.0861
KI67 1 in 200 run5.ndpi,Annotation (germinal_center),0.0727
KI67 1 in 200 run5.ndpi,Annotation (germinal_center),0.0709
KI67 1 in 200 run5.ndpi,Annotation (germinal_center),
KI67 1 in 200 run5.ndpi,Annotation (germinal_center),0.0638
KI67 1 in 200 run5.ndpi,Annotation (germinal_center),0.0673
KI67 1 in 200 run5.ndpi,Annotation (germinal_center),0.0697
KI67 1 in 200 run5.ndpi,Annotation (germinal_center),0.3889
KI67 1 in 200 run5.ndpi,Annotation (germinal_center),0.0859
KI67 1 in 200 run5.ndpi,Annotation (germinal_center),0.0677
KI67 1 in 200 run5.ndpi,Annotation (germinal_center),0.0532
KI67 1 in 200 run5.ndpi,Annotation (germinal_center),0.0666
KI67 1 in 200 run5.ndpi,Annotation (germinal_center),0.0643
KI67 1 in 200 run5.ndpi,Annotation (germinal_center),0.0957
KI67 1 in 200 run5.ndpi,Annotation (germinal_center),0.0591
KI67 1 in 200 run5.ndpi,Annotation (germinal_center),0.0817
KI67 1 in 200 run5.ndpi,Annotation (germinal_center),0.073
KI67 1 in 200 run5.ndpi,Annotation (germinal_center),0.0723
KI67 1 in 200 run5.ndpi,Annotation (germinal_center),0.0647
KI67 1 in 200 run5.ndpi,Annotation (germinal_center),0.0855
KI67 1 in 200 run5.ndpi,Annotation (germinal_center),0.1009
KI67 1 in 200 run5.ndpi,Annotation (germinal_center),0.0644
KI67 1 in 200 run5.ndpi,Annotation (germinal_center),0.0684
KI67 1 in 200 run5.ndpi,Annotation (germinal_center),0.063
KI67 1 in 200 run5.ndpi,Annotation (germinal_center),0.074
KI67 1 in 200 run5.ndpi,Annotation (germinal_center),0.0647
KI67 1 in 200 run5.ndpi,Annotation (germinal_center),0.074
KI67 1 in 200 run5.ndpi,Annotation (germinal_center),0.0668
KI67 1 in 200 run5.ndpi,Annotation (germinal_center),0.0547
KI67 1 in 200 run5.ndpi,Annotation (germinal_center),0.0704
KI67 1 in 200 run5.ndpi,Annotation (germinal_center),0.129
KI67 1 in 200 run5.ndpi,Annotation (germinal_center),0.0649
KI67 1 in 200 run5.ndpi,Annotation (germinal_center),0.0509
KI67 1 in 200 run5.ndpi,Annotation (germinal_center),0.0714
KI67 1 in 200 run5.ndpi,Annotation (germinal_center),0.0482
KI67 1 in 200 run5.ndpi,Annotation (germinal_center),0.0728
KI67 1 in 200 run5.ndpi,Annotation (germinal_center),0.0696
KI67 1 in 200 run5.ndpi,Annotation (germinal_center),0.0708
KI67 1 in 200 run5.ndpi,Annotation (germinal_center),0.0716
KI67 1 in 200 run5.ndpi,Annotation (germinal_center),0.073
KI67 1 in 200 run5.ndpi,Annotation (germinal_center),0.0893
KI67 1 in 200 run5.ndpi,Annotation (germinal_center),0.0651
KI67 1 in 200 run5.ndpi,Annotation (germinal_center),0.0625
KI67 1 in 200 run5.ndpi,Annotation (germinal_center),0.0791
KI67 1 in 200 run5.ndpi,Annotation (germinal_center),0.0771
KI67 1 in 200 run5.ndpi,Annotation (germinal_center),0.0769
KI67 1 in 200 run5.ndpi,Annotation (germinal_center),0.0766
KI67 1 in 200 run5.ndpi,Annotation (germinal_center),0.0411
KI67 1 in 200 run5.ndpi,Annotation (germinal_center),0.0939
KI67 1 in 200 run5.ndpi,Annotation (germinal_center),0.0806
KI67 1 in 200 run5.ndpi,Annotation (germinal_center),0.0758
KI67 1 in 200 run5.ndpi,Annotation (germinal_center),0.0609
KI67 1 in 200 run5.ndpi,Annotation (germinal_center),0.0832
KI67 1 in 200 run5.ndpi,Annotation (germinal_center),0.0649
KI67 1 in 200 run5.ndpi,Annotation (germinal_center),0.0864
KI67 1 in 200 run5.ndpi,Annotation (germinal_center),0.0665
KI67 1 in 200 run5.ndpi,Annotation (germinal_center),0.045
KI67 1 in 200 run5.ndpi,Annotation (germinal_center),0.0775
KI67 1 in 200 run5.ndpi,Annotation (germinal_center),0.0818
KI67 1 in 200 run5.ndpi,Annotation (germinal_center),0.1663
KI67 1 in 200 run5.ndpi,Annotation (germinal_center),0.0615
KI67 1 in 200 run5.ndpi,Annotation (germinal_center),0.0596
KI67 1 in 200 run5.ndpi,Annotation (germinal_center),0.053
KI67 1 in 200 run5.ndpi,Annotation (germinal_center),0.0598
KI67 1 in 200 run5.ndpi,Annotation (germinal_center),0.0935
KI67 1 in 200 run5.ndpi,Annotation (germinal_center),0.0694
KI67 1 in 200 run5.ndpi,Annotation (germinal_center),0.0605
KI67 1 in 200 run5.ndpi,Annotation (germinal_center),0.0595
KI67 1 in 200 run5.ndpi,Annotation (germinal_center),0.0523
KI67 1 in 200 run5.ndpi,Annotation (germinal_center),0.0744
KI67 1 in 200 run5.ndpi,Annotation (germinal_center),0.0616
KI67 1 in 200 run5.ndpi,Annotation (germinal_center),0.1037
KI67 1 in 200 run5.ndpi,Annotation (germinal_center),0.0654
KI67 1 in 200 run5.ndpi,Annotation (germinal_center),0.0546
KI67 1 in 200 run5.ndpi,Annotation (germinal_center),0.0669
KI67 1 in 200 run5.ndpi,Annotation (germinal_center),0.0687
KI67 1 in 200 run5.ndpi,Annotation (germinal_center),0.0657
KI67 1 in 200 run5.ndpi,Annotation (germinal_center),0.0557
KI67 1 in 200 run5.ndpi,Annotation (germinal_center),0.0618
KI67 1 in 200 run5.ndpi,Annotation (germinal_center),0.0665
KI67 1 in 200 run5.ndpi,Annotation (germinal_center),0.0722
KI67 1 in 200 run5.ndpi,Annotation (germinal_center),0.0713
KI67 1 in 200 run5.ndpi,Annotation (germinal_center),0.0743
KI67 1 in 200 run5.ndpi,Annotation (germinal_center),0.0368
KI67 1 in 200 run5.ndpi,Annotation (germinal_center),0.0528
KI67 1 in 200 run5.ndpi,Annotation (germinal_center),0.0649
KI67 1 in 200 run5.ndpi,Annotation (germinal_center),0.0548
KI67 1 in 200 run5.ndpi,Annotation (germinal_center),0.067
KI67 1 in 200 run5.ndpi,Annotation (germinal_center),0.052
KI67 1 in 200 run5.ndpi,Annotation (germinal_center),0.0584
KI67 1 in 200 run5.ndpi,Annotation (germinal_center),0.0539
KI67 1 in 200 run5.ndpi,Annotation (germinal_center),0.1979
KI67 1 in 200 run5.ndpi,Annotation (germinal_center),0.0604
KI67 1 in 200 run5.ndpi,Annotation (germinal_center),0.0601
KI67 1 in 200 run5.ndpi,Annotation (germinal_center),0.0537
KI67 1 in 200 run5.ndpi,Annotation (germinal_center),0.0601
KI67 1 in 200 run5.ndpi,Annotation (germinal_center),0.0622
KI67 1 in 200 run5.ndpi,Annotation (germinal_center),0.0472
KI67 1 in 200 run5.ndpi,Annotation (germinal_center),0.0709
KI67 1 in 200 run5.ndpi,Annotation (germinal_center),0.0361
KI67 1 in 200 run5.ndpi,Annotation (germinal_center),0.0563
KI67 1 in 200 run5.ndpi,Annotation (germinal_center),0.0686
KI67 1 in 200 run5.ndpi,Annotation (germinal_center),0.0507
KI67 1 in 200 run5.ndpi,Annotation (germinal_center),0.0749
KI67 1 in 200 run5.ndpi,Annotation (germinal_center),0.0478
KI67 1 in 200 run5.ndpi,Annotation (germinal_center),0.0574
KI67 1 in 200 run5.ndpi,Annotation (germinal_center),0.0609
KI67 1 in 200 run5.ndpi,Annotation (germinal_center),0.0439
KI67 1 in 200 run5.ndpi,Annotation (germinal_center),0.0759
KI67 1 in 200 run5.ndpi,Annotation (germinal_center),0.0627
KI67 1 in 200 run5.ndpi,Annotation (germinal_center),0.0641
KI67 1 in 200 run5.ndpi,Annotation (germinal_center),0.0532
KI67 1 in 200 run5.ndpi,Annotation (germinal_center),0.0636
KI67 1 in 200 run5.ndpi,Annotation (germinal_center),0.07
KI67 1 in 200 run5.ndpi,Annotation (germinal_center),0.0513
KI67 1 in 200 run5.ndpi,Annotation (germinal_center),0.0577
KI67 1 in 200 run5.ndpi,Annotation (germinal_center),0.031
KI67 1 in 200 run5.ndpi,Annotation (germinal_center),0.0613
KI67 1 in 200 run5.ndpi,Annotation (germinal_center),0.0921
KI67 1 in 200 run5.ndpi,Annotation (germinal_center),0.0587
KI67 1 in 200 run5.ndpi,Annotation (germinal_center),0.0503
KI67 1 in 200 run5.ndpi,Annotation (germinal_center),0.0617
KI67 1 in 200 run5.ndpi,Annotation (germinal_center),0.0674
KI67 1 in 200 run5.ndpi,Annotation (germinal_center),0.0487
KI67 1 in 200 run5.ndpi,Annotation (germinal_center),0.0329
KI67 1 in 200 run5.ndpi,Annotation (germinal_center),0.066
KI67 1 in 200 run5.ndpi,Annotation (germinal_center),0.0672
KI67 1 in 200 run5.ndpi,Annotation (germinal_center),0.0633
KI67 1 in 200 run5.ndpi,Annotation (germinal_center),0.0438
KI67 1 in 200 run5.ndpi,Annotation (germinal_center),0.0458
KI67 1 in 200 run5.ndpi,Annotation (germinal_center),0.0773
KI67 1 in 200 run5.ndpi,Annotation (germinal_center),0.0874
KI67 1 in 200 run5.ndpi,Annotation (germinal_center),0.0656
KI67 1 in 200 run5.ndpi,Annotation (germinal_center),0.0826
KI67 1 in 200 run5.ndpi,Annotation (germinal_center),0.0622
KI67 1 in 200 run5.ndpi,Annotation (germinal_center),0.0437
KI67 1 in 200 run5.ndpi,Annotation (germinal_center),0.0889
KI67 1 in 200 run5.ndpi,Annotation (germinal_center),0.0689
KI67 1 in 200 run5.ndpi,Annotation (germinal_center),0.0818
KI67 1 in 200 run5.ndpi,Annotation (germinal_center),0.0826
KI67 1 in 200 run5.ndpi,Annotation (germinal_center),0.0584
KI67 1 in 200 run5.ndpi,Annotation (germinal_center),0.0717
KI67 1 in 200 run5.ndpi,Annotation (germinal_center),0.0409
KI67 1 in 200 run5.ndpi,Annotation (germinal_center),0.056
KI67 1 in 200 run5.ndpi,Annotation (germinal_center),0.0677
KI67 1 in 200 run5.ndpi,Annotation (germinal_center),0.0758
KI67 1 in 200 run5.ndpi,Annotation (germinal_center),0.0743
KI67 1 in 200 run5.ndpi,Annotation (germinal_center),0.0498
KI67 1 in 200 run5.ndpi,Annotation (germinal_center),0.0463
KI67 1 in 200 run5.ndpi,Annotation (germinal_center),0.0553
KI67 1 in 200 run5.ndpi,Annotation (germinal_center),0.0683
KI67 1 in 200 run5.ndpi,Annotation (germinal_center),0.1039
KI67 1 in 200 run5.ndpi,Annotation (germinal_center),0.0989
KI67 1 in 200 run5.ndpi,Annotation (germinal_center),0.0513
KI67 1 in 200 run5.ndpi,Annotation (germinal_center),0.0499
KI67 1 in 200 run5.ndpi,Annotation (germinal_center),0.0766
KI67 1 in 200 run5.ndpi,Annotation (germinal_center),0.0702
KI67 1 in 200 run5.ndpi,Annotation (germinal_center),0.0689
KI67 1 in 200 run5.ndpi,Annotation (germinal_center),0.0669
KI67 1 in 200 run5.ndpi,Annotation (germinal_center),0.09
KI67 1 in 200 run5.ndpi,Annotation (germinal_center),0.0732
KI67 1 in 200 run5.ndpi,Annotation (germinal_center),0.0389
KI67 1 in 200 run5.ndpi,Annotation (germinal_center),0.0565
KI67 1 in 200 run5.ndpi,Annotation (germinal_center),0.0347
KI67 1 in 200 run5.ndpi,Annotation (germinal_center),0.0575
KI67 1 in 200 run5.ndpi,Annotation (germinal_center),0.0461
KI67 1 in 200 run5.ndpi,Annotation (germinal_center),0.0505
KI67 1 in 200 run5.ndpi,Annotation (germinal_center),0.0723
KI67 1 in 200 run5.ndpi,Annotation (germinal_center),0.0478
KI67 1 in 200 run5.ndpi,Annotation (germinal_center),0.0366
KI67 1 in 200 run5.ndpi,Annotation (germinal_center),0.053
KI67 1 in 200 run5.ndpi,Annotation (germinal_center),0.0545
KI67 1 in 200 run5.ndpi,Annotation (germinal_center),0.0737
KI67 1 in 200 run5.ndpi,Annotation (germinal_center),0.0421
KI67 1 in 200 run5.ndpi,Annotation (germinal_center),0.074
KI67 1 in 200 run5.ndpi,Annotation (germinal_center),0.0661
KI67 1 in 200 run5.ndpi,Annotation (germinal_center),0.0644
KI67 1 in 200 run5.ndpi,Annotation (germinal_center),0.0461
KI67 1 in 200 run5.ndpi,Annotation (germinal_center),0.0862
KI67 1 in 200 run5.ndpi,Annotation (germinal_center),0.0896
KI67 1 in 200 run5.ndpi,Annotation (germinal_center),0.0307
KI67 1 in 200 run5.ndpi,Annotation (germinal_center),0.0596
KI67 1 in 200 run5.ndpi,Annotation (germinal_center),0.0368
KI67 1 in 200 run5.ndpi,Annotation (germinal_center),0.0297
KI67 1 in 200 run5.ndpi,Annotation (germinal_center),0.061
KI67 1 in 200 run5.ndpi,Annotation (germinal_center),0.0479
KI67 1 in 200 run5.ndpi,Annotation (germinal_center),0.0781
KI67 1 in 200 run5.ndpi,Annotation (germinal_center),0.0684
KI67 1 in 200 run5.ndpi,Annotation (germinal_center),0.0685
KI67 1 in 200 run5.ndpi,Annotation (germinal_center),0.0524
KI67 1 in 200 run5.ndpi,Annotation (germinal_center),0.0772
KI67 1 in 200 run5.ndpi,Annotation (germinal_center),0.0588
KI67 1 in 200 run5.ndpi,Annotation (germinal_center),0.0652
KI67 1 in 200 run5.ndpi,Annotation (germinal_center),0.0669
KI67 1 in 200 run5.ndpi,Annotation (germinal_center),0.048
KI67 1 in 200 run5.ndpi,Annotation (germinal_center),0.0471
KI67 1 in 200 run5.ndpi,Annotation (germinal_center),0.0444
KI67 1 in 200 run5.ndpi,Annotation (germinal_center),0.0617
KI67 1 in 200 run5.ndpi,Annotation (germinal_center),0.0579
KI67 1 in 200 run5.ndpi,Annotation (germinal_center),0.0877
KI67 1 in 200 run5.ndpi,Annotation (germinal_center),0.0846
KI67 1 in 200 run5.ndpi,Annotation (germinal_center),0.0728
KI67 1 in 200 run5.ndpi,Annotation (germinal_center),0.0557
KI67 1 in 200 run5.ndpi,Annotation (germinal_center),0.0355
KI67 1 in 200 run5.ndpi,Annotation (germinal_center),0.0385
KI67 1 in 200 run5.ndpi,Annotation (germinal_center),0.0738
KI67 1 in 200 run5.ndpi,Annotation (germinal_center),0.0532
KI67 1 in 200 run5.ndpi,Annotation (germinal_center),0.044
KI67 1 in 200 run5.ndpi,Annotation (germinal_center),0.0378
KI67 1 in 200 run5.ndpi,Annotation (germinal_center),0.0577
KI67 1 in 200 run5.ndpi,Annotation (germinal_center),0.0508
KI67 1 in 200 run5.ndpi,Annotation (germinal_center),0.0709
KI67 1 in 200 run5.ndpi,Annotation (germinal_center),0.0559
KI67 1 in 200 run5.ndpi,Annotation (germinal_center),0.056
KI67 1 in 200 run5.ndpi,Annotation (germinal_center),0.0637
KI67 1 in 200 run5.ndpi,Annotation (germinal_center),0.0874
KI67 1 in 200 run5.ndpi,Annotation (germinal_center),0.0692
KI67 1 in 200 run5.ndpi,Annotation (germinal_center),0.0572
KI67 1 in 200 run5.ndpi,Annotation (germinal_center),0.0891
KI67 1 in 200 run5.ndpi,Annotation (germinal_center),0.0423
KI67 1 in 200 run5.ndpi,Annotation (germinal_center),0.0418
KI67 1 in 200 run5.ndpi,Annotation (germinal_center),0.0457
KI67 1 in 200 run5.ndpi,Annotation (germinal_center),0.0705
KI67 1 in 200 run5.ndpi,Annotation (germinal_center),0.0616
KI67 1 in 200 run5.ndpi,Annotation (germinal_center),0.0809
KI67 1 in 200 run5.ndpi,Annotation (germinal_center),0.0562
KI67 1 in 200 run5.ndpi,Annotation (germinal_center),0.0828
KI67 1 in 200 run5.ndpi,Annotation (germinal_center),0.0467
KI67 1 in 200 run5.ndpi,Annotation (germinal_center),0.0472
KI67 1 in 200 run5.ndpi,Annotation (germinal_center),0.0738
KI67 1 in 200 run5.ndpi,Annotation (germinal_center),0.0383
KI67 1 in 200 run5.ndpi,Annotation (germinal_center),0.0595
KI67 1 in 200 run5.ndpi,Annotation (germinal_center),0.072
KI67 1 in 200 run5.ndpi,Annotation (germinal_center),0.0407
KI67 1 in 200 run5.ndpi,Annotation (germinal_center),0.0516
KI67 1 in 200 run5.ndpi,Annotation (germinal_center),0.0596
KI67 1 in 200 run5.ndpi,Annotation (germinal_center),0.0553
KI67 1 in 200 run5.ndpi,Annotation (germinal_center),0.0661
KI67 1 in 200 run5.ndpi,Annotation (germinal_center),0.038
KI67 1 in 200 run5.ndpi,Annotation (germinal_center),0.0818
KI67 1 in 200 run5.ndpi,Annotation (germinal_center),0.072
KI67 1 in 200 run5.ndpi,Annotation (germinal_center),0.0377
KI67 1 in 200 run5.ndpi,Annotation (germinal_center),0.0561
KI67 1 in 200 run5.ndpi,Annotation (germinal_center),0.0587
KI67 1 in 200 run5.ndpi,Annotation (germinal_center),0.0622
KI67 1 in 200 run5.ndpi,Annotation (germinal_center),0.0411
KI67 1 in 200 run5.ndpi,Annotation (germinal_center),0.0491
KI67 1 in 200 run5.ndpi,Annotation (germinal_center),0.0398
KI67 1 in 200 run5.ndpi,Annotation (germinal_center),0.0484
KI67 1 in 200 run5.ndpi,Annotation (germinal_center),0.0657
KI67 1 in 200 run5.ndpi,Annotation (germinal_center),0.0443
KI67 1 in 200 run5.ndpi,Annotation (germinal_center),0.0351
KI67 1 in 200 run5.ndpi,Annotation (germinal_center),0.0643
KI67 1 in 200 run5.ndpi,Annotation (germinal_center),0.078
KI67 1 in 200 run5.ndpi,Annotation (germinal_center),0.0716
KI67 1 in 200 run5.ndpi,Annotation (germinal_center),0.0649
KI67 1 in 200 run5.ndpi,Annotation (germinal_center),0.0715
KI67 1 in 200 run5.ndpi,Annotation (germinal_center),0.038
KI67 1 in 200 run5.ndpi,Annotation (germinal_center),0.0584
KI67 1 in 200 run5.ndpi,Annotation (germinal_center),0.0651
KI67 1 in 200 run5.ndpi,Annotation (germinal_center),0.0492
KI67 1 in 200 run5.ndpi,Annotation (germinal_center),0.0809
KI67 1 in 200 run5.ndpi,Annotation (germinal_center),0.0502
KI67 1 in 200 run5.ndpi,Annotation (germinal_center),0.0395
KI67 1 in 200 run5.ndpi,Annotation (germinal_center),0.0442
KI67 1 in 200 run5.ndpi,Annotation (germinal_center),0.0725
KI67 1 in 200 run5.ndpi,Annotation (germinal_center),0.0444
KI67 1 in 200 run5.ndpi,Annotation (germinal_center),0.0458
KI67 1 in 200 run5.ndpi,Annotation (germinal_center),0.0385
KI67 1 in 200 run5.ndpi,Annotation (germinal_center),0.0524
KI67 1 in 200 run5.ndpi,Annotation (germinal_center),0.0365
KI67 1 in 200 run5.ndpi,Annotation (germinal_center),0.0292
KI67 1 in 200 run5.ndpi,Annotation (germinal_center),0.0586
KI67 1 in 200 run5.ndpi,Annotation (germinal_center),0.0414
KI67 1 in 200 run5.ndpi,Annotation (germinal_center),0.0534
KI67 1 in 200 run5.ndpi,Annotation (germinal_center),0.0378
KI67 1 in 200 run5.ndpi,Annotation (germinal_center),0.0467
KI67 1 in 200 run5.ndpi,Annotation (germinal_center),0.0455
KI67 1 in 200 run5.ndpi,Annotation (germinal_center),0.0625
KI67 1 in 200 run5.ndpi,Annotation (germinal_center),0.0698
KI67 1 in 200 run5.ndpi,Annotation (germinal_center),0.0423
KI67 1 in 200 run5.ndpi,Annotation (germinal_center),0.0614
KI67 1 in 200 run5.ndpi,Annotation (germinal_center),0.0304
KI67 1 in 200 run5.ndpi,Annotation (germinal_center),0.0534
KI67 1 in 200 run5.ndpi,Annotation (germinal_center),0.0566
KI67 1 in 200 run5.ndpi,Annotation (germinal_center),0.0795
KI67 1 in 200 run5.ndpi,Annotation (germinal_center),0.0467
KI67 1 in 200 run5.ndpi,Annotation (germinal_center),0.0724
KI67 1 in 200 run5.ndpi,Annotation (germinal_center),0.03
KI67 1 in 200 run5.ndpi,Annotation (germinal_center),0.0819
KI67 1 in 200 run5.ndpi,Annotation (germinal_center),0.0593
KI67 1 in 200 run5.ndpi,Annotation (germinal_center),0.0416
KI67 1 in 200 run5.ndpi,Annotation (germinal_center),0.0536
KI67 1 in 200 run5.ndpi,Annotation (germinal_center),0.0861
KI67 1 in 200 run5.ndpi,Annotation (germinal_center),0.0852
KI67 1 in 200 run5.ndpi,Annotation (germinal_center),0.0403
KI67 1 in 200 run5.ndpi,Annotation (germinal_center),0.042
KI67 1 in 200 run5.ndpi,Annotation (germinal_center),0.0588
KI67 1 in 200 run5.ndpi,Annotation (germinal_center),0.0624
KI67 1 in 200 run5.ndpi,Annotation (germinal_center),0.037
KI67 1 in 200 run5.ndpi,Annotation (germinal_center),0.0452
KI67 1 in 200 run5.ndpi,Annotation (germinal_center),0.0328
KI67 1 in 200 run5.ndpi,Annotation (germinal_center),0.0398
KI67 1 in 200 run5.ndpi,Annotation (germinal_center),0.0827
KI67 1 in 200 run5.ndpi,Annotation (germinal_center),0.0869
KI67 1 in 200 run5.ndpi,Annotation (germinal_center),0.0461
KI67 1 in 200 run5.ndpi,Annotation (germinal_center),0.0446
KI67 1 in 200 run5.ndpi,Annotation (germinal_center),0.0569
KI67 1 in 200 run5.ndpi,Annotation (germinal_center),0.0559
KI67 1 in 200 run5.ndpi,Annotation (germinal_center),0.0423
KI67 1 in 200 run5.ndpi,Annotation (germinal_center),0.047
KI67 1 in 200 run5.ndpi,Annotation (germinal_center),0.044
KI67 1 in 200 run5.ndpi,Annotation (germinal_center),0.0477
KI67 1 in 200 run5.ndpi,Annotation (germinal_center),0.0791
KI67 1 in 200 run5.ndpi,Annotation (germinal_center),0.0393
KI67 1 in 200 run5.ndpi,Annotation (germinal_center),0.0397
KI67 1 in 200 run5.ndpi,Annotation (germinal_center),0.0738
KI67 1 in 200 run5.ndpi,Annotation (germinal_center),0.0478
KI67 1 in 200 run5.ndpi,Annotation (germinal_center),0.0544
KI67 1 in 200 run5.ndpi,Annotation (germinal_center),0.0379
KI67 1 in 200 run5.ndpi,Annotation (germinal_center),0.09
KI67 1 in 200 run5.ndpi,Annotation (germinal_center),0.0397
KI67 1 in 200 run5.ndpi,Annotation (germinal_center),0.0509
KI67 1 in 200 run5.ndpi,Annotation (germinal_center),0.0583
KI67 1 in 200 run5.ndpi,Annotation (germinal_center),0.044
KI67 1 in 200 run5.ndpi,Annotation (germinal_center),0.0529
KI67 1 in 200 run5.ndpi,Annotation (germinal_center),0.0599
KI67 1 in 200 run5.ndpi,Annotation (germinal_center),0.0426
KI67 1 in 200 run5.ndpi,Annotation (germinal_center),0.048
KI67 1 in 200 run5.ndpi,Annotation (germinal_center),0.0511
KI67 1 in 200 run5.ndpi,Annotation (germinal_center),0.0621
KI67 1 in 200 run5.ndpi,Annotation (germinal_center),0.0268
KI67 1 in 200 run5.ndpi,Annotation (germinal_center),0.0809
KI67 1 in 200 run5.ndpi,Annotation (germinal_center),0.0418
KI67 1 in 200 run5.ndpi,Annotation (germinal_center),0.0383
KI67 1 in 200 run5.ndpi,Annotation (germinal_center),0.0536
KI67 1 in 200 run5.ndpi,Annotation (germinal_center),0.0464
KI67 1 in 200 run5.ndpi,Annotation (germinal_center),0.0416
KI67 1 in 200 run5.ndpi,Annotation (germinal_center),0.0403
KI67 1 in 200 run5.ndpi,Annotation (germinal_center),0.0384
KI67 1 in 200 run5.ndpi,Annotation (germinal_center),0.0516
KI67 1 in 200 run5.ndpi,Annotation (germinal_center),0.0385
KI67 1 in 200 run5.ndpi,Annotation (germinal_center),0.0569
KI67 1 in 200 run5.ndpi,Annotation (germinal_center),0.0742
KI67 1 in 200 run5.ndpi,Annotation (germinal_center),0.0299
KI67 1 in 200 run5.ndpi,Annotation (germinal_center),0.0593
KI67 1 in 200 run5.ndpi,Annotation (germinal_center),0.0494
KI67 1 in 200 run5.ndpi,Annotation (germinal_center),0.0787
KI67 1 in 200 run5.ndpi,Annotation (germinal_center),0.0473
KI67 1 in 200 run5.ndpi,Annotation (germinal_center),0.0575
KI67 1 in 200 run5.ndpi,Annotation (germinal_center),0.0438
KI67 1 in 200 run5.ndpi,Annotation (germinal_center),0.066
KI67 1 in 200 run5.ndpi,Annotation (germinal_center),0.0542
KI67 1 in 200 run5.ndpi,Annotation (germinal_center),0.0449
KI67 1 in 200 run5.ndpi,Annotation (germinal_center),0.0522
KI67 1 in 200 run5.ndpi,Annotation (germinal_center),0.0483
KI67 1 in 200 run5.ndpi,Annotation (germinal_center),0.0449
KI67 1 in 200 run5.ndpi,Annotation (germinal_center),0.0497
KI67 1 in 200 run5.ndpi,Annotation (germinal_center),0.0467
KI67 1 in 200 run5.ndpi,Annotation (germinal_center),0.0405
KI67 1 in 200 run5.ndpi,Annotation (germinal_center),0.0366
KI67 1 in 200 run5.ndpi,Annotation (germinal_center),0.0617
KI67 1 in 200 run5.ndpi,Annotation (germinal_center),0.0477
KI67 1 in 200 run5.ndpi,Annotation (germinal_center),0.0728
KI67 1 in 200 run5.ndpi,Annotation (germinal_center),0.0502
KI67 1 in 200 run5.ndpi,Annotation (germinal_center),0.0459
KI67 1 in 200 run5.ndpi,Annotation (germinal_center),0.0569
KI67 1 in 200 run5.ndpi,Annotation (germinal_center),0.0681
KI67 1 in 200 run5.ndpi,Annotation (germinal_center),0.0718
KI67 1 in 200 run5.ndpi,Annotation (germinal_center),0.0565
KI67 1 in 200 run5.ndpi,Annotation (germinal_center),0.0471
KI67 1 in 200 run5.ndpi,Annotation (germinal_center),0.0487
KI67 1 in 200 run5.ndpi,Annotation (germinal_center),0.0801
KI67 1 in 200 run5.ndpi,Annotation (germinal_center),0.0757
KI67 1 in 200 run5.ndpi,Annotation (germinal_center),0.0665
KI67 1 in 200 run5.ndpi,Annotation (germinal_center),0.0376
KI67 1 in 200 run5.ndpi,Annotation (germinal_center),0.0421
KI67 1 in 200 run5.ndpi,Annotation (germinal_center),0.0439
KI67 1 in 200 run5.ndpi,Annotation (germinal_center),0.0405
KI67 1 in 200 run5.ndpi,Annotation (germinal_center),0.0533
KI67 1 in 200 run5.ndpi,Annotation (germinal_center),0.0792
KI67 1 in 200 run5.ndpi,Annotation (germinal_center),0.0456
KI67 1 in 200 run5.ndpi,Annotation (germinal_center),0.0814
KI67 1 in 200 run5.ndpi,Annotation (germinal_center),0.0312
KI67 1 in 200 run5.ndpi,Annotation (germinal_center),0.0487
KI67 1 in 200 run5.ndpi,Annotation (germinal_center),0.0695
KI67 1 in 200 run5.ndpi,Annotation (germinal_center),0.0433
KI67 1 in 200 run5.ndpi,Annotation (germinal_center),0.0464
KI67 1 in 200 run5.ndpi,Annotation (germinal_center),0.0523
KI67 1 in 200 run5.ndpi,Annotation (germinal_center),0.0372
KI67 1 in 200 run5.ndpi,Annotation (germinal_center),0.0556
KI67 1 in 200 run5.ndpi,Annotation (germinal_center),0.0372
KI67 1 in 200 run5.ndpi,Annotation (germinal_center),0.0553
KI67 1 in 200 run5.ndpi,Annotation (germinal_center),0.0447
KI67 1 in 200 run5.ndpi,Annotation (germinal_center),0.0385
KI67 1 in 200 run5.ndpi,Annotation (germinal_center),0.0352
KI67 1 in 200 run5.ndpi,Annotation (germinal_center),0.0453
KI67 1 in 200 run5.ndpi,Annotation (germinal_center),0.0743
KI67 1 in 200 run5.ndpi,Annotation (germinal_center),0.0546
KI67 1 in 200 run5.ndpi,Annotation (germinal_center),0.0522
KI67 1 in 200 run5.ndpi,Annotation (germinal_center),0.0431
KI67 1 in 200 run5.ndpi,Annotation (germinal_center),0.0748
KI67 1 in 200 run5.ndpi,Annotation (germinal_center),0.0472
KI67 1 in 200 run5.ndpi,Annotation (germinal_center),0.0305
KI67 1 in 200 run5.ndpi,Annotation (germinal_center),0.0748
KI67 1 in 200 run5.ndpi,Annotation (germinal_center),0.0648
KI67 1 in 200 run5.ndpi,Annotation (germinal_center),0.0608
KI67 1 in 200 run5.ndpi,Annotation (germinal_center),0.0383
KI67 1 in 200 run5.ndpi,Annotation (germinal_center),0.0601
KI67 1 in 200 run5.ndpi,Annotation (germinal_center),0.0393
KI67 1 in 200 run5.ndpi,Annotation (germinal_center),0.0363
KI67 1 in 200 run5.ndpi,Annotation (germinal_center),0.0598
KI67 1 in 200 run5.ndpi,Annotation (germinal_center),0.0509
KI67 1 in 200 run5.ndpi,Annotation (germinal_center),0.0613
KI67 1 in 200 run5.ndpi,Annotation (germinal_center),0.0602
KI67 1 in 200 run5.ndpi,Annotation (germinal_center),0.0341
KI67 1 in 200 run5.ndpi,Annotation (germinal_center),0.052
KI67 1 in 200 run5.ndpi,Annotation (germinal_center),0.0538
KI67 1 in 200 run5.ndpi,Annotation (germinal_center),0.0671
KI67 1 in 200 run5.ndpi,Annotation (germinal_center),0.0563
KI67 1 in 200 run5.ndpi,Annotation (germinal_center),0.0383
KI67 1 in 200 run5.ndpi,Annotation (germinal_center),0.038
KI67 1 in 200 run5.ndpi,Annotation (germinal_center),0.0649
KI67 1 in 200 run5.ndpi,Annotation (germinal_center),0.0709
KI67 1 in 200 run5.ndpi,Annotation (germinal_center),0.0552
KI67 1 in 200 run5.ndpi,Annotation (germinal_center),0.0678
KI67 1 in 200 run5.ndpi,Annotation (germinal_center),0.0689
KI67 1 in 200 run5.ndpi,Annotation (germinal_center),0.0573
KI67 1 in 200 run5.ndpi,Annotation (germinal_center),0.0658
KI67 1 in 200 run5.ndpi,Annotation (germinal_center),0.044
KI67 1 in 200 run5.ndpi,Annotation (germinal_center),0.0647
KI67 1 in 200 run5.ndpi,Annotation (germinal_center),0.0562
KI67 1 in 200 run5.ndpi,Annotation (germinal_center),0.0437
KI67 1 in 200 run5.ndpi,Annotation (germinal_center),0.0477
KI67 1 in 200 run5.ndpi,Annotation (germinal_center),0.0368
KI67 1 in 200 run5.ndpi,Annotation (germinal_center),0.0521
KI67 1 in 200 run5.ndpi,Annotation (germinal_center),0.0446
KI67 1 in 200 run5.ndpi,Annotation (germinal_center),0.0786
KI67 1 in 200 run5.ndpi,Annotation (germinal_center),0.0688
KI67 1 in 200 run5.ndpi,Annotation (germinal_center),0.0323
KI67 1 in 200 run5.ndpi,Annotation (germinal_center),0.0412
KI67 1 in 200 run5.ndpi,Annotation (germinal_center),0.0391
KI67 1 in 200 run5.ndpi,Annotation (germinal_center),0.055
KI67 1 in 200 run5.ndpi,Annotation (germinal_center),0.04
KI67 1 in 200 run5.ndpi,Annotation (germinal_center),0.036
KI67 1 in 200 run5.ndpi,Annotation (germinal_center),0.0604
KI67 1 in 200 run5.ndpi,Annotation (germinal_center),0.0359
KI67 1 in 200 run5.ndpi,Annotation (germinal_center),0.0559
KI67 1 in 200 run5.ndpi,Annotation (germinal_center),0.0451
KI67 1 in 200 run5.ndpi,Annotation (germinal_center),0.0372
KI67 1 in 200 run5.ndpi,Annotation (germinal_center),0.0279
KI67 1 in 200 run5.ndpi,Annotation (germinal_center),0.0454
KI67 1 in 200 run5.ndpi,Annotation (germinal_center),0.0585
KI67 1 in 200 run5.ndpi,Annotation (germinal_center),0.0619
KI67 1 in 200 run5.ndpi,Annotation (germinal_center),0.0449
KI67 1 in 200 run5.ndpi,Annotation (germinal_center),0.029
KI67 1 in 200 run5.ndpi,Annotation (germinal_center),0.0543
KI67 1 in 200 run5.ndpi,Annotation (germinal_center),0.0559
KI67 1 in 200 run5.ndpi,Annotation (germinal_center),0.0714
KI67 1 in 200 run5.ndpi,Annotation (germinal_center),0.0424
KI67 1 in 200 run5.ndpi,Annotation (germinal_center),0.0763
KI67 1 in 200 run5.ndpi,Annotation (germinal_center),0.0623
KI67 1 in 200 run5.ndpi,Annotation (germinal_center),0.0613
KI67 1 in 200 run5.ndpi,Annotation (germinal_center),0.031
KI67 1 in 200 run5.ndpi,Annotation (germinal_center),0.0619
KI67 1 in 200 run5.ndpi,Annotation (germinal_center),0.0393
KI67 1 in 200 run5.ndpi,Annotation (germinal_center),0.0872
KI67 1 in 200 run5.ndpi,Annotation (germinal_center),0.0716
KI67 1 in 200 run5.ndpi,Annotation (germinal_center),0.0526
KI67 1 in 200 run5.ndpi,Annotation (germinal_center),0.0519
KI67 1 in 200 run5.ndpi,Annotation (germinal_center),0.0424
KI67 1 in 200 run5.ndpi,Annotation (germinal_center),0.0444
KI67 1 in 200 run5.ndpi,Annotation (germinal_center),0.0748
KI67 1 in 200 run5.ndpi,Annotation (germinal_center),0.041
KI67 1 in 200 run5.ndpi,Annotation (germinal_center),0.0325
KI67 1 in 200 run5.ndpi,Annotation (germinal_center),0.0779
KI67 1 in 200 run5.ndpi,Annotation (germinal_center),0.0495
KI67 1 in 200 run5.ndpi,Annotation (germinal_center),0.0403
KI67 1 in 200 run5.ndpi,Annotation (germinal_center),0.051
KI67 1 in 200 run5.ndpi,Annotation (germinal_center),0.0455
KI67 1 in 200 run5.ndpi,Annotation (germinal_center),0.0607
KI67 1 in 200 run5.ndpi,Annotation (germinal_center),0.0356
KI67 1 in 200 run5.ndpi,Annotation (germinal_center),0.0348
KI67 1 in 200 run5.ndpi,Annotation (germinal_center),0.0676
KI67 1 in 200 run5.ndpi,Annotation (germinal_center),0.0469
KI67 1 in 200 run5.ndpi,Annotation (germinal_center),0.0282
KI67 1 in 200 run5.ndpi,Annotation (germinal_center),0.0629
KI67 1 in 200 run5.ndpi,Annotation (germinal_center),0.0368
KI67 1 in 200 run5.ndpi,Annotation (germinal_center),0.0627
KI67 1 in 200 run5.ndpi,Annotation (germinal_center),0.0361
KI67 1 in 200 run5.ndpi,Annotation (germinal_center),0.0478
KI67 1 in 200 run5.ndpi,Annotation (germinal_center),0.0487
KI67 1 in 200 run5.ndpi,Annotation (germinal_center),0.0706
KI67 1 in 200 run5.ndpi,Annotation (germinal_center),0.048
KI67 1 in 200 run5.ndpi,Annotation (germinal_center),0.044
KI67 1 in 200 run5.ndpi,Annotation (germinal_center),0.0446
KI67 1 in 200 run5.ndpi,Annotation (germinal_center),0.0419
KI67 1 in 200 run5.ndpi,Annotation (germinal_center),0.0398
KI67 1 in 200 run5.ndpi,Annotation (germinal_center),0.0964
KI67 1 in 200 run5.ndpi,Annotation (germinal_center),0.0386
KI67 1 in 200 run5.ndpi,Annotation (germinal_center),0.0412
KI67 1 in 200 run5.ndpi,Annotation (germinal_center),0.0358
KI67 1 in 200 run5.ndpi,Annotation (germinal_center),0.05
KI67 1 in 200 run5.ndpi,Annotation (germinal_center),0.0504
KI67 1 in 200 run5.ndpi,Annotation (germinal_center),0.0601
KI67 1 in 200 run5.ndpi,Annotation (germinal_center),0.0621
KI67 1 in 200 run5.ndpi,Annotation (germinal_center),0.065
KI67 1 in 200 run5.ndpi,Annotation (germinal_center),0.0456
KI67 1 in 200 run5.ndpi,Annotation (germinal_center),0.0542
KI67 1 in 200 run5.ndpi,Annotation (germinal_center),0.0357
KI67 1 in 200 run5.ndpi,Annotation (germinal_center),0.0362
KI67 1 in 200 run5.ndpi,Annotation (germinal_center),0.0635
KI67 1 in 200 run5.ndpi,Annotation (germinal_center),0.0417
KI67 1 in 200 run5.ndpi,Annotation (germinal_center),0.0627
KI67 1 in 200 run5.ndpi,Annotation (germinal_center),0.0562
KI67 1 in 200 run5.ndpi,Annotation (germinal_center),0.0527
KI67 1 in 200 run5.ndpi,Annotation (germinal_center),0.0435
KI67 1 in 200 run5.ndpi,Annotation (germinal_center),0.073
KI67 1 in 200 run5.ndpi,Annotation (germinal_center),0.0894
KI67 1 in 200 run5.ndpi,Annotation (germinal_center),0.0402
KI67 1 in 200 run5.ndpi,Annotation (germinal_center),0.039
KI67 1 in 200 run5.ndpi,Annotation (germinal_center),0.0494
KI67 1 in 200 run5.ndpi,Annotation (germinal_center),0.0553
KI67 1 in 200 run5.ndpi,Annotation (germinal_center),0.0398
KI67 1 in 200 run5.ndpi,Annotation (germinal_center),0.0586
KI67 1 in 200 run5.ndpi,Annotation (germinal_center),0.0353
KI67 1 in 200 run5.ndpi,Annotation (germinal_center),0.0555
KI67 1 in 200 run5.ndpi,Annotation (germinal_center),0.0442
KI67 1 in 200 run5.ndpi,Annotation (germinal_center),0.0347
KI67 1 in 200 run5.ndpi,Annotation (germinal_center),0.0409
KI67 1 in 200 run5.ndpi,Annotation (germinal_center),0.0512
KI67 1 in 200 run5.ndpi,Annotation (germinal_center),0.0447
KI67 1 in 200 run5.ndpi,Annotation (germinal_center),0.0563
KI67 1 in 200 run5.ndpi,Annotation (germinal_center),0.0516
KI67 1 in 200 run5.ndpi,Annotation (germinal_center),0.0266
KI67 1 in 200 run5.ndpi,Annotation (germinal_center),0.0475
KI67 1 in 200 run5.ndpi,Annotation (germinal_center),0.033
KI67 1 in 200 run5.ndpi,Annotation (germinal_center),0.0376
KI67 1 in 200 run5.ndpi,Annotation (germinal_center),0.0493
KI67 1 in 200 run5.ndpi,Annotation (germinal_center),0.0347
KI67 1 in 200 run5.ndpi,Annotation (germinal_center),0.058
KI67 1 in 200 run5.ndpi,Annotation (germinal_center),0.037
KI67 1 in 200 run5.ndpi,Annotation (germinal_center),0.056
KI67 1 in 200 run5.ndpi,Annotation (germinal_center),0.0499
KI67 1 in 200 run5.ndpi,Annotation (germinal_center),0.0418
KI67 1 in 200 run5.ndpi,Annotation (germinal_center),0.0392
KI67 1 in 200 run5.ndpi,Annotation (germinal_center),0.031
KI67 1 in 200 run5.ndpi,Annotation (germinal_center),0.0984
KI67 1 in 200 run5.ndpi,Annotation (germinal_center),0.0694
KI67 1 in 200 run5.ndpi,Annotation (germinal_center),0.044
KI67 1 in 200 run5.ndpi,Annotation (germinal_center),0.0727
KI67 1 in 200 run5.ndpi,Annotation (germinal_center),0.0517
KI67 1 in 200 run5.ndpi,Annotation (germinal_center),0.055
KI67 1 in 200 run5.ndpi,Annotation (germinal_center),0.0438
KI67 1 in 200 run5.ndpi,Annotation (germinal_center),0.0363
KI67 1 in 200 run5.ndpi,Annotation (germinal_center),0.0431
KI67 1 in 200 run5.ndpi,Annotation (germinal_center),0.0589
KI67 1 in 200 run5.ndpi,Annotation (germinal_center),0.0498
KI67 1 in 200 run5.ndpi,Annotation (germinal_center),0.0455
KI67 1 in 200 run5.ndpi,Annotation (germinal_center),0.0514
KI67 1 in 200 run5.ndpi,Annotation (germinal_center),0.0618
KI67 1 in 200 run5.ndpi,Annotation (germinal_center),0.0724
KI67 1 in 200 run5.ndpi,Annotation (germinal_center),0.0455
KI67 1 in 200 run5.ndpi,Annotation (germinal_center),0.0416
KI67 1 in 200 run5.ndpi,Annotation (germinal_center),0.0391
KI67 1 in 200 run5.ndpi,Annotation (germinal_center),0.0644
KI67 1 in 200 run5.ndpi,Annotation (germinal_center),0.0666
KI67 1 in 200 run5.ndpi,Annotation (germinal_center),0.0639
KI67 1 in 200 run5.ndpi,Annotation (germinal_center),0.0586
KI67 1 in 200 run5.ndpi,Annotation (germinal_center),0.0453
KI67 1 in 200 run5.ndpi,Annotation (germinal_center),0.0403
KI67 1 in 200 run5.ndpi,Annotation (germinal_center),0.0575
KI67 1 in 200 run5.ndpi,Annotation (germinal_center),0.0649
KI67 1 in 200 run5.ndpi,Annotation (germinal_center),0.0352
KI67 1 in 200 run5.ndpi,Annotation (germinal_center),0.0675
KI67 1 in 200 run5.ndpi,Annotation (germinal_center),0.0694
KI67 1 in 200 run5.ndpi,Annotation (germinal_center),0.0531
KI67 1 in 200 run5.ndpi,Annotation (germinal_center),0.0416
KI67 1 in 200 run5.ndpi,Annotation (germinal_center),0.0583
KI67 1 in 200 run5.ndpi,Annotation (germinal_center),0.0425
KI67 1 in 200 run5.ndpi,Annotation (germinal_center),0.0563
KI67 1 in 200 run5.ndpi,Annotation (germinal_center),0.057
KI67 1 in 200 run5.ndpi,Annotation (germinal_center),0.0367
KI67 1 in 200 run5.ndpi,Annotation (germinal_center),0.0603
KI67 1 in 200 run5.ndpi,Annotation (germinal_center),0.0566
KI67 1 in 200 run5.ndpi,Annotation (germinal_center),0.0468
KI67 1 in 200 run5.ndpi,Annotation (germinal_center),0.0545
KI67 1 in 200 run5.ndpi,Annotation (germinal_center),0.0532
KI67 1 in 200 run5.ndpi,Annotation (germinal_center),0.046
KI67 1 in 200 run5.ndpi,Annotation (germinal_center),0.1345
KI67 1 in 200 run5.ndpi,Annotation (germinal_center),0.093
KI67 1 in 200 run5.ndpi,Annotation (germinal_center),0.0457
KI67 1 in 200 run5.ndpi,Annotation (germinal_center),0.0443
KI67 1 in 200 run5.ndpi,Annotation (germinal_center),0.0344
KI67 1 in 200 run5.ndpi,Annotation (germinal_center),0.0471
KI67 1 in 200 run5.ndpi,Annotation (germinal_center),0.0362
KI67 1 in 200 run5.ndpi,Annotation (germinal_center),0.0295
KI67 1 in 200 run5.ndpi,Annotation (germinal_center),0.0785
KI67 1 in 200 run5.ndpi,Annotation (germinal_center),0.0449
KI67 1 in 200 run5.ndpi,Annotation (germinal_center),0.0477
KI67 1 in 200 run5.ndpi,Annotation (germinal_center),0.0459
KI67 1 in 200 run5.ndpi,Annotation (germinal_center),0.0558
KI67 1 in 200 run5.ndpi,Annotation (germinal_center),0.0436
KI67 1 in 200 run5.ndpi,Annotation (germinal_center),0.0404
KI67 1 in 200 run5.ndpi,Annotation (germinal_center),0.0469
KI67 1 in 200 run5.ndpi,Annotation (germinal_center),0.0413
KI67 1 in 200 run5.ndpi,Annotation (germinal_center),0.0805
KI67 1 in 200 run5.ndpi,Annotation (germinal_center),0.0455
KI67 1 in 200 run5.ndpi,Annotation (germinal_center),0.0448
KI67 1 in 200 run5.ndpi,Annotation (germinal_center),0.0602
KI67 1 in 200 run5.ndpi,Annotation (germinal_center),0.0322
KI67 1 in 200 run5.ndpi,Annotation (germinal_center),0.0531
KI67 1 in 200 run5.ndpi,Annotation (germinal_center),0.0717
KI67 1 in 200 run5.ndpi,Annotation (germinal_center),0.0442
KI67 1 in 200 run5.ndpi,Annotation (germinal_center),0.0317
KI67 1 in 200 run5.ndpi,Annotation (germinal_center),0.0529
KI67 1 in 200 run5.ndpi,Annotation (germinal_center),0.0452
KI67 1 in 200 run5.ndpi,Annotation (germinal_center),0.0288
KI67 1 in 200 run5.ndpi,Annotation (germinal_center),0.0381
KI67 1 in 200 run5.ndpi,Annotation (germinal_center),0.0662
KI67 1 in 200 run5.ndpi,Annotation (germinal_center),0.0322
KI67 1 in 200 run5.ndpi,Annotation (germinal_center),0.0807
KI67 1 in 200 run5.ndpi,Annotation (germinal_center),0.0624
KI67 1 in 200 run5.ndpi,Annotation (germinal_center),0.041
KI67 1 in 200 run5.ndpi,Annotation (germinal_center),0.0295
KI67 1 in 200 run5.ndpi,Annotation (germinal_center),0.0498
KI67 1 in 200 run5.ndpi,Annotation (germinal_center),0.0456
KI67 1 in 200 run5.ndpi,Annotation (germinal_center),0.0629
KI67 1 in 200 run5.ndpi,Annotation (germinal_center),0.0351
KI67 1 in 200 run5.ndpi,Annotation (germinal_center),0.0202
KI67 1 in 200 run5.ndpi,Annotation (germinal_center),0.0374
KI67 1 in 200 run5.ndpi,Annotation (germinal_center),0.0511
KI67 1 in 200 run5.ndpi,Annotation (germinal_center),0.061
KI67 1 in 200 run5.ndpi,Annotation (germinal_center),0.0316
KI67 1 in 200 run5.ndpi,Annotation (germinal_center),0.0405
KI67 1 in 200 run5.ndpi,Annotation (germinal_center),0.0439
KI67 1 in 200 run5.ndpi,Annotation (germinal_center),0.0484
KI67 1 in 200 run5.ndpi,Annotation (germinal_center),0.0583
KI67 1 in 200 run5.ndpi,Annotation (germinal_center),0.0517
KI67 1 in 200 run5.ndpi,Annotation (germinal_center),0.0443
KI67 1 in 200 run5.ndpi,Annotation (germinal_center),0.0419
KI67 1 in 200 run5.ndpi,Annotation (germinal_center),0.0468
KI67 1 in 200 run5.ndpi,Annotation (germinal_center),0.0346
KI67 1 in 200 run5.ndpi,Annotation (germinal_center),0.0442
KI67 1 in 200 run5.ndpi,Annotation (germinal_center),0.0405
KI67 1 in 200 run5.ndpi,Annotation (germinal_center),0.0436
KI67 1 in 200 run5.ndpi,Annotation (germinal_center),0.0447
KI67 1 in 200 run5.ndpi,Annotation (germinal_center),0.0164
KI67 1 in 200 run5.ndpi,Annotation (germinal_center),0.0497
KI67 1 in 200 run5.ndpi,Annotation (germinal_center),0.0509
KI67 1 in 200 run5.ndpi,Annotation (germinal_center),0.0385
KI67 1 in 200 run5.ndpi,Annotation (germinal_center),0.0915
KI67 1 in 200 run5.ndpi,Annotation (germinal_center),0.0323
KI67 1 in 200 run5.ndpi,Annotation (germinal_center),0.0297
KI67 1 in 200 run5.ndpi,Annotation (germinal_center),0.0549
KI67 1 in 200 run5.ndpi,Annotation (germinal_center),0.0825
KI67 1 in 200 run5.ndpi,Annotation (germinal_center),0.0594
KI67 1 in 200 run5.ndpi,Annotation (germinal_center),0.0518
KI67 1 in 200 run5.ndpi,Annotation (germinal_center),0.0244
KI67 1 in 200 run5.ndpi,Annotation (germinal_center),0.0451
KI67 1 in 200 run5.ndpi,Annotation (germinal_center),0.04
KI67 1 in 200 run5.ndpi,Annotation (germinal_center),0.0301
KI67 1 in 200 run5.ndpi,Annotation (germinal_center),0.0408
KI67 1 in 200 run5.ndpi,Annotation (germinal_center),0.0318
KI67 1 in 200 run5.ndpi,Annotation (germinal_center),0.086
KI67 1 in 200 run5.ndpi,Annotation (germinal_center),0.0403
KI67 1 in 200 run5.ndpi,Annotation (germinal_center),0.045
KI67 1 in 200 run5.ndpi,Annotation (germinal_center),0.0497
KI67 1 in 200 run5.ndpi,Annotation (germinal_center),0.079
KI67 1 in 200 run5.ndpi,Annotation (germinal_center),0.0478
KI67 1 in 200 run5.ndpi,Annotation (germinal_center),0.0471
KI67 1 in 200 run5.ndpi,Annotation (germinal_center),0.0514
KI67 1 in 200 run5.ndpi,Annotation (germinal_center),0.0329
KI67 1 in 200 run5.ndpi,Annotation (germinal_center),0.0471
KI67 1 in 200 run5.ndpi,Annotation (germinal_center),0.0561
KI67 1 in 200 run5.ndpi,Annotation (germinal_center),0.0452
KI67 1 in 200 run5.ndpi,Annotation (germinal_center),0.0495
KI67 1 in 200 run5.ndpi,Annotation (germinal_center),0.0637
KI67 1 in 200 run5.ndpi,Annotation (germinal_center),0.0438
KI67 1 in 200 run5.ndpi,Annotation (germinal_center),0.0369
KI67 1 in 200 run5.ndpi,Annotation (germinal_center),0.0597
KI67 1 in 200 run5.ndpi,Annotation (germinal_center),0.037
KI67 1 in 200 run5.ndpi,Annotation (germinal_center),0.0506
KI67 1 in 200 run5.ndpi,Annotation (germinal_center),0.07
KI67 1 in 200 run5.ndpi,Annotation (germinal_center),0.0583
KI67 1 in 200 run5.ndpi,Annotation (germinal_center),0.059
KI67 1 in 200 run5.ndpi,Annotation (germinal_center),0.0637
KI67 1 in 200 run5.ndpi,Annotation (germinal_center),0.0514
KI67 1 in 200 run5.ndpi,Annotation (germinal_center),0.0408
KI67 1 in 200 run5.ndpi,Annotation (germinal_center),0.0657
KI67 1 in 200 run5.ndpi,Annotation (germinal_center),0.0563
KI67 1 in 200 run5.ndpi,Annotation (germinal_center),0.0347
KI67 1 in 200 run5.ndpi,Annotation (germinal_center),0.039
KI67 1 in 200 run5.ndpi,Annotation (germinal_center),0.0305
KI67 1 in 200 run5.ndpi,Annotation (germinal_center),0.0474
KI67 1 in 200 run5.ndpi,Annotation (germinal_center),0.0396
KI67 1 in 200 run5.ndpi,Annotation (germinal_center),0.0432
KI67 1 in 200 run5.ndpi,Annotation (germinal_center),0.0459
KI67 1 in 200 run5.ndpi,Annotation (germinal_center),0.0486
KI67 1 in 200 run5.ndpi,Annotation (germinal_center),0.038
KI67 1 in 200 run5.ndpi,Annotation (germinal_center),0.051
KI67 1 in 200 run5.ndpi,Annotation (germinal_center),0.058
KI67 1 in 200 run5.ndpi,Annotation (germinal_center),0.041
KI67 1 in 200 run5.ndpi,Annotation (germinal_center),0.0479
KI67 1 in 200 run5.ndpi,Annotation (germinal_center),0.0891
KI67 1 in 200 run5.ndpi,Annotation (germinal_center),0.0504
KI67 1 in 200 run5.ndpi,Annotation (germinal_center),0.0636
KI67 1 in 200 run5.ndpi,Annotation (germinal_center),0.0276
KI67 1 in 200 run5.ndpi,Annotation (germinal_center),0.0672
KI67 1 in 200 run5.ndpi,Annotation (germinal_center),0.0471
KI67 1 in 200 run5.ndpi,Annotation (germinal_center),0.0449
KI67 1 in 200 run5.ndpi,Annotation (germinal_center),0.0586
KI67 1 in 200 run5.ndpi,Annotation (germinal_center),0.0441
KI67 1 in 200 run5.ndpi,Annotation (germinal_center),0.1964
KI67 1 in 200 run5.ndpi,Annotation (germinal_center),0.0604
KI67 1 in 200 run5.ndpi,Annotation (germinal_center),0.0405
KI67 1 in 200 run5.ndpi,Annotation (germinal_center),0.0458
KI67 1 in 200 run5.ndpi,Annotation (germinal_center),0.0811
KI67 1 in 200 run5.ndpi,Annotation (germinal_center),0.045
KI67 1 in 200 run5.ndpi,Annotation (germinal_center),0.0487
KI67 1 in 200 run5.ndpi,Annotation (germinal_center),0.0566
KI67 1 in 200 run5.ndpi,Annotation (germinal_center),0.0728
KI67 1 in 200 run5.ndpi,Annotation (germinal_center),0.0331
KI67 1 in 200 run5.ndpi,Annotation (germinal_center),0.0571
KI67 1 in 200 run5.ndpi,Annotation (germinal_center),0.0328
KI67 1 in 200 run5.ndpi,Annotation (germinal_center),0.0375
KI67 1 in 200 run5.ndpi,Annotation (germinal_center),0.0514
KI67 1 in 200 run5.ndpi,Annotation (germinal_center),0.046
KI67 1 in 200 run5.ndpi,Annotation (germinal_center),0.0586
KI67 1 in 200 run5.ndpi,Annotation (germinal_center),0.0427
KI67 1 in 200 run5.ndpi,Annotation (germinal_center),0.0337
KI67 1 in 200 run5.ndpi,Annotation (germinal_center),0.0476
KI67 1 in 200 run5.ndpi,Annotation (germinal_center),0.0532
KI67 1 in 200 run5.ndpi,Annotation (germinal_center),0.0489
KI67 1 in 200 run5.ndpi,Annotation (germinal_center),0.0249
KI67 1 in 200 run5.ndpi,Annotation (germinal_center),0.0315
KI67 1 in 200 run5.ndpi,Annotation (germinal_center),0.0681
KI67 1 in 200 run5.ndpi,Annotation (germinal_center),0.0485
KI67 1 in 200 run5.ndpi,Annotation (germinal_center),0.0589
KI67 1 in 200 run5.ndpi,Annotation (germinal_center),0.0597
KI67 1 in 200 run5.ndpi,Annotation (germinal_center),0.0529
KI67 1 in 200 run5.ndpi,Annotation (germinal_center),0.0615
KI67 1 in 200 run5.ndpi,Annotation (germinal_center),0.0476
KI67 1 in 200 run5.ndpi,Annotation (germinal_center),0.0346
KI67 1 in 200 run5.ndpi,Annotation (germinal_center),0.0523
KI67 1 in 200 run5.ndpi,Annotation (germinal_center),0.0528
KI67 1 in 200 run5.ndpi,Annotation (germinal_center),0.0561
KI67 1 in 200 run5.ndpi,Annotation (germinal_center),0.0438
KI67 1 in 200 run5.ndpi,Annotation (germinal_center),0.0513
KI67 1 in 200 run5.ndpi,Annotation (germinal_center),0.0186
KI67 1 in 200 run5.ndpi,Annotation (germinal_center),0.0728
KI67 1 in 200 run5.ndpi,Annotation (germinal_center),0.0524
KI67 1 in 200 run5.ndpi,Annotation (germinal_center),0.0617
KI67 1 in 200 run5.ndpi,Annotation (germinal_center),0.0461
KI67 1 in 200 run5.ndpi,Annotation (germinal_center),0.0681
KI67 1 in 200 run5.ndpi,Annotation (germinal_center),0.0635
KI67 1 in 200 run5.ndpi,Annotation (germinal_center),0.0513
KI67 1 in 200 run5.ndpi,Annotation (germinal_center),0.0419
KI67 1 in 200 run5.ndpi,Annotation (germinal_center),0.0517
KI67 1 in 200 run5.ndpi,Annotation (germinal_center),0.0406
KI67 1 in 200 run5.ndpi,Annotation (germinal_center),0.0429
KI67 1 in 200 run5.ndpi,Annotation (germinal_center),0.0377
KI67 1 in 200 run5.ndpi,Annotation (germinal_center),0.0643
KI67 1 in 200 run5.ndpi,Annotation (germinal_center),0.071
KI67 1 in 200 run5.ndpi,Annotation (germinal_center),0.0464
KI67 1 in 200 run5.ndpi,Annotation (germinal_center),0.0581
KI67 1 in 200 run5.ndpi,Annotation (germinal_center),0.0995
KI67 1 in 200 run5.ndpi,Annotation (germinal_center),0.0709
KI67 1 in 200 run5.ndpi,Annotation (germinal_center),0.057
KI67 1 in 200 run5.ndpi,Annotation (germinal_center),0.0694
KI67 1 in 200 run5.ndpi,Annotation (germinal_center),0.0703
KI67 1 in 200 run5.ndpi,Annotation (germinal_center),0.0761
KI67 1 in 200 run5.ndpi,Annotation (germinal_center),0.0528
KI67 1 in 200 run5.ndpi,Annotation (germinal_center),0.0428
KI67 1 in 200 run5.ndpi,Annotation (germinal_center),0.0624
KI67 1 in 200 run5.ndpi,Annotation (germinal_center),0.0403
KI67 1 in 200 run5.ndpi,Annotation (germinal_center),0.0543
KI67 1 in 200 run5.ndpi,Annotation (germinal_center),0.0378
KI67 1 in 200 run5.ndpi,Annotation (germinal_center),0.0547
KI67 1 in 200 run5.ndpi,Annotation (germinal_center),0.0529
KI67 1 in 200 run5.ndpi,Annotation (germinal_center),0.0548
KI67 1 in 200 run5.ndpi,Annotation (germinal_center),0.0568
KI67 1 in 200 run5.ndpi,Annotation (germinal_center),0.0635
KI67 1 in 200 run5.ndpi,Annotation (germinal_center),0.0625
KI67 1 in 200 run5.ndpi,Annotation (germinal_center),0.0676
KI67 1 in 200 run5.ndpi,Annotation (germinal_center),0.0455
KI67 1 in 200 run5.ndpi,Annotation (germinal_center),0.0443
KI67 1 in 200 run5.ndpi,Annotation (germinal_center),0.0711
KI67 1 in 200 run5.ndpi,Annotation (germinal_center),0.1835
KI67 1 in 200 run5.ndpi,Annotation (germinal_center),0.0523
KI67 1 in 200 run5.ndpi,Annotation (germinal_center),0.0554
KI67 1 in 200 run5.ndpi,Annotation (germinal_center),0.041
KI67 1 in 200 run5.ndpi,Annotation (germinal_center),0.0361
KI67 1 in 200 run5.ndpi,Annotation (germinal_center),0.044
KI67 1 in 200 run5.ndpi,Annotation (germinal_center),0.0576
KI67 1 in 200 run5.ndpi,Annotation (germinal_center),0.0396
KI67 1 in 200 run5.ndpi,Annotation (germinal_center),0.0343
KI67 1 in 200 run5.ndpi,Annotation (germinal_center),0.0284
KI67 1 in 200 run5.ndpi,Annotation (germinal_center),0.0585
KI67 1 in 200 run5.ndpi,Annotation (germinal_center),0.0366
KI67 1 in 200 run5.ndpi,Annotation (germinal_center),0.0612
KI67 1 in 200 run5.ndpi,Annotation (germinal_center),0.0674
KI67 1 in 200 run5.ndpi,Annotation (germinal_center),0.0579
KI67 1 in 200 run5.ndpi,Annotation (germinal_center),0.0954
KI67 1 in 200 run5.ndpi,Annotation (germinal_center),0.0779
KI67 1 in 200 run5.ndpi,Annotation (germinal_center),0.0699
KI67 1 in 200 run5.ndpi,Annotation (germinal_center),0.054
KI67 1 in 200 run5.ndpi,Annotation (germinal_center),0.0623
KI67 1 in 200 run5.ndpi,Annotation (germinal_center),0.0443
KI67 1 in 200 run5.ndpi,Annotation (germinal_center),0.0551
KI67 1 in 200 run5.ndpi,Annotation (germinal_center),0.0533
KI67 1 in 200 run5.ndpi,Annotation (germinal_center),0.0705
KI67 1 in 200 run5.ndpi,Annotation (germinal_center),0.0476
KI67 1 in 200 run5.ndpi,Annotation (germinal_center),0.0538
KI67 1 in 200 run5.ndpi,Annotation (germinal_center),0.0263
KI67 1 in 200 run5.ndpi,Annotation (germinal_center),0.052
KI67 1 in 200 run5.ndpi,Annotation (germinal_center),0.0492
KI67 1 in 200 run5.ndpi,Annotation (germinal_center),0.0485
KI67 1 in 200 run5.ndpi,Annotation (germinal_center),0.0425
KI67 1 in 200 run5.ndpi,Annotation (germinal_center),0.0536
KI67 1 in 200 run5.ndpi,Annotation (germinal_center),0.0649
KI67 1 in 200 run5.ndpi,Annotation (germinal_center),0.0595
KI67 1 in 200 run5.ndpi,Annotation (germinal_center),0.0365
KI67 1 in 200 run5.ndpi,Annotation (germinal_center),0.0419
KI67 1 in 200 run5.ndpi,Annotation (germinal_center),0.0552
KI67 1 in 200 run5.ndpi,Annotation (germinal_center),0.0806
KI67 1 in 200 run5.ndpi,Annotation (germinal_center),0.0426
KI67 1 in 200 run5.ndpi,Annotation (germinal_center),0.0505
KI67 1 in 200 run5.ndpi,Annotation (germinal_center),0.0534
KI67 1 in 200 run5.ndpi,Annotation (germinal_center),0.0462
KI67 1 in 200 run5.ndpi,Annotation (germinal_center),0.0419
KI67 1 in 200 run5.ndpi,Annotation (germinal_center),0.0465
KI67 1 in 200 run5.ndpi,Annotation (germinal_center),0.0587
KI67 1 in 200 run5.ndpi,Annotation (germinal_center),0.0686
KI67 1 in 200 run5.ndpi,Annotation (germinal_center),0.0368
KI67 1 in 200 run5.ndpi,Annotation (germinal_center),0.0436
KI67 1 in 200 run5.ndpi,Annotation (germinal_center),0.064
KI67 1 in 200 run5.ndpi,Annotation (germinal_center),0.0473
KI67 1 in 200 run5.ndpi,Annotation (germinal_center),0.0494
KI67 1 in 200 run5.ndpi,Annotation (germinal_center),0.0701
KI67 1 in 200 run5.ndpi,Annotation (germinal_center),0.0318
KI67 1 in 200 run5.ndpi,Annotation (germinal_center),0.0386
KI67 1 in 200 run5.ndpi,Annotation (germinal_center),0.063
KI67 1 in 200 run5.ndpi,Annotation (germinal_center),0.0528
KI67 1 in 200 run5.ndpi,Annotation (germinal_center),0.041
KI67 1 in 200 run5.ndpi,Annotation (germinal_center),0.0597
KI67 1 in 200 run5.ndpi,Annotation (germinal_center),0.0505
KI67 1 in 200 run5.ndpi,Annotation (germinal_center),0.091
KI67 1 in 200 run5.ndpi,Annotation (germinal_center),0.0356
KI67 1 in 200 run5.ndpi,Annotation (germinal_center),0.0618
KI67 1 in 200 run5.ndpi,Annotation (germinal_center),0.034
KI67 1 in 200 run5.ndpi,Annotation (germinal_center),0.0686
KI67 1 in 200 run5.ndpi,Annotation (germinal_center),0.0686
KI67 1 in 200 run5.ndpi,Annotation (germinal_center),0.0479
KI67 1 in 200 run5.ndpi,Annotation (germinal_center),0.0524
KI67 1 in 200 run5.ndpi,Annotation (germinal_center),0.0415
KI67 1 in 200 run5.ndpi,Annotation (germinal_center),0.0452
KI67 1 in 200 run5.ndpi,Annotation (germinal_center),0.0745
KI67 1 in 200 run5.ndpi,Annotation (germinal_center),0.0438
KI67 1 in 200 run5.ndpi,Annotation (germinal_center),0.066
KI67 1 in 200 run5.ndpi,Annotation (germinal_center),0.0373
KI67 1 in 200 run5.ndpi,Annotation (germinal_center),0.0348
KI67 1 in 200 run5.ndpi,Annotation (germinal_center),0.0592
KI67 1 in 200 run5.ndpi,Annotation (germinal_center),0.0606
KI67 1 in 200 run5.ndpi,Annotation (germinal_center),0.055
KI67 1 in 200 run5.ndpi,Annotation (germinal_center),0.0177
KI67 1 in 200 run5.ndpi,Annotation (germinal_center),0.0725
KI67 1 in 200 run5.ndpi,Annotation (germinal_center),0.0306
KI67 1 in 200 run5.ndpi,Annotation (germinal_center),0.0497
KI67 1 in 200 run5.ndpi,Annotation (germinal_center),0.0351
KI67 1 in 200 run5.ndpi,Annotation (germinal_center),0.0672
KI67 1 in 200 run5.ndpi,Annotation (germinal_center),0.0521
KI67 1 in 200 run5.ndpi,Annotation (germinal_center),0.0524
KI67 1 in 200 run5.ndpi,Annotation (germinal_center),0.0584
KI67 1 in 200 run5.ndpi,Annotation (germinal_center),0.0392
KI67 1 in 200 run5.ndpi,Annotation (germinal_center),0.0353
KI67 1 in 200 run5.ndpi,Annotation (germinal_center),0.0287
KI67 1 in 200 run5.ndpi,Annotation (germinal_center),0.0519
KI67 1 in 200 run5.ndpi,Annotation (germinal_center),0.0849
KI67 1 in 200 run5.ndpi,Annotation (germinal_center),0.0564
KI67 1 in 200 run5.ndpi,Annotation (germinal_center),0.0323
KI67 1 in 200 run5.ndpi,Annotation (germinal_center),0.0525
KI67 1 in 200 run5.ndpi,Annotation (germinal_center),0.028
KI67 1 in 200 run5.ndpi,Annotation (germinal_center),0.0333
KI67 1 in 200 run5.ndpi,Annotation (germinal_center),0.0498
KI67 1 in 200 run5.ndpi,Annotation (germinal_center),0.0335
KI67 1 in 200 run5.ndpi,Annotation (germinal_center),0.0216
KI67 1 in 200 run5.ndpi,Annotation (germinal_center),0.0612
KI67 1 in 200 run5.ndpi,Annotation (germinal_center),0.0411
KI67 1 in 200 run5.ndpi,Annotation (germinal_center),0.0286
KI67 1 in 200 run5.ndpi,Annotation (germinal_center),0.0425
KI67 1 in 200 run5.ndpi,Annotation (germinal_center),0.0299
KI67 1 in 200 run5.ndpi,Annotation (germinal_center),0.081
KI67 1 in 200 run5.ndpi,Annotation (germinal_center),0.0411
KI67 1 in 200 run5.ndpi,Annotation (germinal_center),0.0393
KI67 1 in 200 run5.ndpi,Annotation (germinal_center),0.0527
KI67 1 in 200 run5.ndpi,Annotation (germinal_center),0.0319
KI67 1 in 200 run5.ndpi,Annotation (germinal_center),0.0429
KI67 1 in 200 run5.ndpi,Annotation (germinal_center),0.0429
KI67 1 in 200 run5.ndpi,Annotation (germinal_center),0.0493
KI67 1 in 200 run5.ndpi,Annotation (germinal_center),0.0463
KI67 1 in 200 run5.ndpi,Annotation (germinal_center),0.0374
KI67 1 in 200 run5.ndpi,Annotation (germinal_center),0.0496
KI67 1 in 200 run5.ndpi,Annotation (germinal_center),0.042
KI67 1 in 200 run5.ndpi,Annotation (germinal_center),0.0327
KI67 1 in 200 run5.ndpi,Annotation (germinal_center),0.0275
KI67 1 in 200 run5.ndpi,Annotation (germinal_center),0.0391
KI67 1 in 200 run5.ndpi,Annotation (germinal_center),0.0412
KI67 1 in 200 run5.ndpi,Annotation (germinal_center),0.0441
KI67 1 in 200 run5.ndpi,Annotation (germinal_center),0.0374
KI67 1 in 200 run5.ndpi,Annotation (germinal_center),0.0328
KI67 1 in 200 run5.ndpi,Annotation (germinal_center),0.0446
KI67 1 in 200 run5.ndpi,Annotation (germinal_center),0.0297
KI67 1 in 200 run5.ndpi,Annotation (germinal_center),0.0363
KI67 1 in 200 run5.ndpi,Annotation (germinal_center),0.0345
KI67 1 in 200 run5.ndpi,Annotation (germinal_center),0.035
KI67 1 in 200 run5.ndpi,Annotation (germinal_center),0.0571
KI67 1 in 200 run5.ndpi,Annotation (germinal_center),0.0284
KI67 1 in 200 run5.ndpi,Annotation (germinal_center),0.0301
KI67 1 in 200 run5.ndpi,Annotation (germinal_center),0.0455
KI67 1 in 200 run5.ndpi,Annotation (germinal_center),0.0531
KI67 1 in 200 run5.ndpi,Annotation (germinal_center),0.0426
KI67 1 in 200 run5.ndpi,Annotation (germinal_center),0.0312
KI67 1 in 200 run5.ndpi,Annotation (germinal_center),0.0295
KI67 1 in 200 run5.ndpi,Annotation (germinal_center),0.0399
KI67 1 in 200 run5.ndpi,Annotation (germinal_center),0.0592
KI67 1 in 200 run5.ndpi,Annotation (germinal_center),0.0341
KI67 1 in 200 run5.ndpi,Annotation (germinal_center),0.0352
KI67 1 in 200 run5.ndpi,Annotation (germinal_center),0.0348
KI67 1 in 200 run5.ndpi,Annotation (germinal_center),0.0297
KI67 1 in 200 run5.ndpi,Annotation (germinal_center),0.0381
KI67 1 in 200 run5.ndpi,Annotation (germinal_center),0.038
KI67 1 in 200 run5.ndpi,Annotation (germinal_center),0.0177
KI67 1 in 200 run5.ndpi,Annotation (germinal_center),0.0405
KI67 1 in 200 run5.ndpi,Annotation (germinal_center),0.0851
KI67 1 in 200 run5.ndpi,Annotation (germinal_center),0.0389
KI67 1 in 200 run5.ndpi,Annotation (germinal_center),0.0604
KI67 1 in 200 run5.ndpi,Annotation (germinal_center),0.0691
KI67 1 in 200 run5.ndpi,Annotation (germinal_center),0.0609
KI67 1 in 200 run5.ndpi,Annotation (germinal_center),0.0705
KI67 1 in 200 run5.ndpi,Annotation (germinal_center),
KI67 1 in 200 run5.ndpi,Annotation (germinal_center),0.0571
KI67 1 in 200 run5.ndpi,Annotation (germinal_center),0.0954
KI67 1 in 200 run5.ndpi,Annotation (germinal_center),0.0744
KI67 1 in 200 run5.ndpi,Annotation (germinal_center),0.0888
KI67 1 in 200 run5.ndpi,Annotation (germinal_center),0.0523
KI67 1 in 200 run5.ndpi,Annotation (germinal_center),0.2186
KI67 1 in 200 run5.ndpi,Annotation (germinal_center),0.0494
KI67 1 in 200 run5.ndpi,Annotation (germinal_center),0.0507
KI67 1 in 200 run5.ndpi,Annotation (germinal_center),0.0899
KI67 1 in 200 run5.ndpi,Annotation (germinal_center),0.0563
KI67 1 in 200 run5.ndpi,Annotation (germinal_center),0.0818
KI67 1 in 200 run5.ndpi,Annotation (germinal_center),0.0632
KI67 1 in 200 run5.ndpi,Annotation (germinal_center),0.0598
KI67 1 in 200 run5.ndpi,Annotation (germinal_center),0.0564
KI67 1 in 200 run5.ndpi,Annotation (germinal_center),0.0797
KI67 1 in 200 run5.ndpi,Annotation (germinal_center),0.0716
KI67 1 in 200 run5.ndpi,Annotation (germinal_center),0.0701
KI67 1 in 200 run5.ndpi,Annotation (germinal_center),0.0843
KI67 1 in 200 run5.ndpi,Annotation (germinal_center),0.0625
KI67 1 in 200 run5.ndpi,Annotation (germinal_center),0.0825
KI67 1 in 200 run5.ndpi,Annotation (germinal_center),0.0814
KI67 1 in 200 run5.ndpi,Annotation (germinal_center),0.0849
KI67 1 in 200 run5.ndpi,Annotation (germinal_center),0.0806
KI67 1 in 200 run5.ndpi,Annotation (germinal_center),0.0891
KI67 1 in 200 run5.ndpi,Annotation (germinal_center),0.0812
KI67 1 in 200 run5.ndpi,Annotation (germinal_center),0.0751
KI67 1 in 200 run5.ndpi,Annotation (germinal_center),0.1032
KI67 1 in 200 run5.ndpi,Annotation (germinal_center),0.0802
KI67 1 in 200 run5.ndpi,Annotation (germinal_center),0.0627
KI67 1 in 200 run5.ndpi,Annotation (germinal_center),0.3095
KI67 1 in 200 run5.ndpi,Annotation (germinal_center),0.0808
KI67 1 in 200 run5.ndpi,Annotation (germinal_center),0.061
KI67 1 in 200 run5.ndpi,Annotation (germinal_center),0.0506
KI67 1 in 200 run5.ndpi,Annotation (germinal_center),0.0541
KI67 1 in 200 run5.ndpi,Annotation (germinal_center),0.0659
KI67 1 in 200 run5.ndpi,Annotation (germinal_center),0.0633
KI67 1 in 200 run5.ndpi,Annotation (germinal_center),0.0584
KI67 1 in 200 run5.ndpi,Annotation (germinal_center),0.0665
KI67 1 in 200 run5.ndpi,Annotation (germinal_center),0.061
KI67 1 in 200 run5.ndpi,Annotation (germinal_center),0.0526
KI67 1 in 200 run5.ndpi,Annotation (germinal_center),0.0576
KI67 1 in 200 run5.ndpi,Annotation (germinal_center),0.0633
KI67 1 in 200 run5.ndpi,Annotation (germinal_center),0.0585
KI67 1 in 200 run5.ndpi,Annotation (germinal_center),0.1114
KI67 1 in 200 run5.ndpi,Annotation (germinal_center),0.0765
KI67 1 in 200 run5.ndpi,Annotation (germinal_center),0.065
KI67 1 in 200 run5.ndpi,Annotation (germinal_center),0.0514
KI67 1 in 200 run5.ndpi,Annotation (germinal_center),0.0709
KI67 1 in 200 run5.ndpi,Annotation (germinal_center),0.0683
KI67 1 in 200 run5.ndpi,Annotation (germinal_center),0.0706
KI67 1 in 200 run5.ndpi,Annotation (germinal_center),0.0639
KI67 1 in 200 run5.ndpi,Annotation (germinal_center),0.0725
KI67 1 in 200 run5.ndpi,Annotation (germinal_center),0.0664
KI67 1 in 200 run5.ndpi,Annotation (germinal_center),0.0545
KI67 1 in 200 run5.ndpi,Annotation (germinal_center),0.0404
KI67 1 in 200 run5.ndpi,Annotation (germinal_center),0.0808
KI67 1 in 200 run5.ndpi,Annotation (germinal_center),0.0449
KI67 1 in 200 run5.ndpi,Annotation (germinal_center),0.0751
KI67 1 in 200 run5.ndpi,Annotation (germinal_center),0.0874
KI67 1 in 200 run5.ndpi,Annotation (germinal_center),0.0446
KI67 1 in 200 run5.ndpi,Annotation (germinal_center),0.0785
KI67 1 in 200 run5.ndpi,Annotation (germinal_center),0.0705
KI67 1 in 200 run5.ndpi,Annotation (germinal_center),0.0633
KI67 1 in 200 run5.ndpi,Annotation (germinal_center),0.0634
KI67 1 in 200 run5.ndpi,Annotation (germinal_center),0.0558
KI67 1 in 200 run5.ndpi,Annotation (germinal_center),0.0804
KI67 1 in 200 run5.ndpi,Annotation (germinal_center),0.0482
KI67 1 in 200 run5.ndpi,Annotation (germinal_center),0.057
KI67 1 in 200 run5.ndpi,Annotation (germinal_center),
KI67 1 in 200 run5.ndpi,Annotation (germinal_center),0.0822
KI67 1 in 200 run5.ndpi,Annotation (germinal_center),0.0441
KI67 1 in 200 run5.ndpi,Annotation (germinal_center),0.0514
KI67 1 in 200 run5.ndpi,Annotation (germinal_center),0.0647
KI67 1 in 200 run5.ndpi,Annotation (germinal_center),0.0464
KI67 1 in 200 run5.ndpi,Annotation (germinal_center),0.0856
KI67 1 in 200 run5.ndpi,Annotation (germinal_center),0.0699
KI67 1 in 200 run5.ndpi,Annotation (germinal_center),0.0572
KI67 1 in 200 run5.ndpi,Annotation (germinal_center),0.0336
KI67 1 in 200 run5.ndpi,Annotation (germinal_center),0.049
KI67 1 in 200 run5.ndpi,Annotation (germinal_center),0.0535
KI67 1 in 200 run5.ndpi,Annotation (germinal_center),0.0633
KI67 1 in 200 run5.ndpi,Annotation (germinal_center),0.0537
KI67 1 in 200 run5.ndpi,Annotation (germinal_center),0.0421
KI67 1 in 200 run5.ndpi,Annotation (germinal_center),0.0612
KI67 1 in 200 run5.ndpi,Annotation (germinal_center),0.0613
KI67 1 in 200 run5.ndpi,Annotation (germinal_center),0.0352
KI67 1 in 200 run5.ndpi,Annotation (germinal_center),0.062
KI67 1 in 200 run5.ndpi,Annotation (germinal_center),0.056
KI67 1 in 200 run5.ndpi,Annotation (germinal_center),0.0688
KI67 1 in 200 run5.ndpi,Annotation (germinal_center),0.1271
KI67 1 in 200 run5.ndpi,Annotation (germinal_center),0.073
KI67 1 in 200 run5.ndpi,Annotation (germinal_center),0.0562
KI67 1 in 200 run5.ndpi,Annotation (germinal_center),0.0448
KI67 1 in 200 run5.ndpi,Annotation (germinal_center),0.0688
KI67 1 in 200 run5.ndpi,Annotation (germinal_center),0.054
KI67 1 in 200 run5.ndpi,Annotation (germinal_center),0.0479
KI67 1 in 200 run5.ndpi,Annotation (germinal_center),0.0668
KI67 1 in 200 run5.ndpi,Annotation (germinal_center),0.0412
KI67 1 in 200 run5.ndpi,Annotation (germinal_center),0.0796
KI67 1 in 200 run5.ndpi,Annotation (germinal_center),0.0621
KI67 1 in 200 run5.ndpi,Annotation (germinal_center),0.09
KI67 1 in 200 run5.ndpi,Annotation (germinal_center),0.069
KI67 1 in 200 run5.ndpi,Annotation (germinal_center),0.0743
KI67 1 in 200 run5.ndpi,Annotation (germinal_center),0.0545
KI67 1 in 200 run5.ndpi,Annotation (germinal_center),0.0855
KI67 1 in 200 run5.ndpi,Annotation (germinal_center),0.0379
KI67 1 in 200 run5.ndpi,Annotation (germinal_center),0.0324
KI67 1 in 200 run5.ndpi,Annotation (germinal_center),0.079
KI67 1 in 200 run5.ndpi,Annotation (germinal_center),0.0611
KI67 1 in 200 run5.ndpi,Annotation (germinal_center),0.0303
KI67 1 in 200 run5.ndpi,Annotation (germinal_center),0.0594
KI67 1 in 200 run5.ndpi,Annotation (germinal_center),0.0437
KI67 1 in 200 run5.ndpi,Annotation (germinal_center),0.0806
KI67 1 in 200 run5.ndpi,Annotation (germinal_center),0.0718
KI67 1 in 200 run5.ndpi,Annotation (germinal_center),0.0244
KI67 1 in 200 run5.ndpi,Annotation (germinal_center),0.0668
KI67 1 in 200 run5.ndpi,Annotation (germinal_center),0.062
KI67 1 in 200 run5.ndpi,Annotation (germinal_center),0.0359
KI67 1 in 200 run5.ndpi,Annotation (germinal_center),0.0984
KI67 1 in 200 run5.ndpi,Annotation (germinal_center),0.047
KI67 1 in 200 run5.ndpi,Annotation (germinal_center),0.0379
KI67 1 in 200 run5.ndpi,Annotation (germinal_center),0.0651
KI67 1 in 200 run5.ndpi,Annotation (germinal_center),0.0378
KI67 1 in 200 run5.ndpi,Annotation (germinal_center),0.047
KI67 1 in 200 run5.ndpi,Annotation (germinal_center),0.0557
KI67 1 in 200 run5.ndpi,Annotation (germinal_center),0.0543
KI67 1 in 200 run5.ndpi,Annotation (germinal_center),0.0346
KI67 1 in 200 run5.ndpi,Annotation (germinal_center),0.0851
KI67 1 in 200 run5.ndpi,Annotation (germinal_center),0.1045
KI67 1 in 200 run5.ndpi,Annotation (germinal_center),0.0655
KI67 1 in 200 run5.ndpi,Annotation (germinal_center),0.0584
KI67 1 in 200 run5.ndpi,Annotation (germinal_center),0.0716
KI67 1 in 200 run5.ndpi,Annotation (germinal_center),0.0546
KI67 1 in 200 run5.ndpi,Annotation (germinal_center),0.054
KI67 1 in 200 run5.ndpi,Annotation (germinal_center),0.0642
KI67 1 in 200 run5.ndpi,Annotation (germinal_center),0.1152
KI67 1 in 200 run5.ndpi,Annotation (germinal_center),0.0674
KI67 1 in 200 run5.ndpi,Annotation (germinal_center),0.0502
KI67 1 in 200 run5.ndpi,Annotation (germinal_center),0.0413
KI67 1 in 200 run5.ndpi,Annotation (germinal_center),0.0478
KI67 1 in 200 run5.ndpi,Annotation (germinal_center),0.0496
KI67 1 in 200 run5.ndpi,Annotation (germinal_center),0.0747
KI67 1 in 200 run5.ndpi,Annotation (germinal_center),0.1017
KI67 1 in 200 run5.ndpi,Annotation (germinal_center),0.0553
KI67 1 in 200 run5.ndpi,Annotation (germinal_center),0.1066
KI67 1 in 200 run5.ndpi,Annotation (germinal_center),0.0401
KI67 1 in 200 run5.ndpi,Annotation (germinal_center),0.0465
KI67 1 in 200 run5.ndpi,Annotation (germinal_center),0.0563
KI67 1 in 200 run5.ndpi,Annotation (germinal_center),0.0804
KI67 1 in 200 run5.ndpi,Annotation (germinal_center),0.0439
KI67 1 in 200 run5.ndpi,Annotation (germinal_center),0.0565
KI67 1 in 200 run5.ndpi,Annotation (germinal_center),0.0494
KI67 1 in 200 run5.ndpi,Annotation (germinal_center),0.0396
KI67 1 in 200 run5.ndpi,Annotation (germinal_center),0.0663
KI67 1 in 200 run5.ndpi,Annotation (germinal_center),0.0464
KI67 1 in 200 run5.ndpi,Annotation (germinal_center),0.0441
KI67 1 in 200 run5.ndpi,Annotation (germinal_center),0.0323
KI67 1 in 200 run5.ndpi,Annotation (germinal_center),0.046
KI67 1 in 200 run5.ndpi,Annotation (germinal_center),0.0533
KI67 1 in 200 run5.ndpi,Annotation (germinal_center),0.0658
KI67 1 in 200 run5.ndpi,Annotation (germinal_center),0.0666
KI67 1 in 200 run5.ndpi,Annotation (germinal_center),0.0596
KI67 1 in 200 run5.ndpi,Annotation (germinal_center),0.0477
KI67 1 in 200 run5.ndpi,Annotation (germinal_center),0.0482
KI67 1 in 200 run5.ndpi,Annotation (germinal_center),0.0499
KI67 1 in 200 run5.ndpi,Annotation (germinal_center),0.0572
KI67 1 in 200 run5.ndpi,Annotation (germinal_center),0.0681
KI67 1 in 200 run5.ndpi,Annotation (germinal_center),0.0385
KI67 1 in 200 run5.ndpi,Annotation (germinal_center),0.0432
KI67 1 in 200 run5.ndpi,Annotation (germinal_center),0.0332
KI67 1 in 200 run5.ndpi,Annotation (germinal_center),0.0555
KI67 1 in 200 run5.ndpi,Annotation (germinal_center),0.0369
KI67 1 in 200 run5.ndpi,Annotation (germinal_center),0.065
KI67 1 in 200 run5.ndpi,Annotation (germinal_center),0.0272
KI67 1 in 200 run5.ndpi,Annotation (germinal_center),0.036
KI67 1 in 200 run5.ndpi,Annotation (germinal_center),0.0573
KI67 1 in 200 run5.ndpi,Annotation (germinal_center),0.0417
KI67 1 in 200 run5.ndpi,Annotation (germinal_center),0.0698
KI67 1 in 200 run5.ndpi,Annotation (germinal_center),0.0758
KI67 1 in 200 run5.ndpi,Annotation (germinal_center),0.0541
KI67 1 in 200 run5.ndpi,Annotation (germinal_center),0.0756
KI67 1 in 200 run5.ndpi,Annotation (germinal_center),0.0529
KI67 1 in 200 run5.ndpi,Annotation (germinal_center),0.0491
KI67 1 in 200 run5.ndpi,Annotation (germinal_center),0.0495
KI67 1 in 200 run5.ndpi,Annotation (germinal_center),0.0569
KI67 1 in 200 run5.ndpi,Annotation (germinal_center),0.0427
KI67 1 in 200 run5.ndpi,Annotation (germinal_center),0.0503
KI67 1 in 200 run5.ndpi,Annotation (germinal_center),0.0654
KI67 1 in 200 run5.ndpi,Annotation (germinal_center),0.0706
KI67 1 in 200 run5.ndpi,Annotation (germinal_center),0.046
KI67 1 in 200 run5.ndpi,Annotation (germinal_center),0.0572
KI67 1 in 200 run5.ndpi,Annotation (germinal_center),0.3692
KI67 1 in 200 run5.ndpi,Annotation (germinal_center),0.0356
KI67 1 in 200 run5.ndpi,Annotation (germinal_center),0.0458
KI67 1 in 200 run5.ndpi,Annotation (germinal_center),0.0533
KI67 1 in 200 run5.ndpi,Annotation (germinal_center),0.4147
KI67 1 in 200 run5.ndpi,Annotation (germinal_center),0.0514
KI67 1 in 200 run5.ndpi,Annotation (germinal_center),0.0476
KI67 1 in 200 run5.ndpi,Annotation (germinal_center),0.0724
KI67 1 in 200 run5.ndpi,Annotation (germinal_center),0.0372
KI67 1 in 200 run5.ndpi,Annotation (germinal_center),0.0445
KI67 1 in 200 run5.ndpi,Annotation (germinal_center),0.0644
KI67 1 in 200 run5.ndpi,Annotation (germinal_center),0.0575
KI67 1 in 200 run5.ndpi,Annotation (germinal_center),0.0541
KI67 1 in 200 run5.ndpi,Annotation (germinal_center),0.0366
KI67 1 in 200 run5.ndpi,Annotation (germinal_center),0.0505
KI67 1 in 200 run5.ndpi,Annotation (germinal_center),0.0877
KI67 1 in 200 run5.ndpi,Annotation (germinal_center),0.038
KI67 1 in 200 run5.ndpi,Annotation (germinal_center),0.0579
KI67 1 in 200 run5.ndpi,Annotation (germinal_center),0.0692
KI67 1 in 200 run5.ndpi,Annotation (germinal_center),0.0645
KI67 1 in 200 run5.ndpi,Annotation (germinal_center),0.0534
KI67 1 in 200 run5.ndpi,Annotation (germinal_center),0.0644
KI67 1 in 200 run5.ndpi,Annotation (germinal_center),0.0688
KI67 1 in 200 run5.ndpi,Annotation (germinal_center),0.0386
KI67 1 in 200 run5.ndpi,Annotation (germinal_center),0.1007
KI67 1 in 200 run5.ndpi,Annotation (germinal_center),0.0516
KI67 1 in 200 run5.ndpi,Annotation (germinal_center),0.0731
KI67 1 in 200 run5.ndpi,Annotation (germinal_center),0.0501
KI67 1 in 200 run5.ndpi,Annotation (germinal_center),0.0527
KI67 1 in 200 run5.ndpi,Annotation (germinal_center),0.0564
KI67 1 in 200 run5.ndpi,Annotation (germinal_center),0.0475
KI67 1 in 200 run5.ndpi,Annotation (germinal_center),0.0649
KI67 1 in 200 run5.ndpi,Annotation (germinal_center),0.0521
KI67 1 in 200 run5.ndpi,Annotation (germinal_center),0.0673
KI67 1 in 200 run5.ndpi,Annotation (germinal_center),0.0759
KI67 1 in 200 run5.ndpi,Annotation (germinal_center),0.0777
KI67 1 in 200 run5.ndpi,Annotation (germinal_center),0.0357
KI67 1 in 200 run5.ndpi,Annotation (germinal_center),0.074
KI67 1 in 200 run5.ndpi,Annotation (germinal_center),0.0585
KI67 1 in 200 run5.ndpi,Annotation (germinal_center),0.0575
KI67 1 in 200 run5.ndpi,Annotation (germinal_center),0.0224
KI67 1 in 200 run5.ndpi,Annotation (germinal_center),0.0477
KI67 1 in 200 run5.ndpi,Annotation (germinal_center),0.0494
KI67 1 in 200 run5.ndpi,Annotation (germinal_center),0.0503
KI67 1 in 200 run5.ndpi,Annotation (germinal_center),0.0714
KI67 1 in 200 run5.ndpi,Annotation (germinal_center),0.052
KI67 1 in 200 run5.ndpi,Annotation (germinal_center),0.0634
KI67 1 in 200 run5.ndpi,Annotation (germinal_center),0.0449
KI67 1 in 200 run5.ndpi,Annotation (germinal_center),0.0609
KI67 1 in 200 run5.ndpi,Annotation (germinal_center),0.075
KI67 1 in 200 run5.ndpi,Annotation (germinal_center),0.0454
KI67 1 in 200 run5.ndpi,Annotation (germinal_center),0.0425
KI67 1 in 200 run5.ndpi,Annotation (germinal_center),0.0634
KI67 1 in 200 run5.ndpi,Annotation (germinal_center),0.0845
KI67 1 in 200 run5.ndpi,Annotation (germinal_center),0.0581
KI67 1 in 200 run5.ndpi,Annotation (germinal_center),0.0841
KI67 1 in 200 run5.ndpi,Annotation (germinal_center),0.0542
KI67 1 in 200 run5.ndpi,Annotation (germinal_center),0.0431
KI67 1 in 200 run5.ndpi,Annotation (germinal_center),0.0293
KI67 1 in 200 run5.ndpi,Annotation (germinal_center),0.0697
KI67 1 in 200 run5.ndpi,Annotation (germinal_center),0.0776
KI67 1 in 200 run5.ndpi,Annotation (germinal_center),0.0765
KI67 1 in 200 run5.ndpi,Annotation (germinal_center),0.0675
KI67 1 in 200 run5.ndpi,Annotation (germinal_center),0.0733
KI67 1 in 200 run5.ndpi,Annotation (germinal_center),0.0525
KI67 1 in 200 run5.ndpi,Annotation (germinal_center),0.0259
KI67 1 in 200 run5.ndpi,Annotation (germinal_center),0.0457
KI67 1 in 200 run5.ndpi,Annotation (germinal_center),0.0548
KI67 1 in 200 run5.ndpi,Annotation (germinal_center),0.0441
KI67 1 in 200 run5.ndpi,Annotation (germinal_center),0.0302
KI67 1 in 200 run5.ndpi,Annotation (germinal_center),0.1022
KI67 1 in 200 run5.ndpi,Annotation (germinal_center),0.0372
KI67 1 in 200 run5.ndpi,Annotation (germinal_center),0.0453
KI67 1 in 200 run5.ndpi,Annotation (germinal_center),0.064
KI67 1 in 200 run5.ndpi,Annotation (germinal_center),0.0267
KI67 1 in 200 run5.ndpi,Annotation (germinal_center),0.0428
KI67 1 in 200 run5.ndpi,Annotation (germinal_center),0.0552
KI67 1 in 200 run5.ndpi,Annotation (germinal_center),0.0636
KI67 1 in 200 run5.ndpi,Annotation (germinal_center),0.0567
KI67 1 in 200 run5.ndpi,Annotation (germinal_center),0.0639
KI67 1 in 200 run5.ndpi,Annotation (germinal_center),0.0503
KI67 1 in 200 run5.ndpi,Annotation (germinal_center),0.0328
KI67 1 in 200 run5.ndpi,Annotation (germinal_center),0.0488
KI67 1 in 200 run5.ndpi,Annotation (germinal_center),0.0331
KI67 1 in 200 run5.ndpi,Annotation (germinal_center),0.0679
KI67 1 in 200 run5.ndpi,Annotation (germinal_center),0.0509
KI67 1 in 200 run5.ndpi,Annotation (germinal_center),0.0379
KI67 1 in 200 run5.ndpi,Annotation (germinal_center),0.0651
KI67 1 in 200 run5.ndpi,Annotation (germinal_center),0.0412
KI67 1 in 200 run5.ndpi,Annotation (germinal_center),0.0334
KI67 1 in 200 run5.ndpi,Annotation (germinal_center),0.045
KI67 1 in 200 run5.ndpi,Annotation (germinal_center),0.0527
KI67 1 in 200 run5.ndpi,Annotation (germinal_center),0.0346
KI67 1 in 200 run5.ndpi,Annotation (germinal_center),0.0512
KI67 1 in 200 run5.ndpi,Annotation (germinal_center),0.0472
KI67 1 in 200 run5.ndpi,Annotation (germinal_center),0.069
KI67 1 in 200 run5.ndpi,Annotation (germinal_center),0.0396
KI67 1 in 200 run5.ndpi,Annotation (germinal_center),0.0656
KI67 1 in 200 run5.ndpi,Annotation (germinal_center),0.0488
KI67 1 in 200 run5.ndpi,Annotation (germinal_center),0.0384
KI67 1 in 200 run5.ndpi,Annotation (germinal_center),0.0478
KI67 1 in 200 run5.ndpi,Annotation (germinal_center),0.0887
KI67 1 in 200 run5.ndpi,Annotation (germinal_center),0.0456
KI67 1 in 200 run5.ndpi,Annotation (germinal_center),0.0603
KI67 1 in 200 run5.ndpi,Annotation (germinal_center),0.0594
KI67 1 in 200 run5.ndpi,Annotation (germinal_center),0.0547
KI67 1 in 200 run5.ndpi,Annotation (germinal_center),0.0764
KI67 1 in 200 run5.ndpi,Annotation (germinal_center),0.0615
KI67 1 in 200 run5.ndpi,Annotation (germinal_center),0.0618
KI67 1 in 200 run5.ndpi,Annotation (germinal_center),0.0549
KI67 1 in 200 run5.ndpi,Annotation (germinal_center),0.0656
KI67 1 in 200 run5.ndpi,Annotation (germinal_center),0.0442
KI67 1 in 200 run5.ndpi,Annotation (germinal_center),0.0543
KI67 1 in 200 run5.ndpi,Annotation (germinal_center),0.097
KI67 1 in 200 run5.ndpi,Annotation (germinal_center),0.0353
KI67 1 in 200 run5.ndpi,Annotation (germinal_center),0.0396
KI67 1 in 200 run5.ndpi,Annotation (germinal_center),0.061
KI67 1 in 200 run5.ndpi,Annotation (germinal_center),0.0931
KI67 1 in 200 run5.ndpi,Annotation (germinal_center),0.0438
KI67 1 in 200 run5.ndpi,Annotation (germinal_center),0.0708
KI67 1 in 200 run5.ndpi,Annotation (germinal_center),0.0515
KI67 1 in 200 run5.ndpi,Annotation (germinal_center),0.0441
KI67 1 in 200 run5.ndpi,Annotation (germinal_center),0.0467
KI67 1 in 200 run5.ndpi,Annotation (germinal_center),0.0439
KI67 1 in 200 run5.ndpi,Annotation (germinal_center),0.0559
KI67 1 in 200 run5.ndpi,Annotation (germinal_center),0.0402
KI67 1 in 200 run5.ndpi,Annotation (germinal_center),0.0347
KI67 1 in 200 run5.ndpi,Annotation (germinal_center),0.0575
KI67 1 in 200 run5.ndpi,Annotation (germinal_center),0.0657
KI67 1 in 200 run5.ndpi,Annotation (germinal_center),0.0619
KI67 1 in 200 run5.ndpi,Annotation (germinal_center),0.0791
KI67 1 in 200 run5.ndpi,Annotation (germinal_center),0.0569
KI67 1 in 200 run5.ndpi,Annotation (germinal_center),0.0352
KI67 1 in 200 run5.ndpi,Annotation (germinal_center),0.0508
KI67 1 in 200 run5.ndpi,Annotation (germinal_center),0.0366
KI67 1 in 200 run5.ndpi,Annotation (germinal_center),0.0528
KI67 1 in 200 run5.ndpi,Annotation (germinal_center),0.0774
KI67 1 in 200 run5.ndpi,Annotation (germinal_center),0.0554
KI67 1 in 200 run5.ndpi,Annotation (germinal_center),0.0462
KI67 1 in 200 run5.ndpi,Annotation (germinal_center),0.0342
KI67 1 in 200 run5.ndpi,Annotation (germinal_center),0.0523
KI67 1 in 200 run5.ndpi,Annotation (germinal_center),0.0631
KI67 1 in 200 run5.ndpi,Annotation (germinal_center),0.0367
KI67 1 in 200 run5.ndpi,Annotation (germinal_center),0.0855
KI67 1 in 200 run5.ndpi,Annotation (germinal_center),0.0864
KI67 1 in 200 run5.ndpi,Annotation (germinal_center),0.0361
KI67 1 in 200 run5.ndpi,Annotation (germinal_center),0.0321
KI67 1 in 200 run5.ndpi,Annotation (germinal_center),0.0653
KI67 1 in 200 run5.ndpi,Annotation (germinal_center),0.0585
KI67 1 in 200 run5.ndpi,Annotation (germinal_center),0.0593
KI67 1 in 200 run5.ndpi,Annotation (germinal_center),0.0574
KI67 1 in 200 run5.ndpi,Annotation (germinal_center),0.0471
KI67 1 in 200 run5.ndpi,Annotation (germinal_center),0.0583
KI67 1 in 200 run5.ndpi,Annotation (germinal_center),0.0573
KI67 1 in 200 run5.ndpi,Annotation (germinal_center),0.0418
KI67 1 in 200 run5.ndpi,Annotation (germinal_center),0.0371
KI67 1 in 200 run5.ndpi,Annotation (germinal_center),0.0369
KI67 1 in 200 run5.ndpi,Annotation (germinal_center),0.0608
KI67 1 in 200 run5.ndpi,Annotation (germinal_center),0.0534
KI67 1 in 200 run5.ndpi,Annotation (germinal_center),0.056
KI67 1 in 200 run5.ndpi,Annotation (germinal_center),0.0391
KI67 1 in 200 run5.ndpi,Annotation (germinal_center),0.0428
KI67 1 in 200 run5.ndpi,Annotation (germinal_center),0.0478
KI67 1 in 200 run5.ndpi,Annotation (germinal_center),0.041
KI67 1 in 200 run5.ndpi,Annotation (germinal_center),0.0283
KI67 1 in 200 run5.ndpi,Annotation (germinal_center),0.06
KI67 1 in 200 run5.ndpi,Annotation (germinal_center),0.0413
KI67 1 in 200 run5.ndpi,Annotation (germinal_center),0.0496
KI67 1 in 200 run5.ndpi,Annotation (germinal_center),0.0642
KI67 1 in 200 run5.ndpi,Annotation (germinal_center),0.0479
KI67 1 in 200 run5.ndpi,Annotation (germinal_center),0.0408
KI67 1 in 200 run5.ndpi,Annotation (germinal_center),0.0654
KI67 1 in 200 run5.ndpi,Annotation (germinal_center),0.0512
KI67 1 in 200 run5.ndpi,Annotation (germinal_center),0.041
KI67 1 in 200 run5.ndpi,Annotation (germinal_center),0.0619
KI67 1 in 200 run5.ndpi,Annotation (germinal_center),0.0523
KI67 1 in 200 run5.ndpi,Annotation (germinal_center),0.0553
KI67 1 in 200 run5.ndpi,Annotation (germinal_center),0.0282
KI67 1 in 200 run5.ndpi,Annotation (germinal_center),0.0592
KI67 1 in 200 run5.ndpi,Annotation (germinal_center),0.048
KI67 1 in 200 run5.ndpi,Annotation (germinal_center),0.0483
KI67 1 in 200 run5.ndpi,Annotation (germinal_center),0.0337
KI67 1 in 200 run5.ndpi,Annotation (germinal_center),0.0504
KI67 1 in 200 run5.ndpi,Annotation (germinal_center),0.0634
KI67 1 in 200 run5.ndpi,Annotation (germinal_center),0.0658
KI67 1 in 200 run5.ndpi,Annotation (germinal_center),0.0445
KI67 1 in 200 run5.ndpi,Annotation (germinal_center),0.0441
KI67 1 in 200 run5.ndpi,Annotation (germinal_center),0.0478
KI67 1 in 200 run5.ndpi,Annotation (germinal_center),0.0575
KI67 1 in 200 run5.ndpi,Annotation (germinal_center),0.0386
KI67 1 in 200 run5.ndpi,Annotation (germinal_center),0.0441
KI67 1 in 200 run5.ndpi,Annotation (germinal_center),0.0411
KI67 1 in 200 run5.ndpi,Annotation (germinal_center),0.0454
KI67 1 in 200 run5.ndpi,Annotation (germinal_center),0.1235
KI67 1 in 200 run5.ndpi,Annotation (germinal_center),0.0391
KI67 1 in 200 run5.ndpi,Annotation (germinal_center),0.0671
KI67 1 in 200 run5.ndpi,Annotation (germinal_center),0.0711
KI67 1 in 200 run5.ndpi,Annotation (germinal_center),0.0495
KI67 1 in 200 run5.ndpi,Annotation (germinal_center),0.0618
KI67 1 in 200 run5.ndpi,Annotation (germinal_center),0.0853
KI67 1 in 200 run5.ndpi,Annotation (germinal_center),0.0498
KI67 1 in 200 run5.ndpi,Annotation (germinal_center),0.0435
KI67 1 in 200 run5.ndpi,Annotation (germinal_center),0.0659
KI67 1 in 200 run5.ndpi,Annotation (germinal_center),0.0466
KI67 1 in 200 run5.ndpi,Annotation (germinal_center),0.0727
KI67 1 in 200 run5.ndpi,Annotation (germinal_center),0.0354
KI67 1 in 200 run5.ndpi,Annotation (germinal_center),0.0513
KI67 1 in 200 run5.ndpi,Annotation (germinal_center),0.0506
KI67 1 in 200 run5.ndpi,Annotation (germinal_center),0.0283
KI67 1 in 200 run5.ndpi,Annotation (germinal_center),0.05
KI67 1 in 200 run5.ndpi,Annotation (germinal_center),0.0704
KI67 1 in 200 run5.ndpi,Annotation (germinal_center),0.0618
KI67 1 in 200 run5.ndpi,Annotation (germinal_center),0.0504
KI67 1 in 200 run5.ndpi,Annotation (germinal_center),0.0362
KI67 1 in 200 run5.ndpi,Annotation (germinal_center),0.0534
KI67 1 in 200 run5.ndpi,Annotation (germinal_center),0.036
KI67 1 in 200 run5.ndpi,Annotation (germinal_center),0.0844
KI67 1 in 200 run5.ndpi,Annotation (germinal_center),0.0561
KI67 1 in 200 run5.ndpi,Annotation (germinal_center),0.0396
KI67 1 in 200 run5.ndpi,Annotation (germinal_center),0.0307
KI67 1 in 200 run5.ndpi,Annotation (germinal_center),0.0396
KI67 1 in 200 run5.ndpi,Annotation (germinal_center),0.0708
KI67 1 in 200 run5.ndpi,Annotation (germinal_center),0.0734
KI67 1 in 200 run5.ndpi,Annotation (germinal_center),0.0333
KI67 1 in 200 run5.ndpi,Annotation (germinal_center),0.0984
KI67 1 in 200 run5.ndpi,Annotation (germinal_center),0.0552
KI67 1 in 200 run5.ndpi,Annotation (germinal_center),0.0523
KI67 1 in 200 run5.ndpi,Annotation (germinal_center),0.0624
KI67 1 in 200 run5.ndpi,Annotation (germinal_center),0.0546
KI67 1 in 200 run5.ndpi,Annotation (germinal_center),0.0439
KI67 1 in 200 run5.ndpi,Annotation (germinal_center),0.0779
KI67 1 in 200 run5.ndpi,Annotation (germinal_center),0.0724
KI67 1 in 200 run5.ndpi,Annotation (germinal_center),0.0534
KI67 1 in 200 run5.ndpi,Annotation (germinal_center),0.0384
KI67 1 in 200 run5.ndpi,Annotation (germinal_center),0.0699
KI67 1 in 200 run5.ndpi,Annotation (germinal_center),0.0395
KI67 1 in 200 run5.ndpi,Annotation (germinal_center),0.0418
KI67 1 in 200 run5.ndpi,Annotation (germinal_center),0.0787
KI67 1 in 200 run5.ndpi,Annotation (germinal_center),0.0562
KI67 1 in 200 run5.ndpi,Annotation (germinal_center),0.0411
KI67 1 in 200 run5.ndpi,Annotation (germinal_center),0.074
KI67 1 in 200 run5.ndpi,Annotation (germinal_center),0.0483
KI67 1 in 200 run5.ndpi,Annotation (germinal_center),0.0705
KI67 1 in 200 run5.ndpi,Annotation (germinal_center),0.0682
KI67 1 in 200 run5.ndpi,Annotation (germinal_center),0.0423
KI67 1 in 200 run5.ndpi,Annotation (germinal_center),0.0435
KI67 1 in 200 run5.ndpi,Annotation (germinal_center),0.0422
KI67 1 in 200 run5.ndpi,Annotation (germinal_center),0.0808
KI67 1 in 200 run5.ndpi,Annotation (germinal_center),0.0308
KI67 1 in 200 run5.ndpi,Annotation (germinal_center),0.0699
KI67 1 in 200 run5.ndpi,Annotation (germinal_center),0.1001
KI67 1 in 200 run5.ndpi,Annotation (germinal_center),0.0357
KI67 1 in 200 run5.ndpi,Annotation (germinal_center),0.0395
KI67 1 in 200 run5.ndpi,Annotation (germinal_center),0.0553
KI67 1 in 200 run5.ndpi,Annotation (germinal_center),0.032
KI67 1 in 200 run5.ndpi,Annotation (germinal_center),0.0269
KI67 1 in 200 run5.ndpi,Annotation (germinal_center),0.0301
KI67 1 in 200 run5.ndpi,Annotation (germinal_center),0.1103
KI67 1 in 200 run5.ndpi,Annotation (germinal_center),0.0443
KI67 1 in 200 run5.ndpi,Annotation (germinal_center),0.0338
KI67 1 in 200 run5.ndpi,Annotation (germinal_center),0.034
KI67 1 in 200 run5.ndpi,Annotation (germinal_center),0.0464
KI67 1 in 200 run5.ndpi,Annotation (germinal_center),0.0436
KI67 1 in 200 run5.ndpi,Annotation (germinal_center),0.0534
KI67 1 in 200 run5.ndpi,Annotation (germinal_center),0.0412
KI67 1 in 200 run5.ndpi,Annotation (germinal_center),0.0352
KI67 1 in 200 run5.ndpi,Annotation (germinal_center),0.0336
KI67 1 in 200 run5.ndpi,Annotation (germinal_center),0.0855
KI67 1 in 200 run5.ndpi,Annotation (germinal_center),0.0446
KI67 1 in 200 run5.ndpi,Annotation (germinal_center),0.0213
KI67 1 in 200 run5.ndpi,Annotation (germinal_center),0.0614
KI67 1 in 200 run5.ndpi,Annotation (germinal_center),0.0547
KI67 1 in 200 run5.ndpi,Annotation (germinal_center),0.0347
KI67 1 in 200 run5.ndpi,Annotation (germinal_center),0.0492
KI67 1 in 200 run5.ndpi,Annotation (germinal_center),0.0408
KI67 1 in 200 run5.ndpi,Annotation (germinal_center),0.0423
KI67 1 in 200 run5.ndpi,Annotation (germinal_center),0.0436
KI67 1 in 200 run5.ndpi,Annotation (germinal_center),0.0344
KI67 1 in 200 run5.ndpi,Annotation (germinal_center),0.0476
KI67 1 in 200 run5.ndpi,Annotation (germinal_center),0.0437
KI67 1 in 200 run5.ndpi,Annotation (germinal_center),0.0454
KI67 1 in 200 run5.ndpi,Annotation (germinal_center),0.0696
KI67 1 in 200 run5.ndpi,Annotation (germinal_center),0.0427
KI67 1 in 200 run5.ndpi,Annotation (germinal_center),0.0806
KI67 1 in 200 run5.ndpi,Annotation (germinal_center),0.0677
KI67 1 in 200 run5.ndpi,Annotation (germinal_center),0.0416
KI67 1 in 200 run5.ndpi,Annotation (germinal_center),0.0718
KI67 1 in 200 run5.ndpi,Annotation (germinal_center),0.0568
KI67 1 in 200 run5.ndpi,Annotation (germinal_center),0.0409
KI67 1 in 200 run5.ndpi,Annotation (germinal_center),0.0468
KI67 1 in 200 run5.ndpi,Annotation (germinal_center),0.0757
KI67 1 in 200 run5.ndpi,Annotation (germinal_center),0.0476
KI67 1 in 200 run5.ndpi,Annotation (germinal_center),0.0604
KI67 1 in 200 run5.ndpi,Annotation (germinal_center),0.0253
KI67 1 in 200 run5.ndpi,Annotation (germinal_center),0.0529
KI67 1 in 200 run5.ndpi,Annotation (germinal_center),0.0597
KI67 1 in 200 run5.ndpi,Annotation (germinal_center),0.0515
KI67 1 in 200 run5.ndpi,Annotation (germinal_center),0.0425
KI67 1 in 200 run5.ndpi,Annotation (germinal_center),0.0782
KI67 1 in 200 run5.ndpi,Annotation (germinal_center),0.0533
KI67 1 in 200 run5.ndpi,Annotation (germinal_center),0.0459
KI67 1 in 200 run5.ndpi,Annotation (germinal_center),0.0427
KI67 1 in 200 run5.ndpi,Annotation (germinal_center),0.0319
KI67 1 in 200 run5.ndpi,Annotation (germinal_center),0.0431
KI67 1 in 200 run5.ndpi,Annotation (germinal_center),0.0501
KI67 1 in 200 run5.ndpi,Annotation (germinal_center),0.0313
KI67 1 in 200 run5.ndpi,Annotation (germinal_center),0.041
KI67 1 in 200 run5.ndpi,Annotation (germinal_center),0.0492
KI67 1 in 200 run5.ndpi,Annotation (germinal_center),0.0488
KI67 1 in 200 run5.ndpi,Annotation (germinal_center),0.0413
KI67 1 in 200 run5.ndpi,Annotation (germinal_center),0.0443
KI67 1 in 200 run5.ndpi,Annotation (germinal_center),0.0698
KI67 1 in 200 run5.ndpi,Annotation (germinal_center),0.0423
KI67 1 in 200 run5.ndpi,Annotation (germinal_center),0.0628
KI67 1 in 200 run5.ndpi,Annotation (germinal_center),0.0448
KI67 1 in 200 run5.ndpi,Annotation (germinal_center),0.0348
KI67 1 in 200 run5.ndpi,Annotation (germinal_center),0.0786
KI67 1 in 200 run5.ndpi,Annotation (germinal_center),0.0485
KI67 1 in 200 run5.ndpi,Annotation (germinal_center),0.0363
KI67 1 in 200 run5.ndpi,Annotation (germinal_center),0.0615
KI67 1 in 200 run5.ndpi,Annotation (germinal_center),0.0422
KI67 1 in 200 run5.ndpi,Annotation (germinal_center),0.0476
KI67 1 in 200 run5.ndpi,Annotation (germinal_center),0.0513
KI67 1 in 200 run5.ndpi,Annotation (germinal_center),0.0392
KI67 1 in 200 run5.ndpi,Annotation (germinal_center),0.0435
KI67 1 in 200 run5.ndpi,Annotation (germinal_center),0.0714
KI67 1 in 200 run5.ndpi,Annotation (germinal_center),0.0501
KI67 1 in 200 run5.ndpi,Annotation (germinal_center),0.0436
KI67 1 in 200 run5.ndpi,Annotation (germinal_center),0.0454
KI67 1 in 200 run5.ndpi,Annotation (germinal_center),0.0477
KI67 1 in 200 run5.ndpi,Annotation (germinal_center),0.0685
KI67 1 in 200 run5.ndpi,Annotation (germinal_center),0.0252
KI67 1 in 200 run5.ndpi,Annotation (germinal_center),0.0593
KI67 1 in 200 run5.ndpi,Annotation (germinal_center),0.0794
KI67 1 in 200 run5.ndpi,Annotation (germinal_center),0.0706
KI67 1 in 200 run5.ndpi,Annotation (germinal_center),0.0324
KI67 1 in 200 run5.ndpi,Annotation (germinal_center),0.0474
KI67 1 in 200 run5.ndpi,Annotation (germinal_center),0.0372
KI67 1 in 200 run5.ndpi,Annotation (germinal_center),0.0243
KI67 1 in 200 run5.ndpi,Annotation (germinal_center),0.0235
KI67 1 in 200 run5.ndpi,Annotation (germinal_center),0.031
KI67 1 in 200 run5.ndpi,Annotation (germinal_center),0.0468
KI67 1 in 200 run5.ndpi,Annotation (germinal_center),0.0377
KI67 1 in 200 run5.ndpi,Annotation (germinal_center),0.035
KI67 1 in 200 run5.ndpi,Annotation (germinal_center),0.0528
KI67 1 in 200 run5.ndpi,Annotation (germinal_center),0.0404
KI67 1 in 200 run5.ndpi,Annotation (germinal_center),0.0797
KI67 1 in 200 run5.ndpi,Annotation (germinal_center),0.031
KI67 1 in 200 run5.ndpi,Annotation (germinal_center),0.0707
KI67 1 in 200 run5.ndpi,Annotation (germinal_center),0.0299
KI67 1 in 200 run5.ndpi,Annotation (germinal_center),0.0364
KI67 1 in 200 run5.ndpi,Annotation (germinal_center),0.0452
KI67 1 in 200 run5.ndpi,Annotation (germinal_center),0.0472
KI67 1 in 200 run5.ndpi,Annotation (germinal_center),0.0451
KI67 1 in 200 run5.ndpi,Annotation (germinal_center),0.0731
KI67 1 in 200 run5.ndpi,Annotation (germinal_center),0.0469
KI67 1 in 200 run5.ndpi,Annotation (germinal_center),0.0335
KI67 1 in 200 run5.ndpi,Annotation (germinal_center),0.0357
KI67 1 in 200 run5.ndpi,Annotation (germinal_center),0.0571
KI67 1 in 200 run5.ndpi,Annotation (germinal_center),0.0529
KI67 1 in 200 run5.ndpi,Annotation (germinal_center),0.0511
KI67 1 in 200 run5.ndpi,Annotation (germinal_center),0.0425
KI67 1 in 200 run5.ndpi,Annotation (germinal_center),0.0878
KI67 1 in 200 run5.ndpi,Annotation (germinal_center),0.039
KI67 1 in 200 run5.ndpi,Annotation (germinal_center),0.06
KI67 1 in 200 run5.ndpi,Annotation (germinal_center),0.1002
KI67 1 in 200 run5.ndpi,Annotation (germinal_center),0.0574
KI67 1 in 200 run5.ndpi,Annotation (germinal_center),0.0675
KI67 1 in 200 run5.ndpi,Annotation (germinal_center),0.0564
KI67 1 in 200 run5.ndpi,Annotation (germinal_center),0.0833
KI67 1 in 200 run5.ndpi,Annotation (germinal_center),0.0651
KI67 1 in 200 run5.ndpi,Annotation (germinal_center),0.0535
KI67 1 in 200 run5.ndpi,Annotation (germinal_center),0.059
KI67 1 in 200 run5.ndpi,Annotation (germinal_center),0.0439
KI67 1 in 200 run5.ndpi,Annotation (germinal_center),0.0598
KI67 1 in 200 run5.ndpi,Annotation (germinal_center),0.0305
KI67 1 in 200 run5.ndpi,Annotation (germinal_center),0.0665
KI67 1 in 200 run5.ndpi,Annotation (germinal_center),0.0284
KI67 1 in 200 run5.ndpi,Annotation (germinal_center),0.0392
KI67 1 in 200 run5.ndpi,Annotation (germinal_center),0.0368
KI67 1 in 200 run5.ndpi,Annotation (germinal_center),0.0726
KI67 1 in 200 run5.ndpi,Annotation (germinal_center),0.0567
KI67 1 in 200 run5.ndpi,Annotation (germinal_center),0.0351
KI67 1 in 200 run5.ndpi,Annotation (germinal_center),0.0493
KI67 1 in 200 run5.ndpi,Annotation (germinal_center),0.089
KI67 1 in 200 run5.ndpi,Annotation (germinal_center),0.0756
KI67 1 in 200 run5.ndpi,Annotation (germinal_center),0.0373
KI67 1 in 200 run5.ndpi,Annotation (germinal_center),0.0395
KI67 1 in 200 run5.ndpi,Annotation (germinal_center),0.0405
KI67 1 in 200 run5.ndpi,Annotation (germinal_center),0.0618
KI67 1 in 200 run5.ndpi,Annotation (germinal_center),0.0423
KI67 1 in 200 run5.ndpi,Annotation (germinal_center),0.0629
KI67 1 in 200 run5.ndpi,Annotation (germinal_center),0.0389
KI67 1 in 200 run5.ndpi,Annotation (germinal_center),0.0695
KI67 1 in 200 run5.ndpi,Annotation (germinal_center),0.037
KI67 1 in 200 run5.ndpi,Annotation (germinal_center),0.0458
KI67 1 in 200 run5.ndpi,Annotation (germinal_center),0.049
KI67 1 in 200 run5.ndpi,Annotation (germinal_center),0.0422
KI67 1 in 200 run5.ndpi,Annotation (germinal_center),0.0452
KI67 1 in 200 run5.ndpi,Annotation (germinal_center),0.0695
KI67 1 in 200 run5.ndpi,Annotation (germinal_center),0.0527
KI67 1 in 200 run5.ndpi,Annotation (germinal_center),0.0434
KI67 1 in 200 run5.ndpi,Annotation (germinal_center),0.0323
KI67 1 in 200 run5.ndpi,Annotation (germinal_center),0.0616
KI67 1 in 200 run5.ndpi,Annotation (germinal_center),0.0328
KI67 1 in 200 run5.ndpi,Annotation (germinal_center),0.0412
KI67 1 in 200 run5.ndpi,Annotation (germinal_center),0.0397
KI67 1 in 200 run5.ndpi,Annotation (germinal_center),0.0652
KI67 1 in 200 run5.ndpi,Annotation (germinal_center),0.0553
KI67 1 in 200 run5.ndpi,Annotation (germinal_center),0.0479
KI67 1 in 200 run5.ndpi,Annotation (germinal_center),0.0305
KI67 1 in 200 run5.ndpi,Annotation (germinal_center),0.0386
KI67 1 in 200 run5.ndpi,Annotation (germinal_center),0.0722
KI67 1 in 200 run5.ndpi,Annotation (germinal_center),0.046
KI67 1 in 200 run5.ndpi,Annotation (germinal_center),0.0552
KI67 1 in 200 run5.ndpi,Annotation (germinal_center),0.0521
KI67 1 in 200 run5.ndpi,Annotation (germinal_center),0.0403
KI67 1 in 200 run5.ndpi,Annotation (germinal_center),0.0671
KI67 1 in 200 run5.ndpi,Annotation (germinal_center),0.0462
KI67 1 in 200 run5.ndpi,Annotation (germinal_center),0.0669
KI67 1 in 200 run5.ndpi,Annotation (germinal_center),0.0673
KI67 1 in 200 run5.ndpi,Annotation (germinal_center),0.0298
KI67 1 in 200 run5.ndpi,Annotation (germinal_center),0.0606
KI67 1 in 200 run5.ndpi,Annotation (germinal_center),0.0341
KI67 1 in 200 run5.ndpi,Annotation (germinal_center),0.0446
KI67 1 in 200 run5.ndpi,Annotation (germinal_center),0.0579
KI67 1 in 200 run5.ndpi,Annotation (germinal_center),0.0563
KI67 1 in 200 run5.ndpi,Annotation (germinal_center),0.0253
KI67 1 in 200 run5.ndpi,Annotation (germinal_center),0.0721
KI67 1 in 200 run5.ndpi,Annotation (germinal_center),0.0851
KI67 1 in 200 run5.ndpi,Annotation (germinal_center),0.0454
KI67 1 in 200 run5.ndpi,Annotation (germinal_center),0.045
KI67 1 in 200 run5.ndpi,Annotation (germinal_center),0.0414
KI67 1 in 200 run5.ndpi,Annotation (germinal_center),0.048
KI67 1 in 200 run5.ndpi,Annotation (germinal_center),0.0455
KI67 1 in 200 run5.ndpi,Annotation (germinal_center),0.0392
KI67 1 in 200 run5.ndpi,Annotation (germinal_center),0.0368
KI67 1 in 200 run5.ndpi,Annotation (germinal_center),0.0749
KI67 1 in 200 run5.ndpi,Annotation (germinal_center),0.0684
KI67 1 in 200 run5.ndpi,Annotation (germinal_center),0.0331
KI67 1 in 200 run5.ndpi,Annotation (germinal_center),0.0371
KI67 1 in 200 run5.ndpi,Annotation (germinal_center),0.0416
KI67 1 in 200 run5.ndpi,Annotation (germinal_center),0.0574
KI67 1 in 200 run5.ndpi,Annotation (germinal_center),0.0602
KI67 1 in 200 run5.ndpi,Annotation (germinal_center),0.0504
KI67 1 in 200 run5.ndpi,Annotation (germinal_center),0.0686
KI67 1 in 200 run5.ndpi,Annotation (germinal_center),0.0373
KI67 1 in 200 run5.ndpi,Annotation (germinal_center),0.0536
KI67 1 in 200 run5.ndpi,Annotation (germinal_center),0.0343
KI67 1 in 200 run5.ndpi,Annotation (germinal_center),0.0473
KI67 1 in 200 run5.ndpi,Annotation (germinal_center),0.0363
KI67 1 in 200 run5.ndpi,Annotation (germinal_center),0.0388
KI67 1 in 200 run5.ndpi,Annotation (germinal_center),0.0931
KI67 1 in 200 run5.ndpi,Annotation (germinal_center),0.058
KI67 1 in 200 run5.ndpi,Annotation (germinal_center),0.0556
KI67 1 in 200 run5.ndpi,Annotation (germinal_center),0.0418
KI67 1 in 200 run5.ndpi,Annotation (germinal_center),0.0426
KI67 1 in 200 run5.ndpi,Annotation (germinal_center),0.0381
KI67 1 in 200 run5.ndpi,Annotation (germinal_center),0.0562
KI67 1 in 200 run5.ndpi,Annotation (germinal_center),0.0618
KI67 1 in 200 run5.ndpi,Annotation (germinal_center),0.0643
KI67 1 in 200 run5.ndpi,Annotation (germinal_center),0.0457
KI67 1 in 200 run5.ndpi,Annotation (germinal_center),0.0332
KI67 1 in 200 run5.ndpi,Annotation (germinal_center),0.0397
KI67 1 in 200 run5.ndpi,Annotation (germinal_center),0.0517
KI67 1 in 200 run5.ndpi,Annotation (germinal_center),0.0312
KI67 1 in 200 run5.ndpi,Annotation (germinal_center),0.0296
KI67 1 in 200 run5.ndpi,Annotation (germinal_center),0.0402
KI67 1 in 200 run5.ndpi,Annotation (germinal_center),0.0754
KI67 1 in 200 run5.ndpi,Annotation (germinal_center),0.0308
KI67 1 in 200 run5.ndpi,Annotation (germinal_center),0.0387
KI67 1 in 200 run5.ndpi,Annotation (germinal_center),0.083
KI67 1 in 200 run5.ndpi,Annotation (germinal_center),0.0353
KI67 1 in 200 run5.ndpi,Annotation (germinal_center),0.0468
KI67 1 in 200 run5.ndpi,Annotation (germinal_center),0.046
KI67 1 in 200 run5.ndpi,Annotation (germinal_center),0.0462
KI67 1 in 200 run5.ndpi,Annotation (germinal_center),0.0549
KI67 1 in 200 run5.ndpi,Annotation (germinal_center),0.0498
KI67 1 in 200 run5.ndpi,Annotation (germinal_center),0.0273
KI67 1 in 200 run5.ndpi,Annotation (germinal_center),0.04
KI67 1 in 200 run5.ndpi,Annotation (germinal_center),0.3207
KI67 1 in 200 run5.ndpi,Annotation (germinal_center),0.0508
KI67 1 in 200 run5.ndpi,Annotation (germinal_center),0.0341
KI67 1 in 200 run5.ndpi,Annotation (germinal_center),0.0391
KI67 1 in 200 run5.ndpi,Annotation (germinal_center),0.0566
KI67 1 in 200 run5.ndpi,Annotation (germinal_center),0.0653
KI67 1 in 200 run5.ndpi,Annotation (germinal_center),0.0446
KI67 1 in 200 run5.ndpi,Annotation (germinal_center),0.1133
KI67 1 in 200 run5.ndpi,Annotation (germinal_center),0.0809
KI67 1 in 200 run5.ndpi,Annotation (germinal_center),0.0509
KI67 1 in 200 run5.ndpi,Annotation (germinal_center),0.0392
KI67 1 in 200 run5.ndpi,Annotation (germinal_center),0.0811
KI67 1 in 200 run5.ndpi,Annotation (germinal_center),0.0461
KI67 1 in 200 run5.ndpi,Annotation (germinal_center),0.0451
KI67 1 in 200 run5.ndpi,Annotation (germinal_center),0.048
KI67 1 in 200 run5.ndpi,Annotation (germinal_center),0.0326
KI67 1 in 200 run5.ndpi,Annotation (germinal_center),0.0553
KI67 1 in 200 run5.ndpi,Annotation (germinal_center),0.0442
KI67 1 in 200 run5.ndpi,Annotation (germinal_center),0.0503
KI67 1 in 200 run5.ndpi,Annotation (germinal_center),0.069
KI67 1 in 200 run5.ndpi,Annotation (germinal_center),0.0388
KI67 1 in 200 run5.ndpi,Annotation (germinal_center),0.0723
KI67 1 in 200 run5.ndpi,Annotation (germinal_center),0.0411
KI67 1 in 200 run5.ndpi,Annotation (germinal_center),0.0544
KI67 1 in 200 run5.ndpi,Annotation (germinal_center),0.0431
KI67 1 in 200 run5.ndpi,Annotation (germinal_center),0.0751
KI67 1 in 200 run5.ndpi,Annotation (germinal_center),0.0307
KI67 1 in 200 run5.ndpi,Annotation (germinal_center),0.0646
KI67 1 in 200 run5.ndpi,Annotation (germinal_center),0.0401
KI67 1 in 200 run5.ndpi,Annotation (germinal_center),0.04
KI67 1 in 200 run5.ndpi,Annotation (germinal_center),0.0472
KI67 1 in 200 run5.ndpi,Annotation (germinal_center),0.0458
KI67 1 in 200 run5.ndpi,Annotation (germinal_center),0.0387
KI67 1 in 200 run5.ndpi,Annotation (germinal_center),0.0323
KI67 1 in 200 run5.ndpi,Annotation (germinal_center),0.0434
KI67 1 in 200 run5.ndpi,Annotation (germinal_center),0.0386
KI67 1 in 200 run5.ndpi,Annotation (germinal_center),0.0839
KI67 1 in 200 run5.ndpi,Annotation (germinal_center),0.0614
KI67 1 in 200 run5.ndpi,Annotation (germinal_center),0.0365
KI67 1 in 200 run5.ndpi,Annotation (germinal_center),0.0456
KI67 1 in 200 run5.ndpi,Annotation (germinal_center),0.0609
KI67 1 in 200 run5.ndpi,Annotation (germinal_center),0.0499
KI67 1 in 200 run5.ndpi,Annotation (germinal_center),0.0527
KI67 1 in 200 run5.ndpi,Annotation (germinal_center),0.0592
KI67 1 in 200 run5.ndpi,Annotation (germinal_center),0.0606
KI67 1 in 200 run5.ndpi,Annotation (germinal_center),0.0597
KI67 1 in 200 run5.ndpi,Annotation (germinal_center),0.0325
KI67 1 in 200 run5.ndpi,Annotation (germinal_center),0.0771
KI67 1 in 200 run5.ndpi,Annotation (germinal_center),0.0396
KI67 1 in 200 run5.ndpi,Annotation (germinal_center),0.0449
KI67 1 in 200 run5.ndpi,Annotation (germinal_center),0.073
KI67 1 in 200 run5.ndpi,Annotation (germinal_center),0.0434
KI67 1 in 200 run5.ndpi,Annotation (germinal_center),0.0911
KI67 1 in 200 run5.ndpi,Annotation (germinal_center),0.0348
KI67 1 in 200 run5.ndpi,Annotation (germinal_center),0.0444
KI67 1 in 200 run5.ndpi,Annotation (germinal_center),0.079
KI67 1 in 200 run5.ndpi,Annotation (germinal_center),0.039
KI67 1 in 200 run5.ndpi,Annotation (germinal_center),0.052
KI67 1 in 200 run5.ndpi,Annotation (germinal_center),0.0485
KI67 1 in 200 run5.ndpi,Annotation (germinal_center),0.0594
KI67 1 in 200 run5.ndpi,Annotation (germinal_center),0.0432
KI67 1 in 200 run5.ndpi,Annotation (germinal_center),0.0546
KI67 1 in 200 run5.ndpi,Annotation (germinal_center),0.0518
KI67 1 in 200 run5.ndpi,Annotation (germinal_center),0.0521
KI67 1 in 200 run5.ndpi,Annotation (germinal_center),0.0399
KI67 1 in 200 run5.ndpi,Annotation (germinal_center),0.0495
KI67 1 in 200 run5.ndpi,Annotation (germinal_center),0.0474
KI67 1 in 200 run5.ndpi,Annotation (germinal_center),0.0445
KI67 1 in 200 run5.ndpi,Annotation (germinal_center),0.0192
KI67 1 in 200 run5.ndpi,Annotation (germinal_center),0.0401
KI67 1 in 200 run5.ndpi,Annotation (germinal_center),0.0622
KI67 1 in 200 run5.ndpi,Annotation (germinal_center),0.032
KI67 1 in 200 run5.ndpi,Annotation (germinal_center),0.0494
KI67 1 in 200 run5.ndpi,Annotation (germinal_center),0.0605
KI67 1 in 200 run5.ndpi,Annotation (germinal_center),0.0399
KI67 1 in 200 run5.ndpi,Annotation (germinal_center),0.034
KI67 1 in 200 run5.ndpi,Annotation (germinal_center),0.0784
KI67 1 in 200 run5.ndpi,Annotation (germinal_center),0.0491
KI67 1 in 200 run5.ndpi,Annotation (germinal_center),0.0631
KI67 1 in 200 run5.ndpi,Annotation (germinal_center),0.0747
KI67 1 in 200 run5.ndpi,Annotation (germinal_center),0.0469
KI67 1 in 200 run5.ndpi,Annotation (germinal_center),0.0774
KI67 1 in 200 run5.ndpi,Annotation (germinal_center),0.0518
KI67 1 in 200 run5.ndpi,Annotation (germinal_center),0.0542
KI67 1 in 200 run5.ndpi,Annotation (germinal_center),0.0494
KI67 1 in 200 run5.ndpi,Annotation (germinal_center),0.0393
KI67 1 in 200 run5.ndpi,Annotation (germinal_center),0.0507
KI67 1 in 200 run5.ndpi,Annotation (germinal_center),0.0499
KI67 1 in 200 run5.ndpi,Annotation (germinal_center),0.0397
KI67 1 in 200 run5.ndpi,Annotation (germinal_center),0.0354
KI67 1 in 200 run5.ndpi,Annotation (germinal_center),0.0504
KI67 1 in 200 run5.ndpi,Annotation (germinal_center),0.0709
KI67 1 in 200 run5.ndpi,Annotation (germinal_center),0.0415
KI67 1 in 200 run5.ndpi,Annotation (germinal_center),0.0351
KI67 1 in 200 run5.ndpi,Annotation (germinal_center),0.0872
KI67 1 in 200 run5.ndpi,Annotation (germinal_center),0.0645
KI67 1 in 200 run5.ndpi,Annotation (germinal_center),0.0391
KI67 1 in 200 run5.ndpi,Annotation (germinal_center),0.0252
KI67 1 in 200 run5.ndpi,Annotation (germinal_center),0.0187
KI67 1 in 200 run5.ndpi,Annotation (germinal_center),0.0291
KI67 1 in 200 run5.ndpi,Annotation (germinal_center),0.0325
KI67 1 in 200 run5.ndpi,Annotation (germinal_center),0.0365
KI67 1 in 200 run5.ndpi,Annotation (germinal_center),0.0525
KI67 1 in 200 run5.ndpi,Annotation (germinal_center),0.0243
KI67 1 in 200 run5.ndpi,Annotation (germinal_center),0.0494
KI67 1 in 200 run5.ndpi,Annotation (germinal_center),0.0594
KI67 1 in 200 run5.ndpi,Annotation (germinal_center),0.054
KI67 1 in 200 run5.ndpi,Annotation (germinal_center),0.0205
KI67 1 in 200 run5.ndpi,Annotation (germinal_center),0.0531
KI67 1 in 200 run5.ndpi,Annotation (germinal_center),0.0452
KI67 1 in 200 run5.ndpi,Annotation (germinal_center),0.0303
KI67 1 in 200 run5.ndpi,Annotation (germinal_center),0.0422
KI67 1 in 200 run5.ndpi,Annotation (germinal_center),0.0596
KI67 1 in 200 run5.ndpi,Annotation (germinal_center),0.0339
KI67 1 in 200 run5.ndpi,Annotation (germinal_center),0.0493
KI67 1 in 200 run5.ndpi,Annotation (germinal_center),0.0408
KI67 1 in 200 run5.ndpi,Annotation (germinal_center),0.0451
KI67 1 in 200 run5.ndpi,Annotation (germinal_center),0.0453
KI67 1 in 200 run5.ndpi,Annotation (germinal_center),0.0439
KI67 1 in 200 run5.ndpi,Annotation (germinal_center),0.0353
KI67 1 in 200 run5.ndpi,Annotation (germinal_center),0.0525
KI67 1 in 200 run5.ndpi,Annotation (germinal_center),0.0424
KI67 1 in 200 run5.ndpi,Annotation (germinal_center),0.0337
KI67 1 in 200 run5.ndpi,Annotation (germinal_center),0.0419
KI67 1 in 200 run5.ndpi,Annotation (germinal_center),0.0384
KI67 1 in 200 run5.ndpi,Annotation (germinal_center),0.0555
KI67 1 in 200 run5.ndpi,Annotation (germinal_center),0.0416
KI67 1 in 200 run5.ndpi,Annotation (germinal_center),0.0781
KI67 1 in 200 run5.ndpi,Annotation (germinal_center),0.0638
KI67 1 in 200 run5.ndpi,Annotation (germinal_center),0.0289
KI67 1 in 200 run5.ndpi,Annotation (germinal_center),0.0624
KI67 1 in 200 run5.ndpi,Annotation (germinal_center),0.0404
KI67 1 in 200 run5.ndpi,Annotation (germinal_center),0.0319
KI67 1 in 200 run5.ndpi,Annotation (germinal_center),0.0378
KI67 1 in 200 run5.ndpi,Annotation (germinal_center),0.0638
KI67 1 in 200 run5.ndpi,Annotation (germinal_center),0.0427
KI67 1 in 200 run5.ndpi,Annotation (germinal_center),0.0591
KI67 1 in 200 run5.ndpi,Annotation (germinal_center),0.0412
KI67 1 in 200 run5.ndpi,Annotation (germinal_center),0.0401
KI67 1 in 200 run5.ndpi,Annotation (germinal_center),0.031
KI67 1 in 200 run5.ndpi,Annotation (germinal_center),0.0671
KI67 1 in 200 run5.ndpi,Annotation (germinal_center),0.0646
KI67 1 in 200 run5.ndpi,Annotation (germinal_center),0.0438
KI67 1 in 200 run5.ndpi,Annotation (germinal_center),0.0334
KI67 1 in 200 run5.ndpi,Annotation (germinal_center),0.0602
KI67 1 in 200 run5.ndpi,Annotation (germinal_center),0.0529
KI67 1 in 200 run5.ndpi,Annotation (germinal_center),0.0469
KI67 1 in 200 run5.ndpi,Annotation (germinal_center),0.0502
KI67 1 in 200 run5.ndpi,Annotation (germinal_center),0.0453
KI67 1 in 200 run5.ndpi,Annotation (germinal_center),0.0354
KI67 1 in 200 run5.ndpi,Annotation (germinal_center),0.036
KI67 1 in 200 run5.ndpi,Annotation (germinal_center),0.0463
KI67 1 in 200 run5.ndpi,Annotation (germinal_center),0.0774
KI67 1 in 200 run5.ndpi,Annotation (germinal_center),0.0319
KI67 1 in 200 run5.ndpi,Annotation (germinal_center),0.0459
KI67 1 in 200 run5.ndpi,Annotation (germinal_center),0.052
KI67 1 in 200 run5.ndpi,Annotation (germinal_center),0.0419
KI67 1 in 200 run5.ndpi,Annotation (germinal_center),0.0525
KI67 1 in 200 run5.ndpi,Annotation (germinal_center),0.0597
KI67 1 in 200 run5.ndpi,Annotation (germinal_center),0.0433
KI67 1 in 200 run5.ndpi,Annotation (germinal_center),0.0554
KI67 1 in 200 run5.ndpi,Annotation (germinal_center),0.0527
KI67 1 in 200 run5.ndpi,Annotation (germinal_center),0.0401
KI67 1 in 200 run5.ndpi,Annotation (germinal_center),0.0548
KI67 1 in 200 run5.ndpi,Annotation (germinal_center),0.0453
KI67 1 in 200 run5.ndpi,Annotation (germinal_center),0.0535
KI67 1 in 200 run5.ndpi,Annotation (germinal_center),0.0468
KI67 1 in 200 run5.ndpi,Annotation (germinal_center),0.0501
KI67 1 in 200 run5.ndpi,Annotation (germinal_center),0.0483
KI67 1 in 200 run5.ndpi,Annotation (germinal_center),0.0482
KI67 1 in 200 run5.ndpi,Annotation (germinal_center),0.0467
KI67 1 in 200 run5.ndpi,Annotation (germinal_center),0.0718
KI67 1 in 200 run5.ndpi,Annotation (germinal_center),0.0487
KI67 1 in 200 run5.ndpi,Annotation (germinal_center),0.0682
KI67 1 in 200 run5.ndpi,Annotation (germinal_center),0.0539
KI67 1 in 200 run5.ndpi,Annotation (germinal_center),0.0478
KI67 1 in 200 run5.ndpi,Annotation (germinal_center),0.0442
KI67 1 in 200 run5.ndpi,Annotation (germinal_center),0.0334
KI67 1 in 200 run5.ndpi,Annotation (germinal_center),0.0489
KI67 1 in 200 run5.ndpi,Annotation (germinal_center),0.0227
KI67 1 in 200 run5.ndpi,Annotation (germinal_center),0.0587
KI67 1 in 200 run5.ndpi,Annotation (germinal_center),0.0634
KI67 1 in 200 run5.ndpi,Annotation (germinal_center),0.0356
KI67 1 in 200 run5.ndpi,Annotation (germinal_center),0.0387
KI67 1 in 200 run5.ndpi,Annotation (germinal_center),0.0332
KI67 1 in 200 run5.ndpi,Annotation (germinal_center),0.0422
KI67 1 in 200 run5.ndpi,Annotation (germinal_center),0.0421
KI67 1 in 200 run5.ndpi,Annotation (germinal_center),0.0318
KI67 1 in 200 run5.ndpi,Annotation (germinal_center),0.0444
KI67 1 in 200 run5.ndpi,Annotation (germinal_center),0.0493
KI67 1 in 200 run5.ndpi,Annotation (germinal_center),0.0607
KI67 1 in 200 run5.ndpi,Annotation (germinal_center),0.0393
KI67 1 in 200 run5.ndpi,Annotation (germinal_center),0.0226
KI67 1 in 200 run5.ndpi,Annotation (germinal_center),0.0427
KI67 1 in 200 run5.ndpi,Annotation (germinal_center),0.0496
KI67 1 in 200 run5.ndpi,Annotation (germinal_center),0.0748
KI67 1 in 200 run5.ndpi,Annotation (germinal_center),0.0439
KI67 1 in 200 run5.ndpi,Annotation (germinal_center),0.034
KI67 1 in 200 run5.ndpi,Annotation (germinal_center),0.0714
KI67 1 in 200 run5.ndpi,Annotation (germinal_center),0.0458
KI67 1 in 200 run5.ndpi,Annotation (germinal_center),0.029
KI67 1 in 200 run5.ndpi,Annotation (germinal_center),0.0477
KI67 1 in 200 run5.ndpi,Annotation (germinal_center),0.0392
KI67 1 in 200 run5.ndpi,Annotation (germinal_center),0.0253
KI67 1 in 200 run5.ndpi,Annotation (germinal_center),0.0402
KI67 1 in 200 run5.ndpi,Annotation (germinal_center),0.0448
KI67 1 in 200 run5.ndpi,Annotation (germinal_center),0.0286
KI67 1 in 200 run5.ndpi,Annotation (germinal_center),0.0439
KI67 1 in 200 run5.ndpi,Annotation (germinal_center),0.0521
KI67 1 in 200 run5.ndpi,Annotation (germinal_center),0.0402
KI67 1 in 200 run5.ndpi,Annotation (germinal_center),0.0641
KI67 1 in 200 run5.ndpi,Annotation (germinal_center),0.0424
KI67 1 in 200 run5.ndpi,Annotation (germinal_center),0.0769
KI67 1 in 200 run5.ndpi,Annotation (germinal_center),0.0353
KI67 1 in 200 run5.ndpi,Annotation (germinal_center),0.045
KI67 1 in 200 run5.ndpi,Annotation (germinal_center),0.0491
KI67 1 in 200 run5.ndpi,Annotation (germinal_center),0.0364
KI67 1 in 200 run5.ndpi,Annotation (germinal_center),0.0422
KI67 1 in 200 run5.ndpi,Annotation (germinal_center),0.0362
KI67 1 in 200 run5.ndpi,Annotation (germinal_center),0.0612
KI67 1 in 200 run5.ndpi,Annotation (germinal_center),0.0408
KI67 1 in 200 run5.ndpi,Annotation (germinal_center),0.0677
KI67 1 in 200 run5.ndpi,Annotation (germinal_center),0.0383
KI67 1 in 200 run5.ndpi,Annotation (germinal_center),0.0999
KI67 1 in 200 run5.ndpi,Annotation (germinal_center),0.047
KI67 1 in 200 run5.ndpi,Annotation (germinal_center),0.0543
KI67 1 in 200 run5.ndpi,Annotation (germinal_center),0.0392
KI67 1 in 200 run5.ndpi,Annotation (germinal_center),0.0541
KI67 1 in 200 run5.ndpi,Annotation (germinal_center),0.0385
KI67 1 in 200 run5.ndpi,Annotation (germinal_center),0.0726
KI67 1 in 200 run5.ndpi,Annotation (germinal_center),0.0326
KI67 1 in 200 run5.ndpi,Annotation (germinal_center),0.0737
KI67 1 in 200 run5.ndpi,Annotation (germinal_center),0.0256
KI67 1 in 200 run5.ndpi,Annotation (germinal_center),0.0444
KI67 1 in 200 run5.ndpi,Annotation (germinal_center),0.0389
KI67 1 in 200 run5.ndpi,Annotation (germinal_center),0.0597
KI67 1 in 200 run5.ndpi,Annotation (germinal_center),0.035
KI67 1 in 200 run5.ndpi,Annotation (germinal_center),0.0303
KI67 1 in 200 run5.ndpi,Annotation (germinal_center),0.0236
KI67 1 in 200 run5.ndpi,Annotation (germinal_center),0.0316
KI67 1 in 200 run5.ndpi,Annotation (germinal_center),0.0339
KI67 1 in 200 run5.ndpi,Annotation (germinal_center),0.0676
KI67 1 in 200 run5.ndpi,Annotation (germinal_center),0.0342
KI67 1 in 200 run5.ndpi,Annotation (germinal_center),0.0608
KI67 1 in 200 run5.ndpi,Annotation (germinal_center),0.0333
KI67 1 in 200 run5.ndpi,Annotation (germinal_center),0.0318
KI67 1 in 200 run5.ndpi,Annotation (germinal_center),0.0377
KI67 1 in 200 run5.ndpi,Annotation (germinal_center),0.0303
KI67 1 in 200 run5.ndpi,Annotation (germinal_center),0.0354
KI67 1 in 200 run5.ndpi,Annotation (germinal_center),0.0421
KI67 1 in 200 run5.ndpi,Annotation (germinal_center),0.0353
KI67 1 in 200 run5.ndpi,Annotation (germinal_center),0.03
KI67 1 in 200 run5.ndpi,Annotation (germinal_center),
KI67 1 in 200 run5.ndpi,Annotation (germinal_center),0.0272
KI67 1 in 200 run5.ndpi,Annotation (germinal_center),0.0307
KI67 1 in 200 run5.ndpi,Annotation (germinal_center),0.0365
KI67 1 in 200 run5.ndpi,Annotation (germinal_center),0.0414
KI67 1 in 200 run5.ndpi,Annotation (germinal_center),0.0746
KI67 1 in 200 run5.ndpi,Annotation (germinal_center),0.0806
KI67 1 in 200 run5.ndpi,Annotation (germinal_center),0.0209
KI67 1 in 200 run5.ndpi,Annotation (germinal_center),0.0424
KI67 1 in 200 run5.ndpi,Annotation (germinal_center),0.0285
KI67 1 in 200 run5.ndpi,Annotation (germinal_center),0.0332
KI67 1 in 200 run5.ndpi,Annotation (germinal_center),0.0785
KI67 1 in 200 run5.ndpi,Annotation (germinal_center),0.0457
KI67 1 in 200 run5.ndpi,Annotation (germinal_center),0.0399
KI67 1 in 200 run5.ndpi,Annotation (germinal_center),0.0322
KI67 1 in 200 run5.ndpi,Annotation (germinal_center),0.0659
KI67 1 in 200 run5.ndpi,Annotation (germinal_center),0.0771
KI67 1 in 200 run5.ndpi,Annotation (germinal_center),0.0521
KI67 1 in 200 run5.ndpi,Annotation (germinal_center),0.0787
KI67 1 in 200 run5.ndpi,Annotation (germinal_center),0.0527
KI67 1 in 200 run5.ndpi,Annotation (germinal_center),0.069
KI67 1 in 200 run5.ndpi,Annotation (germinal_center),0.0367
KI67 1 in 200 run5.ndpi,Annotation (germinal_center),0.0352
KI67 1 in 200 run5.ndpi,Annotation (germinal_center),0.0896
KI67 1 in 200 run5.ndpi,Annotation (germinal_center),0.0432
KI67 1 in 200 run5.ndpi,Annotation (germinal_center),0.088
KI67 1 in 200 run5.ndpi,Annotation (germinal_center),0.0918
KI67 1 in 200 run5.ndpi,Annotation (germinal_center),0.035
KI67 1 in 200 run5.ndpi,Annotation (germinal_center),0.075
KI67 1 in 200 run5.ndpi,Annotation (germinal_center),0.0492
KI67 1 in 200 run5.ndpi,Annotation (germinal_center),0.0794
KI67 1 in 200 run5.ndpi,Annotation (germinal_center),0.0698
KI67 1 in 200 run5.ndpi,Annotation (germinal_center),0.105
KI67 1 in 200 run5.ndpi,Annotation (germinal_center),0.074
KI67 1 in 200 run5.ndpi,Annotation (germinal_center),0.0391
KI67 1 in 200 run5.ndpi,Annotation (germinal_center),0.0525
KI67 1 in 200 run5.ndpi,Annotation (germinal_center),0.0714
KI67 1 in 200 run5.ndpi,Annotation (germinal_center),0.0483
KI67 1 in 200 run5.ndpi,Annotation (germinal_center),0.0915
KI67 1 in 200 run5.ndpi,Annotation (germinal_center),0.0678
KI67 1 in 200 run5.ndpi,Annotation (germinal_center),0.3164
KI67 1 in 200 run5.ndpi,Annotation (germinal_center),0.0781
KI67 1 in 200 run5.ndpi,Annotation (germinal_center),0.0584
KI67 1 in 200 run5.ndpi,Annotation (germinal_center),0.0645
KI67 1 in 200 run5.ndpi,Annotation (germinal_center),0.0562
KI67 1 in 200 run5.ndpi,Annotation (germinal_center),0.0697
KI67 1 in 200 run5.ndpi,Annotation (germinal_center),0.0384
KI67 1 in 200 run5.ndpi,Annotation (germinal_center),0.0809
KI67 1 in 200 run5.ndpi,Annotation (germinal_center),0.0584
KI67 1 in 200 run5.ndpi,Annotation (germinal_center),0.0647
KI67 1 in 200 run5.ndpi,Annotation (germinal_center),0.089
KI67 1 in 200 run5.ndpi,Annotation (germinal_center),0.0824
KI67 1 in 200 run5.ndpi,Annotation (germinal_center),0.0455
KI67 1 in 200 run5.ndpi,Annotation (germinal_center),0.0426
KI67 1 in 200 run5.ndpi,Annotation (germinal_center),0.0725
KI67 1 in 200 run5.ndpi,Annotation (germinal_center),0.0552
KI67 1 in 200 run5.ndpi,Annotation (germinal_center),0.0549
KI67 1 in 200 run5.ndpi,Annotation (germinal_center),0.0657
KI67 1 in 200 run5.ndpi,Annotation (germinal_center),0.0519
KI67 1 in 200 run5.ndpi,Annotation (germinal_center),0.088
KI67 1 in 200 run5.ndpi,Annotation (germinal_center),0.0488
KI67 1 in 200 run5.ndpi,Annotation (germinal_center),0.0488
KI67 1 in 200 run5.ndpi,Annotation (germinal_center),0.0701
KI67 1 in 200 run5.ndpi,Annotation (germinal_center),0.0492
KI67 1 in 200 run5.ndpi,Annotation (germinal_center),0.0557
KI67 1 in 200 run5.ndpi,Annotation (germinal_center),0.0398
KI67 1 in 200 run5.ndpi,Annotation (germinal_center),0.0783
KI67 1 in 200 run5.ndpi,Annotation (germinal_center),0.0607
KI67 1 in 200 run5.ndpi,Annotation (germinal_center),0.0655
KI67 1 in 200 run5.ndpi,Annotation (germinal_center),0.0625
KI67 1 in 200 run5.ndpi,Annotation (germinal_center),0.0744
KI67 1 in 200 run5.ndpi,Annotation (germinal_center),0.1017
KI67 1 in 200 run5.ndpi,Annotation (germinal_center),0.0256
KI67 1 in 200 run5.ndpi,Annotation (germinal_center),0.0541
KI67 1 in 200 run5.ndpi,Annotation (germinal_center),0.066
KI67 1 in 200 run5.ndpi,Annotation (germinal_center),0.055
KI67 1 in 200 run5.ndpi,Annotation (germinal_center),0.0532
KI67 1 in 200 run5.ndpi,Annotation (germinal_center),0.0674
KI67 1 in 200 run5.ndpi,Annotation (germinal_center),0.0425
KI67 1 in 200 run5.ndpi,Annotation (germinal_center),0.0384
KI67 1 in 200 run5.ndpi,Annotation (germinal_center),0.0891
KI67 1 in 200 run5.ndpi,Annotation (germinal_center),0.037
KI67 1 in 200 run5.ndpi,Annotation (germinal_center),0.0693
KI67 1 in 200 run5.ndpi,Annotation (germinal_center),0.0413
KI67 1 in 200 run5.ndpi,Annotation (germinal_center),0.0348
KI67 1 in 200 run5.ndpi,Annotation (germinal_center),0.0324
KI67 1 in 200 run5.ndpi,Annotation (germinal_center),0.1027
KI67 1 in 200 run5.ndpi,Annotation (germinal_center),0.0506
KI67 1 in 200 run5.ndpi,Annotation (germinal_center),0.0699
KI67 1 in 200 run5.ndpi,Annotation (germinal_center),0.0637
KI67 1 in 200 run5.ndpi,Annotation (germinal_center),0.051
KI67 1 in 200 run5.ndpi,Annotation (germinal_center),0.0427
KI67 1 in 200 run5.ndpi,Annotation (germinal_center),0.0418
KI67 1 in 200 run5.ndpi,Annotation (germinal_center),0.0672
KI67 1 in 200 run5.ndpi,Annotation (germinal_center),0.0257
KI67 1 in 200 run5.ndpi,Annotation (germinal_center),0.0647
KI67 1 in 200 run5.ndpi,Annotation (germinal_center),0.0365
KI67 1 in 200 run5.ndpi,Annotation (germinal_center),0.073
KI67 1 in 200 run5.ndpi,Annotation (germinal_center),0.035
KI67 1 in 200 run5.ndpi,Annotation (germinal_center),0.0679
KI67 1 in 200 run5.ndpi,Annotation (germinal_center),0.0351
KI67 1 in 200 run5.ndpi,Annotation (germinal_center),0.0341
KI67 1 in 200 run5.ndpi,Annotation (germinal_center),0.0716
KI67 1 in 200 run5.ndpi,Annotation (germinal_center),0.0351
KI67 1 in 200 run5.ndpi,Annotation (germinal_center),0.0564
KI67 1 in 200 run5.ndpi,Annotation (germinal_center),0.0313
KI67 1 in 200 run5.ndpi,Annotation (germinal_center),0.0408
KI67 1 in 200 run5.ndpi,Annotation (germinal_center),0.0115
KI67 1 in 200 run5.ndpi,Annotation (germinal_center),0.0549
KI67 1 in 200 run5.ndpi,Annotation (germinal_center),0.0524
KI67 1 in 200 run5.ndpi,Annotation (germinal_center),0.0332
KI67 1 in 200 run5.ndpi,Annotation (germinal_center),0.0569
KI67 1 in 200 run5.ndpi,Annotation (germinal_center),0.0537
KI67 1 in 200 run5.ndpi,Annotation (germinal_center),0.0374
KI67 1 in 200 run5.ndpi,Annotation (germinal_center),0.034
KI67 1 in 200 run5.ndpi,Annotation (germinal_center),0.0489
KI67 1 in 200 run5.ndpi,Annotation (germinal_center),0.0345
KI67 1 in 200 run5.ndpi,Annotation (germinal_center),0.0754
KI67 1 in 200 run5.ndpi,Annotation (germinal_center),0.0488
KI67 1 in 200 run5.ndpi,Annotation (germinal_center),0.032
KI67 1 in 200 run5.ndpi,Annotation (germinal_center),0.0368
KI67 1 in 200 run5.ndpi,Annotation (germinal_center),0.0414
KI67 1 in 200 run5.ndpi,Annotation (germinal_center),0.0728
KI67 1 in 200 run5.ndpi,Annotation (germinal_center),0.0354
KI67 1 in 200 run5.ndpi,Annotation (germinal_center),0.0429
KI67 1 in 200 run5.ndpi,Annotation (germinal_center),0.0844
KI67 1 in 200 run5.ndpi,Annotation (germinal_center),0.0344
KI67 1 in 200 run5.ndpi,Annotation (germinal_center),0.068
KI67 1 in 200 run5.ndpi,Annotation (germinal_center),0.0507
KI67 1 in 200 run5.ndpi,Annotation (germinal_center),0.0647
KI67 1 in 200 run5.ndpi,Annotation (germinal_center),0.0412
KI67 1 in 200 run5.ndpi,Annotation (germinal_center),0.0556
KI67 1 in 200 run5.ndpi,Annotation (germinal_center),0.0564
KI67 1 in 200 run5.ndpi,Annotation (germinal_center),0.0308
KI67 1 in 200 run5.ndpi,Annotation (germinal_center),0.0349
KI67 1 in 200 run5.ndpi,Annotation (germinal_center),0.0543
KI67 1 in 200 run5.ndpi,Annotation (germinal_center),0.0461
KI67 1 in 200 run5.ndpi,Annotation (germinal_center),0.0495
KI67 1 in 200 run5.ndpi,Annotation (germinal_center),0.0498
KI67 1 in 200 run5.ndpi,Annotation (germinal_center),0.0408
KI67 1 in 200 run5.ndpi,Annotation (germinal_center),0.3743
KI67 1 in 200 run5.ndpi,Annotation (germinal_center),0.0457
KI67 1 in 200 run5.ndpi,Annotation (germinal_center),0.0461
KI67 1 in 200 run5.ndpi,Annotation (germinal_center),0.0423
KI67 1 in 200 run5.ndpi,Annotation (germinal_center),0.0475
KI67 1 in 200 run5.ndpi,Annotation (germinal_center),0.0805
KI67 1 in 200 run5.ndpi,Annotation (germinal_center),0.0797
KI67 1 in 200 run5.ndpi,Annotation (germinal_center),0.0317
KI67 1 in 200 run5.ndpi,Annotation (germinal_center),0.0539
KI67 1 in 200 run5.ndpi,Annotation (germinal_center),0.0345
KI67 1 in 200 run5.ndpi,Annotation (germinal_center),0.0429
KI67 1 in 200 run5.ndpi,Annotation (germinal_center),0.0434
KI67 1 in 200 run5.ndpi,Annotation (germinal_center),0.0454
KI67 1 in 200 run5.ndpi,Annotation (germinal_center),0.0639
KI67 1 in 200 run5.ndpi,Annotation (germinal_center),0.0428
KI67 1 in 200 run5.ndpi,Annotation (germinal_center),0.0458
KI67 1 in 200 run5.ndpi,Annotation (germinal_center),0.1053
KI67 1 in 200 run5.ndpi,Annotation (germinal_center),0.0554
KI67 1 in 200 run5.ndpi,Annotation (germinal_center),0.0364
KI67 1 in 200 run5.ndpi,Annotation (germinal_center),0.0601
KI67 1 in 200 run5.ndpi,Annotation (germinal_center),0.0255
KI67 1 in 200 run5.ndpi,Annotation (germinal_center),0.0539
KI67 1 in 200 run5.ndpi,Annotation (germinal_center),0.036
KI67 1 in 200 run5.ndpi,Annotation (germinal_center),0.0465
KI67 1 in 200 run5.ndpi,Annotation (germinal_center),0.1152
KI67 1 in 200 run5.ndpi,Annotation (germinal_center),0.031
KI67 1 in 200 run5.ndpi,Annotation (germinal_center),0.0402
KI67 1 in 200 run5.ndpi,Annotation (germinal_center),0.0418
KI67 1 in 200 run5.ndpi,Annotation (germinal_center),0.0481
KI67 1 in 200 run5.ndpi,Annotation (germinal_center),0.0759
KI67 1 in 200 run5.ndpi,Annotation (germinal_center),0.034
KI67 1 in 200 run5.ndpi,Annotation (germinal_center),0.0499
KI67 1 in 200 run5.ndpi,Annotation (germinal_center),0.0303
KI67 1 in 200 run5.ndpi,Annotation (germinal_center),0.0483
KI67 1 in 200 run5.ndpi,Annotation (germinal_center),0.0439
KI67 1 in 200 run5.ndpi,Annotation (germinal_center),0.0693
KI67 1 in 200 run5.ndpi,Annotation (germinal_center),0.072
KI67 1 in 200 run5.ndpi,Annotation (germinal_center),0.0457
KI67 1 in 200 run5.ndpi,Annotation (germinal_center),0.0303
KI67 1 in 200 run5.ndpi,Annotation (germinal_center),0.0476
KI67 1 in 200 run5.ndpi,Annotation (germinal_center),0.0359
KI67 1 in 200 run5.ndpi,Annotation (germinal_center),0.0583
KI67 1 in 200 run5.ndpi,Annotation (germinal_center),0.0679
KI67 1 in 200 run5.ndpi,Annotation (germinal_center),0.062
KI67 1 in 200 run5.ndpi,Annotation (germinal_center),0.0866
KI67 1 in 200 run5.ndpi,Annotation (germinal_center),0.0626
KI67 1 in 200 run5.ndpi,Annotation (germinal_center),0.048
KI67 1 in 200 run5.ndpi,Annotation (germinal_center),0.0643
KI67 1 in 200 run5.ndpi,Annotation (germinal_center),0.0598
KI67 1 in 200 run5.ndpi,Annotation (germinal_center),0.0351
KI67 1 in 200 run5.ndpi,Annotation (germinal_center),0.0469
KI67 1 in 200 run5.ndpi,Annotation (germinal_center),0.0421
KI67 1 in 200 run5.ndpi,Annotation (germinal_center),0.0529
KI67 1 in 200 run5.ndpi,Annotation (germinal_center),0.0304
KI67 1 in 200 run5.ndpi,Annotation (germinal_center),0.0537
KI67 1 in 200 run5.ndpi,Annotation (germinal_center),0.04
KI67 1 in 200 run5.ndpi,Annotation (germinal_center),0.0482
KI67 1 in 200 run5.ndpi,Annotation (germinal_center),0.0896
KI67 1 in 200 run5.ndpi,Annotation (germinal_center),0.0578
KI67 1 in 200 run5.ndpi,Annotation (germinal_center),0.0392
KI67 1 in 200 run5.ndpi,Annotation (germinal_center),0.0519
KI67 1 in 200 run5.ndpi,Annotation (germinal_center),0.0197
KI67 1 in 200 run5.ndpi,Annotation (germinal_center),0.0528
KI67 1 in 200 run5.ndpi,Annotation (germinal_center),0.063
KI67 1 in 200 run5.ndpi,Annotation (germinal_center),0.0655
KI67 1 in 200 run5.ndpi,Annotation (germinal_center),0.0258
KI67 1 in 200 run5.ndpi,Annotation (germinal_center),0.0533
KI67 1 in 200 run5.ndpi,Annotation (germinal_center),0.0564
KI67 1 in 200 run5.ndpi,Annotation (germinal_center),0.059
KI67 1 in 200 run5.ndpi,Annotation (germinal_center),0.0494
KI67 1 in 200 run5.ndpi,Annotation (germinal_center),0.0556
KI67 1 in 200 run5.ndpi,Annotation (germinal_center),0.0806
KI67 1 in 200 run5.ndpi,Annotation (germinal_center),0.0318
KI67 1 in 200 run5.ndpi,Annotation (germinal_center),0.0668
KI67 1 in 200 run5.ndpi,Annotation (germinal_center),0.0552
KI67 1 in 200 run5.ndpi,Annotation (germinal_center),0.0594
KI67 1 in 200 run5.ndpi,Annotation (germinal_center),0.0457
KI67 1 in 200 run5.ndpi,Annotation (germinal_center),0.0382
KI67 1 in 200 run5.ndpi,Annotation (germinal_center),0.0575
KI67 1 in 200 run5.ndpi,Annotation (germinal_center),0.0421
KI67 1 in 200 run5.ndpi,Annotation (germinal_center),0.048
KI67 1 in 200 run5.ndpi,Annotation (germinal_center),0.0531
KI67 1 in 200 run5.ndpi,Annotation (germinal_center),0.0416
KI67 1 in 200 run5.ndpi,Annotation (germinal_center),0.0563
KI67 1 in 200 run5.ndpi,Annotation (germinal_center),0.0939
KI67 1 in 200 run5.ndpi,Annotation (germinal_center),0.0803
KI67 1 in 200 run5.ndpi,Annotation (germinal_center),0.0367
KI67 1 in 200 run5.ndpi,Annotation (germinal_center),0.1094
KI67 1 in 200 run5.ndpi,Annotation (germinal_center),0.0668
KI67 1 in 200 run5.ndpi,Annotation (germinal_center),0.0412
KI67 1 in 200 run5.ndpi,Annotation (germinal_center),0.043
KI67 1 in 200 run5.ndpi,Annotation (germinal_center),0.0519
KI67 1 in 200 run5.ndpi,Annotation (germinal_center),0.0472
KI67 1 in 200 run5.ndpi,Annotation (germinal_center),0.049
KI67 1 in 200 run5.ndpi,Annotation (germinal_center),0.0446
KI67 1 in 200 run5.ndpi,Annotation (germinal_center),0.0521
KI67 1 in 200 run5.ndpi,Annotation (germinal_center),0.0458
KI67 1 in 200 run5.ndpi,Annotation (germinal_center),0.038
KI67 1 in 200 run5.ndpi,Annotation (germinal_center),0.0403
KI67 1 in 200 run5.ndpi,Annotation (germinal_center),0.0671
KI67 1 in 200 run5.ndpi,Annotation (germinal_center),0.055
KI67 1 in 200 run5.ndpi,Annotation (germinal_center),0.0583
KI67 1 in 200 run5.ndpi,Annotation (germinal_center),0.0496
KI67 1 in 200 run5.ndpi,Annotation (germinal_center),0.0425
KI67 1 in 200 run5.ndpi,Annotation (germinal_center),0.0328
KI67 1 in 200 run5.ndpi,Annotation (germinal_center),0.044
KI67 1 in 200 run5.ndpi,Annotation (germinal_center),0.0609
KI67 1 in 200 run5.ndpi,Annotation (germinal_center),0.0418
KI67 1 in 200 run5.ndpi,Annotation (germinal_center),0.0438
KI67 1 in 200 run5.ndpi,Annotation (germinal_center),0.0477
KI67 1 in 200 run5.ndpi,Annotation (germinal_center),0.0665
KI67 1 in 200 run5.ndpi,Annotation (germinal_center),0.076
KI67 1 in 200 run5.ndpi,Annotation (germinal_center),0.0735
KI67 1 in 200 run5.ndpi,Annotation (germinal_center),0.0447
KI67 1 in 200 run5.ndpi,Annotation (germinal_center),0.0296
KI67 1 in 200 run5.ndpi,Annotation (germinal_center),0.0484
KI67 1 in 200 run5.ndpi,Annotation (germinal_center),0.0811
KI67 1 in 200 run5.ndpi,Annotation (germinal_center),0.0473
KI67 1 in 200 run5.ndpi,Annotation (germinal_center),0.049
KI67 1 in 200 run5.ndpi,Annotation (germinal_center),0.0501
KI67 1 in 200 run5.ndpi,Annotation (germinal_center),0.0522
KI67 1 in 200 run5.ndpi,Annotation (germinal_center),0.0486
KI67 1 in 200 run5.ndpi,Annotation (germinal_center),0.0711
KI67 1 in 200 run5.ndpi,Annotation (germinal_center),0.0302
KI67 1 in 200 run5.ndpi,Annotation (germinal_center),0.0367
KI67 1 in 200 run5.ndpi,Annotation (germinal_center),0.0394
KI67 1 in 200 run5.ndpi,Annotation (germinal_center),0.0617
KI67 1 in 200 run5.ndpi,Annotation (germinal_center),0.0419
KI67 1 in 200 run5.ndpi,Annotation (germinal_center),0.0345
KI67 1 in 200 run5.ndpi,Annotation (germinal_center),0.0546
KI67 1 in 200 run5.ndpi,Annotation (germinal_center),0.0348
KI67 1 in 200 run5.ndpi,Annotation (germinal_center),0.0549
KI67 1 in 200 run5.ndpi,Annotation (germinal_center),0.0617
KI67 1 in 200 run5.ndpi,Annotation (germinal_center),0.0469
KI67 1 in 200 run5.ndpi,Annotation (germinal_center),0.0511
KI67 1 in 200 run5.ndpi,Annotation (germinal_center),0.0375
KI67 1 in 200 run5.ndpi,Annotation (germinal_center),0.0423
KI67 1 in 200 run5.ndpi,Annotation (germinal_center),0.0859
KI67 1 in 200 run5.ndpi,Annotation (germinal_center),0.1028
KI67 1 in 200 run5.ndpi,Annotation (germinal_center),0.072
KI67 1 in 200 run5.ndpi,Annotation (germinal_center),0.0385
KI67 1 in 200 run5.ndpi,Annotation (germinal_center),0.0495
KI67 1 in 200 run5.ndpi,Annotation (germinal_center),0.0361
KI67 1 in 200 run5.ndpi,Annotation (germinal_center),0.0689
KI67 1 in 200 run5.ndpi,Annotation (germinal_center),0.0257
KI67 1 in 200 run5.ndpi,Annotation (germinal_center),0.0426
KI67 1 in 200 run5.ndpi,Annotation (germinal_center),0.0493
KI67 1 in 200 run5.ndpi,Annotation (germinal_center),0.0407
KI67 1 in 200 run5.ndpi,Annotation (germinal_center),0.0722
KI67 1 in 200 run5.ndpi,Annotation (germinal_center),0.0373
KI67 1 in 200 run5.ndpi,Annotation (germinal_center),0.0542
KI67 1 in 200 run5.ndpi,Annotation (germinal_center),0.053
KI67 1 in 200 run5.ndpi,Annotation (germinal_center),0.0306
KI67 1 in 200 run5.ndpi,Annotation (germinal_center),0.0769
KI67 1 in 200 run5.ndpi,Annotation (germinal_center),0.0298
KI67 1 in 200 run5.ndpi,Annotation (germinal_center),0.0589
KI67 1 in 200 run5.ndpi,Annotation (germinal_center),0.0644
KI67 1 in 200 run5.ndpi,Annotation (germinal_center),0.0533
KI67 1 in 200 run5.ndpi,Annotation (germinal_center),0.05
KI67 1 in 200 run5.ndpi,Annotation (germinal_center),0.0342
KI67 1 in 200 run5.ndpi,Annotation (germinal_center),0.0325
KI67 1 in 200 run5.ndpi,Annotation (germinal_center),0.0639
KI67 1 in 200 run5.ndpi,Annotation (germinal_center),0.0886
KI67 1 in 200 run5.ndpi,Annotation (germinal_center),0.0467
KI67 1 in 200 run5.ndpi,Annotation (germinal_center),0.0396
KI67 1 in 200 run5.ndpi,Annotation (germinal_center),0.0766
KI67 1 in 200 run5.ndpi,Annotation (germinal_center),0.0397
KI67 1 in 200 run5.ndpi,Annotation (germinal_center),0.0621
KI67 1 in 200 run5.ndpi,Annotation (germinal_center),0.0434
KI67 1 in 200 run5.ndpi,Annotation (germinal_center),0.0639
KI67 1 in 200 run5.ndpi,Annotation (germinal_center),0.0395
KI67 1 in 200 run5.ndpi,Annotation (germinal_center),0.0532
KI67 1 in 200 run5.ndpi,Annotation (germinal_center),0.0453
KI67 1 in 200 run5.ndpi,Annotation (germinal_center),0.051
KI67 1 in 200 run5.ndpi,Annotation (germinal_center),0.0737
KI67 1 in 200 run5.ndpi,Annotation (germinal_center),0.0302
KI67 1 in 200 run5.ndpi,Annotation (germinal_center),0.0471
KI67 1 in 200 run5.ndpi,Annotation (germinal_center),0.0388
KI67 1 in 200 run5.ndpi,Annotation (germinal_center),0.0418
KI67 1 in 200 run5.ndpi,Annotation (germinal_center),0.041
KI67 1 in 200 run5.ndpi,Annotation (germinal_center),0.0338
KI67 1 in 200 run5.ndpi,Annotation (germinal_center),0.043
KI67 1 in 200 run5.ndpi,Annotation (germinal_center),0.0436
KI67 1 in 200 run5.ndpi,Annotation (germinal_center),0.0675
KI67 1 in 200 run5.ndpi,Annotation (germinal_center),0.0581
KI67 1 in 200 run5.ndpi,Annotation (germinal_center),0.0457
KI67 1 in 200 run5.ndpi,Annotation (germinal_center),0.07
KI67 1 in 200 run5.ndpi,Annotation (germinal_center),0.0366
KI67 1 in 200 run5.ndpi,Annotation (germinal_center),0.0424
KI67 1 in 200 run5.ndpi,Annotation (germinal_center),0.0334
KI67 1 in 200 run5.ndpi,Annotation (germinal_center),0.0231
KI67 1 in 200 run5.ndpi,Annotation (germinal_center),0.0275
KI67 1 in 200 run5.ndpi,Annotation (germinal_center),0.0681
KI67 1 in 200 run5.ndpi,Annotation (germinal_center),0.0473
KI67 1 in 200 run5.ndpi,Annotation (germinal_center),0.053
KI67 1 in 200 run5.ndpi,Annotation (germinal_center),0.0694
KI67 1 in 200 run5.ndpi,Annotation (germinal_center),0.0181
KI67 1 in 200 run5.ndpi,Annotation (germinal_center),0.0528
KI67 1 in 200 run5.ndpi,Annotation (germinal_center),0.0332
KI67 1 in 200 run5.ndpi,Annotation (germinal_center),0.0403
KI67 1 in 200 run5.ndpi,Annotation (germinal_center),0.1106
KI67 1 in 200 run5.ndpi,Annotation (germinal_center),0.0392
KI67 1 in 200 run5.ndpi,Annotation (germinal_center),0.0489
KI67 1 in 200 run5.ndpi,Annotation (germinal_center),0.0567
KI67 1 in 200 run5.ndpi,Annotation (germinal_center),0.0412
KI67 1 in 200 run5.ndpi,Annotation (germinal_center),0.0532
KI67 1 in 200 run5.ndpi,Annotation (germinal_center),0.0529
KI67 1 in 200 run5.ndpi,Annotation (germinal_center),0.0607
KI67 1 in 200 run5.ndpi,Annotation (germinal_center),0.0632
KI67 1 in 200 run5.ndpi,Annotation (germinal_center),0.038
KI67 1 in 200 run5.ndpi,Annotation (germinal_center),0.0435
KI67 1 in 200 run5.ndpi,Annotation (germinal_center),0.0494
KI67 1 in 200 run5.ndpi,Annotation (germinal_center),0.0314
KI67 1 in 200 run5.ndpi,Annotation (germinal_center),0.0444
KI67 1 in 200 run5.ndpi,Annotation (germinal_center),0.0438
KI67 1 in 200 run5.ndpi,Annotation (germinal_center),0.0403
KI67 1 in 200 run5.ndpi,Annotation (germinal_center),0.0594
KI67 1 in 200 run5.ndpi,Annotation (germinal_center),0.0775
KI67 1 in 200 run5.ndpi,Annotation (germinal_center),0.0375
KI67 1 in 200 run5.ndpi,Annotation (germinal_center),0.0825
KI67 1 in 200 run5.ndpi,Annotation (germinal_center),0.0727
KI67 1 in 200 run5.ndpi,Annotation (germinal_center),0.0872
KI67 1 in 200 run5.ndpi,Annotation (germinal_center),0.0347
KI67 1 in 200 run5.ndpi,Annotation (germinal_center),0.0661
KI67 1 in 200 run5.ndpi,Annotation (germinal_center),0.0529
KI67 1 in 200 run5.ndpi,Annotation (germinal_center),0.0631
KI67 1 in 200 run5.ndpi,Annotation (germinal_center),0.0704
KI67 1 in 200 run5.ndpi,Annotation (germinal_center),0.0391
KI67 1 in 200 run5.ndpi,Annotation (germinal_center),0.0653
KI67 1 in 200 run5.ndpi,Annotation (germinal_center),0.0493
KI67 1 in 200 run5.ndpi,Annotation (germinal_center),0.0436
KI67 1 in 200 run5.ndpi,Annotation (germinal_center),0.033
KI67 1 in 200 run5.ndpi,Annotation (germinal_center),0.0265
KI67 1 in 200 run5.ndpi,Annotation (germinal_center),0.034
KI67 1 in 200 run5.ndpi,Annotation (germinal_center),0.0455
KI67 1 in 200 run5.ndpi,Annotation (germinal_center),0.0643
KI67 1 in 200 run5.ndpi,Annotation (germinal_center),0.0614
KI67 1 in 200 run5.ndpi,Annotation (germinal_center),0.0561
KI67 1 in 200 run5.ndpi,Annotation (germinal_center),0.0445
KI67 1 in 200 run5.ndpi,Annotation (germinal_center),0.0444
KI67 1 in 200 run5.ndpi,Annotation (germinal_center),0.0384
KI67 1 in 200 run5.ndpi,Annotation (germinal_center),0.0612
KI67 1 in 200 run5.ndpi,Annotation (germinal_center),0.0516
KI67 1 in 200 run5.ndpi,Annotation (germinal_center),0.0423
KI67 1 in 200 run5.ndpi,Annotation (germinal_center),0.0724
KI67 1 in 200 run5.ndpi,Annotation (germinal_center),0.0377
KI67 1 in 200 run5.ndpi,Annotation (germinal_center),0.0336
KI67 1 in 200 run5.ndpi,Annotation (germinal_center),0.0429
KI67 1 in 200 run5.ndpi,Annotation (germinal_center),0.081
KI67 1 in 200 run5.ndpi,Annotation (germinal_center),0.107
KI67 1 in 200 run5.ndpi,Annotation (germinal_center),0.0459
KI67 1 in 200 run5.ndpi,Annotation (germinal_center),0.0451
KI67 1 in 200 run5.ndpi,Annotation (germinal_center),0.0384
KI67 1 in 200 run5.ndpi,Annotation (germinal_center),0.0756
KI67 1 in 200 run5.ndpi,Annotation (germinal_center),0.064
KI67 1 in 200 run5.ndpi,Annotation (germinal_center),0.0343
KI67 1 in 200 run5.ndpi,Annotation (germinal_center),0.0527
KI67 1 in 200 run5.ndpi,Annotation (germinal_center),0.0678
KI67 1 in 200 run5.ndpi,Annotation (germinal_center),0.0481
KI67 1 in 200 run5.ndpi,Annotation (germinal_center),0.0348
KI67 1 in 200 run5.ndpi,Annotation (germinal_center),0.0413
KI67 1 in 200 run5.ndpi,Annotation (germinal_center),0.0348
KI67 1 in 200 run5.ndpi,Annotation (germinal_center),0.0466
KI67 1 in 200 run5.ndpi,Annotation (germinal_center),0.041
KI67 1 in 200 run5.ndpi,Annotation (germinal_center),0.0733
KI67 1 in 200 run5.ndpi,Annotation (germinal_center),0.0549
KI67 1 in 200 run5.ndpi,Annotation (germinal_center),0.0299
KI67 1 in 200 run5.ndpi,Annotation (germinal_center),0.0361
KI67 1 in 200 run5.ndpi,Annotation (germinal_center),0.0589
KI67 1 in 200 run5.ndpi,Annotation (germinal_center),0.0706
KI67 1 in 200 run5.ndpi,Annotation (germinal_center),0.0698
KI67 1 in 200 run5.ndpi,Annotation (germinal_center),0.0587
KI67 1 in 200 run5.ndpi,Annotation (germinal_center),0.0417
KI67 1 in 200 run5.ndpi,Annotation (germinal_center),0.0471
KI67 1 in 200 run5.ndpi,Annotation (germinal_center),0.0732
KI67 1 in 200 run5.ndpi,Annotation (germinal_center),0.0563
KI67 1 in 200 run5.ndpi,Annotation (germinal_center),0.025
KI67 1 in 200 run5.ndpi,Annotation (germinal_center),0.063
KI67 1 in 200 run5.ndpi,Annotation (germinal_center),0.0412
KI67 1 in 200 run5.ndpi,Annotation (germinal_center),0.0691
KI67 1 in 200 run5.ndpi,Annotation (germinal_center),0.0344
KI67 1 in 200 run5.ndpi,Annotation (germinal_center),0.0979
KI67 1 in 200 run5.ndpi,Annotation (germinal_center),0.0429
KI67 1 in 200 run5.ndpi,Annotation (germinal_center),0.0823
KI67 1 in 200 run5.ndpi,Annotation (germinal_center),0.0566
KI67 1 in 200 run5.ndpi,Annotation (germinal_center),0.0442
KI67 1 in 200 run5.ndpi,Annotation (germinal_center),0.0566
KI67 1 in 200 run5.ndpi,Annotation (germinal_center),0.0576
KI67 1 in 200 run5.ndpi,Annotation (germinal_center),0.0589
KI67 1 in 200 run5.ndpi,Annotation (germinal_center),0.1033
KI67 1 in 200 run5.ndpi,Annotation (germinal_center),0.0703
KI67 1 in 200 run5.ndpi,Annotation (germinal_center),0.0549
KI67 1 in 200 run5.ndpi,Annotation (germinal_center),0.0512
KI67 1 in 200 run5.ndpi,Annotation (germinal_center),0.0676
KI67 1 in 200 run5.ndpi,Annotation (germinal_center),0.0471
KI67 1 in 200 run5.ndpi,Annotation (germinal_center),0.0572
KI67 1 in 200 run5.ndpi,Annotation (germinal_center),0.0507
KI67 1 in 200 run5.ndpi,Annotation (germinal_center),0.0648
KI67 1 in 200 run5.ndpi,Annotation (germinal_center),0.0517
KI67 1 in 200 run5.ndpi,Annotation (germinal_center),0.0551
KI67 1 in 200 run5.ndpi,Annotation (germinal_center),0.0433
KI67 1 in 200 run5.ndpi,Annotation (germinal_center),0.0764
KI67 1 in 200 run5.ndpi,Annotation (germinal_center),0.053
KI67 1 in 200 run5.ndpi,Annotation (germinal_center),0.0311
KI67 1 in 200 run5.ndpi,Annotation (germinal_center),0.0485
KI67 1 in 200 run5.ndpi,Annotation (germinal_center),0.0435
KI67 1 in 200 run5.ndpi,Annotation (germinal_center),0.0458
KI67 1 in 200 run5.ndpi,Annotation (germinal_center),0.0805
KI67 1 in 200 run5.ndpi,Annotation (germinal_center),0.0707
KI67 1 in 200 run5.ndpi,Annotation (germinal_center),0.0307
KI67 1 in 200 run5.ndpi,Annotation (germinal_center),0.0324
KI67 1 in 200 run5.ndpi,Annotation (germinal_center),0.0374
KI67 1 in 200 run5.ndpi,Annotation (germinal_center),0.022
KI67 1 in 200 run5.ndpi,Annotation (germinal_center),0.0326
KI67 1 in 200 run5.ndpi,Annotation (germinal_center),0.0283
KI67 1 in 200 run5.ndpi,Annotation (germinal_center),0.0439
KI67 1 in 200 run5.ndpi,Annotation (germinal_center),0.0324
KI67 1 in 200 run5.ndpi,Annotation (germinal_center),0.0441
KI67 1 in 200 run5.ndpi,Annotation (germinal_center),0.1233
KI67 1 in 200 run5.ndpi,Annotation (germinal_center),0.0341
KI67 1 in 200 run5.ndpi,Annotation (germinal_center),0.0577
KI67 1 in 200 run5.ndpi,Annotation (germinal_center),0.0596
KI67 1 in 200 run5.ndpi,Annotation (germinal_center),0.0431
KI67 1 in 200 run5.ndpi,Annotation (germinal_center),0.0357
KI67 1 in 200 run5.ndpi,Annotation (germinal_center),0.0444
KI67 1 in 200 run5.ndpi,Annotation (germinal_center),0.0305
KI67 1 in 200 run5.ndpi,Annotation (germinal_center),0.0408
KI67 1 in 200 run5.ndpi,Annotation (germinal_center),0.044
KI67 1 in 200 run5.ndpi,Annotation (germinal_center),0.0645
KI67 1 in 200 run5.ndpi,Annotation (germinal_center),0.0716
KI67 1 in 200 run5.ndpi,Annotation (germinal_center),0.0556
KI67 1 in 200 run5.ndpi,Annotation (germinal_center),0.0646
KI67 1 in 200 run5.ndpi,Annotation (germinal_center),0.0531
KI67 1 in 200 run5.ndpi,Annotation (germinal_center),0.0271
KI67 1 in 200 run5.ndpi,Annotation (germinal_center),0.04
KI67 1 in 200 run5.ndpi,Annotation (germinal_center),0.0736
KI67 1 in 200 run5.ndpi,Annotation (germinal_center),0.0376
KI67 1 in 200 run5.ndpi,Annotation (germinal_center),0.0564
KI67 1 in 200 run5.ndpi,Annotation (germinal_center),0.0454
KI67 1 in 200 run5.ndpi,Annotation (germinal_center),0.0367
KI67 1 in 200 run5.ndpi,Annotation (germinal_center),0.0434
KI67 1 in 200 run5.ndpi,Annotation (germinal_center),0.0343
KI67 1 in 200 run5.ndpi,Annotation (germinal_center),0.3207
KI67 1 in 200 run5.ndpi,Annotation (germinal_center),0.0375
KI67 1 in 200 run5.ndpi,Annotation (germinal_center),0.0656
KI67 1 in 200 run5.ndpi,Annotation (germinal_center),0.0714
KI67 1 in 200 run5.ndpi,Annotation (germinal_center),0.0496
KI67 1 in 200 run5.ndpi,Annotation (germinal_center),0.048
KI67 1 in 200 run5.ndpi,Annotation (germinal_center),0.0539
KI67 1 in 200 run5.ndpi,Annotation (germinal_center),0.038
KI67 1 in 200 run5.ndpi,Annotation (germinal_center),0.0505
KI67 1 in 200 run5.ndpi,Annotation (germinal_center),0.0602
KI67 1 in 200 run5.ndpi,Annotation (germinal_center),0.0612
KI67 1 in 200 run5.ndpi,Annotation (germinal_center),0.0528
KI67 1 in 200 run5.ndpi,Annotation (germinal_center),0.0686
KI67 1 in 200 run5.ndpi,Annotation (germinal_center),0.0503
KI67 1 in 200 run5.ndpi,Annotation (germinal_center),0.0611
KI67 1 in 200 run5.ndpi,Annotation (germinal_center),0.0663
KI67 1 in 200 run5.ndpi,Annotation (germinal_center),0.0676
KI67 1 in 200 run5.ndpi,Annotation (germinal_center),0.041
KI67 1 in 200 run5.ndpi,Annotation (germinal_center),0.0278
KI67 1 in 200 run5.ndpi,Annotation (germinal_center),0.0476
KI67 1 in 200 run5.ndpi,Annotation (germinal_center),0.0398
KI67 1 in 200 run5.ndpi,Annotation (germinal_center),0.0357
KI67 1 in 200 run5.ndpi,Annotation (germinal_center),0.0596
KI67 1 in 200 run5.ndpi,Annotation (germinal_center),0.0532
KI67 1 in 200 run5.ndpi,Annotation (germinal_center),0.069
KI67 1 in 200 run5.ndpi,Annotation (germinal_center),0.0317
KI67 1 in 200 run5.ndpi,Annotation (germinal_center),0.0318
KI67 1 in 200 run5.ndpi,Annotation (germinal_center),0.0308
KI67 1 in 200 run5.ndpi,Annotation (germinal_center),0.0623
KI67 1 in 200 run5.ndpi,Annotation (germinal_center),0.0453
KI67 1 in 200 run5.ndpi,Annotation (germinal_center),0.039
KI67 1 in 200 run5.ndpi,Annotation (germinal_center),0.0536
KI67 1 in 200 run5.ndpi,Annotation (germinal_center),0.082
KI67 1 in 200 run5.ndpi,Annotation (germinal_center),0.062
KI67 1 in 200 run5.ndpi,Annotation (germinal_center),0.0452
KI67 1 in 200 run5.ndpi,Annotation (germinal_center),0.0713
KI67 1 in 200 run5.ndpi,Annotation (germinal_center),0.0243
KI67 1 in 200 run5.ndpi,Annotation (germinal_center),0.0602
KI67 1 in 200 run5.ndpi,Annotation (germinal_center),0.0494
KI67 1 in 200 run5.ndpi,Annotation (germinal_center),0.0777
KI67 1 in 200 run5.ndpi,Annotation (germinal_center),0.0467
KI67 1 in 200 run5.ndpi,Annotation (germinal_center),0.0545
KI67 1 in 200 run5.ndpi,Annotation (germinal_center),0.0455
KI67 1 in 200 run5.ndpi,Annotation (germinal_center),0.0568
KI67 1 in 200 run5.ndpi,Annotation (germinal_center),0.0439
KI67 1 in 200 run5.ndpi,Annotation (germinal_center),0.0688
KI67 1 in 200 run5.ndpi,Annotation (germinal_center),0.0758
KI67 1 in 200 run5.ndpi,Annotation (germinal_center),0.0463
KI67 1 in 200 run5.ndpi,Annotation (germinal_center),0.0453
KI67 1 in 200 run5.ndpi,Annotation (germinal_center),0.0364
KI67 1 in 200 run5.ndpi,Annotation (germinal_center),0.0531
KI67 1 in 200 run5.ndpi,Annotation (germinal_center),0.0629
KI67 1 in 200 run5.ndpi,Annotation (germinal_center),0.0596
KI67 1 in 200 run5.ndpi,Annotation (germinal_center),0.0398
KI67 1 in 200 run5.ndpi,Annotation (germinal_center),0.032
KI67 1 in 200 run5.ndpi,Annotation (germinal_center),0.0493
KI67 1 in 200 run5.ndpi,Annotation (germinal_center),0.0517
KI67 1 in 200 run5.ndpi,Annotation (germinal_center),0.0414
KI67 1 in 200 run5.ndpi,Annotation (germinal_center),0.0379
KI67 1 in 200 run5.ndpi,Annotation (germinal_center),0.0477
KI67 1 in 200 run5.ndpi,Annotation (germinal_center),0.0373
KI67 1 in 200 run5.ndpi,Annotation (germinal_center),0.0629
KI67 1 in 200 run5.ndpi,Annotation (germinal_center),0.0504
KI67 1 in 200 run5.ndpi,Annotation (germinal_center),0.0293
KI67 1 in 200 run5.ndpi,Annotation (germinal_center),0.06
KI67 1 in 200 run5.ndpi,Annotation (germinal_center),0.0458
KI67 1 in 200 run5.ndpi,Annotation (germinal_center),0.0615
KI67 1 in 200 run5.ndpi,Annotation (germinal_center),0.0302
KI67 1 in 200 run5.ndpi,Annotation (germinal_center),0.0374
KI67 1 in 200 run5.ndpi,Annotation (germinal_center),0.048
KI67 1 in 200 run5.ndpi,Annotation (germinal_center),0.0408
KI67 1 in 200 run5.ndpi,Annotation (germinal_center),0.0518
KI67 1 in 200 run5.ndpi,Annotation (germinal_center),0.0396
KI67 1 in 200 run5.ndpi,Annotation (germinal_center),0.0535
KI67 1 in 200 run5.ndpi,Annotation (germinal_center),0.0346
KI67 1 in 200 run5.ndpi,Annotation (germinal_center),0.0779
KI67 1 in 200 run5.ndpi,Annotation (germinal_center),0.0431
KI67 1 in 200 run5.ndpi,Annotation (germinal_center),0.0614
KI67 1 in 200 run5.ndpi,Annotation (germinal_center),0.0469
KI67 1 in 200 run5.ndpi,Annotation (germinal_center),0.0357
KI67 1 in 200 run5.ndpi,Annotation (germinal_center),0.0625
KI67 1 in 200 run5.ndpi,Annotation (germinal_center),0.0677
KI67 1 in 200 run5.ndpi,Annotation (germinal_center),0.0544
KI67 1 in 200 run5.ndpi,Annotation (germinal_center),0.0438
KI67 1 in 200 run5.ndpi,Annotation (germinal_center),0.0385
KI67 1 in 200 run5.ndpi,Annotation (germinal_center),0.0599
KI67 1 in 200 run5.ndpi,Annotation (germinal_center),0.0366
KI67 1 in 200 run5.ndpi,Annotation (germinal_center),0.0308
KI67 1 in 200 run5.ndpi,Annotation (germinal_center),0.036
KI67 1 in 200 run5.ndpi,Annotation (germinal_center),0.028
KI67 1 in 200 run5.ndpi,Annotation (germinal_center),0.0475
KI67 1 in 200 run5.ndpi,Annotation (germinal_center),0.0587
KI67 1 in 200 run5.ndpi,Annotation (germinal_center),0.06
KI67 1 in 200 run5.ndpi,Annotation (germinal_center),0.0502
KI67 1 in 200 run5.ndpi,Annotation (germinal_center),0.0446
KI67 1 in 200 run5.ndpi,Annotation (germinal_center),0.046
KI67 1 in 200 run5.ndpi,Annotation (germinal_center),0.062
KI67 1 in 200 run5.ndpi,Annotation (germinal_center),0.0425
KI67 1 in 200 run5.ndpi,Annotation (germinal_center),0.0281
KI67 1 in 200 run5.ndpi,Annotation (germinal_center),0.0518
KI67 1 in 200 run5.ndpi,Annotation (germinal_center),0.0373
KI67 1 in 200 run5.ndpi,Annotation (germinal_center),0.0372
KI67 1 in 200 run5.ndpi,Annotation (germinal_center),0.0344
KI67 1 in 200 run5.ndpi,Annotation (germinal_center),0.0423
KI67 1 in 200 run5.ndpi,Annotation (germinal_center),0.0385
KI67 1 in 200 run5.ndpi,Annotation (germinal_center),0.0712
KI67 1 in 200 run5.ndpi,Annotation (germinal_center),0.0529
KI67 1 in 200 run5.ndpi,Annotation (germinal_center),0.0385
KI67 1 in 200 run5.ndpi,Annotation (germinal_center),0.0431
KI67 1 in 200 run5.ndpi,Annotation (germinal_center),0.0691
KI67 1 in 200 run5.ndpi,Annotation (germinal_center),0.023
KI67 1 in 200 run5.ndpi,Annotation (germinal_center),0.044
KI67 1 in 200 run5.ndpi,Annotation (germinal_center),0.0373
KI67 1 in 200 run5.ndpi,Annotation (germinal_center),0.0626
KI67 1 in 200 run5.ndpi,Annotation (germinal_center),0.0549
KI67 1 in 200 run5.ndpi,Annotation (germinal_center),0.0399
KI67 1 in 200 run5.ndpi,Annotation (germinal_center),0.0386
KI67 1 in 200 run5.ndpi,Annotation (germinal_center),0.0399
KI67 1 in 200 run5.ndpi,Annotation (germinal_center),0.0351
KI67 1 in 200 run5.ndpi,Annotation (germinal_center),0.047
KI67 1 in 200 run5.ndpi,Annotation (germinal_center),0.042
KI67 1 in 200 run5.ndpi,Annotation (germinal_center),0.0978
KI67 1 in 200 run5.ndpi,Annotation (germinal_center),0.0427
KI67 1 in 200 run5.ndpi,Annotation (germinal_center),0.0388
KI67 1 in 200 run5.ndpi,Annotation (germinal_center),0.0367
KI67 1 in 200 run5.ndpi,Annotation (germinal_center),0.0376
KI67 1 in 200 run5.ndpi,Annotation (germinal_center),0.0804
KI67 1 in 200 run5.ndpi,Annotation (germinal_center),0.0683
KI67 1 in 200 run5.ndpi,Annotation (germinal_center),0.0333
KI67 1 in 200 run5.ndpi,Annotation (germinal_center),0.0376
KI67 1 in 200 run5.ndpi,Annotation (germinal_center),0.0365
KI67 1 in 200 run5.ndpi,Annotation (germinal_center),0.0453
KI67 1 in 200 run5.ndpi,Annotation (germinal_center),0.0692
KI67 1 in 200 run5.ndpi,Annotation (germinal_center),0.0547
KI67 1 in 200 run5.ndpi,Annotation (germinal_center),0.0509
KI67 1 in 200 run5.ndpi,Annotation (germinal_center),0.0729
KI67 1 in 200 run5.ndpi,Annotation (germinal_center),0.0289
KI67 1 in 200 run5.ndpi,Annotation (germinal_center),0.0718
KI67 1 in 200 run5.ndpi,Annotation (germinal_center),0.0562
KI67 1 in 200 run5.ndpi,Annotation (germinal_center),0.0397
KI67 1 in 200 run5.ndpi,Annotation (germinal_center),0.0699
KI67 1 in 200 run5.ndpi,Annotation (germinal_center),0.0404
KI67 1 in 200 run5.ndpi,Annotation (germinal_center),0.0424
KI67 1 in 200 run5.ndpi,Annotation (germinal_center),0.0514
KI67 1 in 200 run5.ndpi,Annotation (germinal_center),0.07
KI67 1 in 200 run5.ndpi,Annotation (germinal_center),0.0599
KI67 1 in 200 run5.ndpi,Annotation (germinal_center),0.0733
KI67 1 in 200 run5.ndpi,Annotation (germinal_center),0.051
KI67 1 in 200 run5.ndpi,Annotation (germinal_center),0.0304
KI67 1 in 200 run5.ndpi,Annotation (germinal_center),0.0387
KI67 1 in 200 run5.ndpi,Annotation (germinal_center),0.0659
KI67 1 in 200 run5.ndpi,Annotation (germinal_center),0.0452
KI67 1 in 200 run5.ndpi,Annotation (germinal_center),0.0301
KI67 1 in 200 run5.ndpi,Annotation (germinal_center),0.0475
KI67 1 in 200 run5.ndpi,Annotation (germinal_center),0.0535
KI67 1 in 200 run5.ndpi,Annotation (germinal_center),0.0374
KI67 1 in 200 run5.ndpi,Annotation (germinal_center),0.0669
KI67 1 in 200 run5.ndpi,Annotation (germinal_center),0.0996
KI67 1 in 200 run5.ndpi,Annotation (germinal_center),0.0373
KI67 1 in 200 run5.ndpi,Annotation (germinal_center),0.0276
KI67 1 in 200 run5.ndpi,Annotation (germinal_center),0.0285
KI67 1 in 200 run5.ndpi,Annotation (germinal_center),0.0387
KI67 1 in 200 run5.ndpi,Annotation (germinal_center),0.0561
KI67 1 in 200 run5.ndpi,Annotation (germinal_center),0.0383
KI67 1 in 200 run5.ndpi,Annotation (germinal_center),0.0329
KI67 1 in 200 run5.ndpi,Annotation (germinal_center),0.0421
KI67 1 in 200 run5.ndpi,Annotation (germinal_center),0.0587
KI67 1 in 200 run5.ndpi,Annotation (germinal_center),0.0381
KI67 1 in 200 run5.ndpi,Annotation (germinal_center),0.0572
KI67 1 in 200 run5.ndpi,Annotation (germinal_center),0.0284
KI67 1 in 200 run5.ndpi,Annotation (germinal_center),0.0449
KI67 1 in 200 run5.ndpi,Annotation (germinal_center),0.0648
KI67 1 in 200 run5.ndpi,Annotation (germinal_center),0.0215
KI67 1 in 200 run5.ndpi,Annotation (germinal_center),0.0231
KI67 1 in 200 run5.ndpi,Annotation (germinal_center),0.0788
KI67 1 in 200 run5.ndpi,Annotation (germinal_center),0.0332
KI67 1 in 200 run5.ndpi,Annotation (germinal_center),0.0594
KI67 1 in 200 run5.ndpi,Annotation (germinal_center),0.0797
KI67 1 in 200 run5.ndpi,Annotation (germinal_center),0.065
KI67 1 in 200 run5.ndpi,Annotation (germinal_center),0.0557
KI67 1 in 200 run5.ndpi,Annotation (germinal_center),0.0628
KI67 1 in 200 run5.ndpi,Annotation (germinal_center),0.0336
KI67 1 in 200 run5.ndpi,Annotation (germinal_center),0.0465
KI67 1 in 200 run5.ndpi,Annotation (germinal_center),0.0672
KI67 1 in 200 run5.ndpi,Annotation (germinal_center),0.0997
KI67 1 in 200 run5.ndpi,Annotation (germinal_center),0.0699
KI67 1 in 200 run5.ndpi,Annotation (germinal_center),0.0481
KI67 1 in 200 run5.ndpi,Annotation (germinal_center),0.0433
KI67 1 in 200 run5.ndpi,Annotation (germinal_center),0.0376
KI67 1 in 200 run5.ndpi,Annotation (germinal_center),0.0555
KI67 1 in 200 run5.ndpi,Annotation (germinal_center),0.0537
KI67 1 in 200 run5.ndpi,Annotation (germinal_center),0.034
KI67 1 in 200 run5.ndpi,Annotation (germinal_center),0.0666
KI67 1 in 200 run5.ndpi,Annotation (germinal_center),0.041
KI67 1 in 200 run5.ndpi,Annotation (germinal_center),0.0384
KI67 1 in 200 run5.ndpi,Annotation (germinal_center),0.0729
KI67 1 in 200 run5.ndpi,Annotation (germinal_center),0.0372
KI67 1 in 200 run5.ndpi,Annotation (germinal_center),0.0636
KI67 1 in 200 run5.ndpi,Annotation (germinal_center),0.0341
KI67 1 in 200 run5.ndpi,Annotation (germinal_center),0.0469
KI67 1 in 200 run5.ndpi,Annotation (germinal_center),0.0499
KI67 1 in 200 run5.ndpi,Annotation (germinal_center),0.0358
KI67 1 in 200 run5.ndpi,Annotation (germinal_center),0.0505
KI67 1 in 200 run5.ndpi,Annotation (germinal_center),0.0404
KI67 1 in 200 run5.ndpi,Annotation (germinal_center),0.0257
KI67 1 in 200 run5.ndpi,Annotation (germinal_center),0.0461
KI67 1 in 200 run5.ndpi,Annotation (germinal_center),0.0784
KI67 1 in 200 run5.ndpi,Annotation (germinal_center),0.053
KI67 1 in 200 run5.ndpi,Annotation (germinal_center),0.0392
KI67 1 in 200 run5.ndpi,Annotation (germinal_center),0.0435
KI67 1 in 200 run5.ndpi,Annotation (germinal_center),0.0398
KI67 1 in 200 run5.ndpi,Annotation (germinal_center),0.0609
KI67 1 in 200 run5.ndpi,Annotation (germinal_center),0.0509
KI67 1 in 200 run5.ndpi,Annotation (germinal_center),0.0486
KI67 1 in 200 run5.ndpi,Annotation (germinal_center),0.0346
KI67 1 in 200 run5.ndpi,Annotation (germinal_center),0.0541
KI67 1 in 200 run5.ndpi,Annotation (germinal_center),0.0406
KI67 1 in 200 run5.ndpi,Annotation (germinal_center),0.0516
KI67 1 in 200 run5.ndpi,Annotation (germinal_center),0.0616
KI67 1 in 200 run5.ndpi,Annotation (germinal_center),0.0497
KI67 1 in 200 run5.ndpi,Annotation (germinal_center),0.0523
KI67 1 in 200 run5.ndpi,Annotation (germinal_center),0.0584
KI67 1 in 200 run5.ndpi,Annotation (germinal_center),0.0439
KI67 1 in 200 run5.ndpi,Annotation (germinal_center),0.0355
KI67 1 in 200 run5.ndpi,Annotation (germinal_center),0.027
KI67 1 in 200 run5.ndpi,Annotation (germinal_center),0.0515
KI67 1 in 200 run5.ndpi,Annotation (germinal_center),0.0463
KI67 1 in 200 run5.ndpi,Annotation (germinal_center),0.0751
KI67 1 in 200 run5.ndpi,Annotation (germinal_center),0.0427
KI67 1 in 200 run5.ndpi,Annotation (germinal_center),0.0486
KI67 1 in 200 run5.ndpi,Annotation (germinal_center),0.051
KI67 1 in 200 run5.ndpi,Annotation (germinal_center),0.0507
KI67 1 in 200 run5.ndpi,Annotation (germinal_center),0.0338
KI67 1 in 200 run5.ndpi,Annotation (germinal_center),0.0357
KI67 1 in 200 run5.ndpi,Annotation (germinal_center),0.0447
KI67 1 in 200 run5.ndpi,Annotation (germinal_center),0.0377
KI67 1 in 200 run5.ndpi,Annotation (germinal_center),0.0658
KI67 1 in 200 run5.ndpi,Annotation (germinal_center),0.0549
KI67 1 in 200 run5.ndpi,Annotation (germinal_center),0.0596
KI67 1 in 200 run5.ndpi,Annotation (germinal_center),0.0655
KI67 1 in 200 run5.ndpi,Annotation (germinal_center),0.042
KI67 1 in 200 run5.ndpi,Annotation (germinal_center),0.0558
KI67 1 in 200 run5.ndpi,Annotation (germinal_center),0.0507
KI67 1 in 200 run5.ndpi,Annotation (germinal_center),0.0356
KI67 1 in 200 run5.ndpi,Annotation (germinal_center),0.035
KI67 1 in 200 run5.ndpi,Annotation (germinal_center),0.0419
KI67 1 in 200 run5.ndpi,Annotation (germinal_center),0.0355
KI67 1 in 200 run5.ndpi,Annotation (germinal_center),0.0395
KI67 1 in 200 run5.ndpi,Annotation (germinal_center),0.0562
KI67 1 in 200 run5.ndpi,Annotation (germinal_center),0.0334
KI67 1 in 200 run5.ndpi,Annotation (germinal_center),0.0356
KI67 1 in 200 run5.ndpi,Annotation (germinal_center),0.0481
KI67 1 in 200 run5.ndpi,Annotation (germinal_center),0.0278
KI67 1 in 200 run5.ndpi,Annotation (germinal_center),0.0524
KI67 1 in 200 run5.ndpi,Annotation (germinal_center),0.0477
KI67 1 in 200 run5.ndpi,Annotation (germinal_center),0.0476
KI67 1 in 200 run5.ndpi,Annotation (germinal_center),0.0526
KI67 1 in 200 run5.ndpi,Annotation (germinal_center),0.0409
KI67 1 in 200 run5.ndpi,Annotation (germinal_center),0.0503
KI67 1 in 200 run5.ndpi,Annotation (germinal_center),0.0643
KI67 1 in 200 run5.ndpi,Annotation (germinal_center),0.0347
KI67 1 in 200 run5.ndpi,Annotation (germinal_center),0.0637
KI67 1 in 200 run5.ndpi,Annotation (germinal_center),0.0346
KI67 1 in 200 run5.ndpi,Annotation (germinal_center),0.0531
KI67 1 in 200 run5.ndpi,Annotation (germinal_center),0.0334
KI67 1 in 200 run5.ndpi,Annotation (germinal_center),0.054
KI67 1 in 200 run5.ndpi,Annotation (germinal_center),0.0451
KI67 1 in 200 run5.ndpi,Annotation (germinal_center),0.0625
KI67 1 in 200 run5.ndpi,Annotation (germinal_center),0.0434
KI67 1 in 200 run5.ndpi,Annotation (germinal_center),0.0453
KI67 1 in 200 run5.ndpi,Annotation (germinal_center),0.0451
KI67 1 in 200 run5.ndpi,Annotation (germinal_center),0.0522
KI67 1 in 200 run5.ndpi,Annotation (germinal_center),0.0636
KI67 1 in 200 run5.ndpi,Annotation (germinal_center),0.067
KI67 1 in 200 run5.ndpi,Annotation (germinal_center),0.0486
KI67 1 in 200 run5.ndpi,Annotation (germinal_center),0.0491
KI67 1 in 200 run5.ndpi,Annotation (germinal_center),0.0446
KI67 1 in 200 run5.ndpi,Annotation (germinal_center),0.0382
KI67 1 in 200 run5.ndpi,Annotation (germinal_center),0.0629
KI67 1 in 200 run5.ndpi,Annotation (germinal_center),0.036
KI67 1 in 200 run5.ndpi,Annotation (germinal_center),0.0495
KI67 1 in 200 run5.ndpi,Annotation (germinal_center),0.057
KI67 1 in 200 run5.ndpi,Annotation (germinal_center),0.0638
KI67 1 in 200 run5.ndpi,Annotation (germinal_center),0.0358
KI67 1 in 200 run5.ndpi,Annotation (germinal_center),0.062
KI67 1 in 200 run5.ndpi,Annotation (germinal_center),0.05
KI67 1 in 200 run5.ndpi,Annotation (germinal_center),0.0547
KI67 1 in 200 run5.ndpi,Annotation (germinal_center),0.0542
KI67 1 in 200 run5.ndpi,Annotation (germinal_center),0.0337
KI67 1 in 200 run5.ndpi,Annotation (germinal_center),0.0511
KI67 1 in 200 run5.ndpi,Annotation (germinal_center),0.0319
KI67 1 in 200 run5.ndpi,Annotation (germinal_center),0.0606
KI67 1 in 200 run5.ndpi,Annotation (germinal_center),0.0511
KI67 1 in 200 run5.ndpi,Annotation (germinal_center),0.0515
KI67 1 in 200 run5.ndpi,Annotation (germinal_center),0.0376
KI67 1 in 200 run5.ndpi,Annotation (germinal_center),0.0515
KI67 1 in 200 run5.ndpi,Annotation (germinal_center),0.0542
KI67 1 in 200 run5.ndpi,Annotation (germinal_center),0.0334
KI67 1 in 200 run5.ndpi,Annotation (germinal_center),0.0485
KI67 1 in 200 run5.ndpi,Annotation (germinal_center),0.048
KI67 1 in 200 run5.ndpi,Annotation (germinal_center),0.0631
KI67 1 in 200 run5.ndpi,Annotation (germinal_center),0.0662
KI67 1 in 200 run5.ndpi,Annotation (germinal_center),0.0607
KI67 1 in 200 run5.ndpi,Annotation (germinal_center),0.0357
KI67 1 in 200 run5.ndpi,Annotation (germinal_center),0.0729
KI67 1 in 200 run5.ndpi,Annotation (germinal_center),0.0296
KI67 1 in 200 run5.ndpi,Annotation (germinal_center),0.058
KI67 1 in 200 run5.ndpi,Annotation (germinal_center),0.049
KI67 1 in 200 run5.ndpi,Annotation (germinal_center),0.0603
KI67 1 in 200 run5.ndpi,Annotation (germinal_center),0.0331
KI67 1 in 200 run5.ndpi,Annotation (germinal_center),0.0266
KI67 1 in 200 run5.ndpi,Annotation (germinal_center),0.0349
KI67 1 in 200 run5.ndpi,Annotation (germinal_center),0.027
KI67 1 in 200 run5.ndpi,Annotation (germinal_center),0.0541
KI67 1 in 200 run5.ndpi,Annotation (germinal_center),0.0529
KI67 1 in 200 run5.ndpi,Annotation (germinal_center),0.0437
KI67 1 in 200 run5.ndpi,Annotation (germinal_center),0.0488
KI67 1 in 200 run5.ndpi,Annotation (germinal_center),0.0604
KI67 1 in 200 run5.ndpi,Annotation (germinal_center),0.0549
KI67 1 in 200 run5.ndpi,Annotation (germinal_center),0.0529
KI67 1 in 200 run5.ndpi,Annotation (germinal_center),0.0635
KI67 1 in 200 run5.ndpi,Annotation (germinal_center),0.0486
KI67 1 in 200 run5.ndpi,Annotation (germinal_center),0.0462
KI67 1 in 200 run5.ndpi,Annotation (germinal_center),0.0551
KI67 1 in 200 run5.ndpi,Annotation (germinal_center),0.053
KI67 1 in 200 run5.ndpi,Annotation (germinal_center),0.052
KI67 1 in 200 run5.ndpi,Annotation (germinal_center),0.0634
KI67 1 in 200 run5.ndpi,Annotation (germinal_center),0.0322
KI67 1 in 200 run5.ndpi,Annotation (germinal_center),0.0353
KI67 1 in 200 run5.ndpi,Annotation (germinal_center),0.0431
KI67 1 in 200 run5.ndpi,Annotation (germinal_center),0.0483
KI67 1 in 200 run5.ndpi,Annotation (germinal_center),0.0544
KI67 1 in 200 run5.ndpi,Annotation (germinal_center),0.0499
KI67 1 in 200 run5.ndpi,Annotation (germinal_center),0.0437
KI67 1 in 200 run5.ndpi,Annotation (germinal_center),0.0419
KI67 1 in 200 run5.ndpi,Annotation (germinal_center),0.0765
KI67 1 in 200 run5.ndpi,Annotation (germinal_center),0.0447
KI67 1 in 200 run5.ndpi,Annotation (germinal_center),0.0473
KI67 1 in 200 run5.ndpi,Annotation (germinal_center),0.0335
KI67 1 in 200 run5.ndpi,Annotation (germinal_center),0.0349
KI67 1 in 200 run5.ndpi,Annotation (germinal_center),0.0559
KI67 1 in 200 run5.ndpi,Annotation (germinal_center),0.0629
KI67 1 in 200 run5.ndpi,Annotation (germinal_center),0.0274
KI67 1 in 200 run5.ndpi,Annotation (germinal_center),0.039
KI67 1 in 200 run5.ndpi,Annotation (germinal_center),0.0505
KI67 1 in 200 run5.ndpi,Annotation (germinal_center),0.0372
KI67 1 in 200 run5.ndpi,Annotation (germinal_center),0.0579
KI67 1 in 200 run5.ndpi,Annotation (germinal_center),0.0299
KI67 1 in 200 run5.ndpi,Annotation (germinal_center),0.0576
KI67 1 in 200 run5.ndpi,Annotation (germinal_center),0.0308
KI67 1 in 200 run5.ndpi,Annotation (germinal_center),0.0619
KI67 1 in 200 run5.ndpi,Annotation (germinal_center),0.046
KI67 1 in 200 run5.ndpi,Annotation (germinal_center),0.0398
KI67 1 in 200 run5.ndpi,Annotation (germinal_center),0.0662
KI67 1 in 200 run5.ndpi,Annotation (germinal_center),0.0606
KI67 1 in 200 run5.ndpi,Annotation (germinal_center),0.0297
KI67 1 in 200 run5.ndpi,Annotation (germinal_center),0.0356
KI67 1 in 200 run5.ndpi,Annotation (germinal_center),0.0337
KI67 1 in 200 run5.ndpi,Annotation (germinal_center),0.0397
KI67 1 in 200 run5.ndpi,Annotation (germinal_center),0.0349
KI67 1 in 200 run5.ndpi,Annotation (germinal_center),0.0335
KI67 1 in 200 run5.ndpi,Annotation (germinal_center),0.0429
KI67 1 in 200 run5.ndpi,Annotation (germinal_center),0.0383
KI67 1 in 200 run5.ndpi,Annotation (germinal_center),0.0745
KI67 1 in 200 run5.ndpi,Annotation (germinal_center),0.0322
KI67 1 in 200 run5.ndpi,Annotation (germinal_center),0.0418
KI67 1 in 200 run5.ndpi,Annotation (germinal_center),0.034
KI67 1 in 200 run5.ndpi,Annotation (germinal_center),0.0224
KI67 1 in 200 run5.ndpi,Annotation (germinal_center),0.0438
KI67 1 in 200 run5.ndpi,Annotation (germinal_center),0.0341
KI67 1 in 200 run5.ndpi,Annotation (germinal_center),0.0533
KI67 1 in 200 run5.ndpi,Annotation (germinal_center),0.0382
KI67 1 in 200 run5.ndpi,Annotation (germinal_center),0.0428
KI67 1 in 200 run5.ndpi,Annotation (germinal_center),0.0457
KI67 1 in 200 run5.ndpi,Annotation (germinal_center),0.0487
KI67 1 in 200 run5.ndpi,Annotation (germinal_center),0.029
KI67 1 in 200 run5.ndpi,Annotation (germinal_center),0.0355
KI67 1 in 200 run5.ndpi,Annotation (germinal_center),0.0371
KI67 1 in 200 run5.ndpi,Annotation (germinal_center),0.024
KI67 1 in 200 run5.ndpi,Annotation (germinal_center),0.0337
KI67 1 in 200 run5.ndpi,Annotation (germinal_center),0.0424
KI67 1 in 200 run5.ndpi,Annotation (germinal_center),0.0379
KI67 1 in 200 run5.ndpi,Annotation (germinal_center),0.0472
KI67 1 in 200 run5.ndpi,Annotation (germinal_center),0.0622
KI67 1 in 200 run5.ndpi,Annotation (germinal_center),0.0375
KI67 1 in 200 run5.ndpi,Annotation (germinal_center),0.0433
KI67 1 in 200 run5.ndpi,Annotation (germinal_center),0.0693
KI67 1 in 200 run5.ndpi,Annotation (germinal_center),0.0243
KI67 1 in 200 run5.ndpi,Annotation (germinal_center),0.0391
KI67 1 in 200 run5.ndpi,Annotation (germinal_center),0.0369
KI67 1 in 200 run5.ndpi,Annotation (germinal_center),0.0302
KI67 1 in 200 run5.ndpi,Annotation (germinal_center),0.0336
KI67 1 in 200 run5.ndpi,Annotation (germinal_center),0.0437
KI67 1 in 200 run5.ndpi,Annotation (germinal_center),0.0994
KI67 1 in 200 run5.ndpi,Annotation (germinal_center),0.0452
KI67 1 in 200 run5.ndpi,Annotation (germinal_center),0.07
KI67 1 in 200 run5.ndpi,Annotation (germinal_center),0.0416
KI67 1 in 200 run5.ndpi,Annotation (germinal_center),0.0322
KI67 1 in 200 run5.ndpi,Annotation (germinal_center),0.0541
KI67 1 in 200 run5.ndpi,Annotation (germinal_center),0.0723
KI67 1 in 200 run5.ndpi,Annotation (germinal_center),0.0539
KI67 1 in 200 run5.ndpi,Annotation (germinal_center),0.0587
KI67 1 in 200 run5.ndpi,Annotation (germinal_center),0.0386
KI67 1 in 200 run5.ndpi,Annotation (germinal_center),0.0374
KI67 1 in 200 run5.ndpi,Annotation (germinal_center),0.0265
KI67 1 in 200 run5.ndpi,Annotation (germinal_center),0.0492
KI67 1 in 200 run5.ndpi,Annotation (germinal_center),0.0293
KI67 1 in 200 run5.ndpi,Annotation (germinal_center),0.0428
KI67 1 in 200 run5.ndpi,Annotation (germinal_center),0.0534
KI67 1 in 200 run5.ndpi,Annotation (germinal_center),0.0411
KI67 1 in 200 run5.ndpi,Annotation (germinal_center),0.0498
KI67 1 in 200 run5.ndpi,Annotation (germinal_center),0.0454
KI67 1 in 200 run5.ndpi,Annotation (germinal_center),0.0362
KI67 1 in 200 run5.ndpi,Annotation (germinal_center),0.0371
KI67 1 in 200 run5.ndpi,Annotation (germinal_center),0.0412
KI67 1 in 200 run5.ndpi,Annotation (germinal_center),
KI67 1 in 200 run5.ndpi,Annotation (germinal_center),0.065
KI67 1 in 200 run5.ndpi,Annotation (germinal_center),0.0665
KI67 1 in 200 run5.ndpi,Annotation (germinal_center),0.0678
KI67 1 in 200 run5.ndpi,Annotation (germinal_center),0.0659
KI67 1 in 200 run5.ndpi,Annotation (germinal_center),0.052
KI67 1 in 200 run5.ndpi,Annotation (germinal_center),0.0649
KI67 1 in 200 run5.ndpi,Annotation (germinal_center),0.0841
KI67 1 in 200 run5.ndpi,Annotation (germinal_center),0.0714
KI67 1 in 200 run5.ndpi,Annotation (germinal_center),0.2715
KI67 1 in 200 run5.ndpi,Annotation (germinal_center),0.0452
KI67 1 in 200 run5.ndpi,Annotation (germinal_center),0.0876
KI67 1 in 200 run5.ndpi,Annotation (germinal_center),0.068
KI67 1 in 200 run5.ndpi,Annotation (germinal_center),0.0387
KI67 1 in 200 run5.ndpi,Annotation (germinal_center),0.0495
KI67 1 in 200 run5.ndpi,Annotation (germinal_center),0.0568
KI67 1 in 200 run5.ndpi,Annotation (germinal_center),0.0585
KI67 1 in 200 run5.ndpi,Annotation (germinal_center),0.0587
KI67 1 in 200 run5.ndpi,Annotation (germinal_center),0.0877
KI67 1 in 200 run5.ndpi,Annotation (germinal_center),0.0537
KI67 1 in 200 run5.ndpi,Annotation (germinal_center),0.0708
KI67 1 in 200 run5.ndpi,Annotation (germinal_center),0.0524
KI67 1 in 200 run5.ndpi,Annotation (germinal_center),0.0309
KI67 1 in 200 run5.ndpi,Annotation (germinal_center),0.07
KI67 1 in 200 run5.ndpi,Annotation (germinal_center),0.0586
KI67 1 in 200 run5.ndpi,Annotation (germinal_center),0.0388
KI67 1 in 200 run5.ndpi,Annotation (germinal_center),0.0573
KI67 1 in 200 run5.ndpi,Annotation (germinal_center),0.0574
KI67 1 in 200 run5.ndpi,Annotation (germinal_center),0.0634
KI67 1 in 200 run5.ndpi,Annotation (germinal_center),0.074
KI67 1 in 200 run5.ndpi,Annotation (germinal_center),0.0542
KI67 1 in 200 run5.ndpi,Annotation (germinal_center),0.0545
KI67 1 in 200 run5.ndpi,Annotation (germinal_center),0.0796
KI67 1 in 200 run5.ndpi,Annotation (germinal_center),0.0685
KI67 1 in 200 run5.ndpi,Annotation (germinal_center),0.0837
KI67 1 in 200 run5.ndpi,Annotation (germinal_center),0.0482
KI67 1 in 200 run5.ndpi,Annotation (germinal_center),0.0373
KI67 1 in 200 run5.ndpi,Annotation (germinal_center),0.0616
KI67 1 in 200 run5.ndpi,Annotation (germinal_center),0.0723
KI67 1 in 200 run5.ndpi,Annotation (germinal_center),0.055
KI67 1 in 200 run5.ndpi,Annotation (germinal_center),0.0705
KI67 1 in 200 run5.ndpi,Annotation (germinal_center),0.0381
KI67 1 in 200 run5.ndpi,Annotation (germinal_center),0.0748
KI67 1 in 200 run5.ndpi,Annotation (germinal_center),0.0812
KI67 1 in 200 run5.ndpi,Annotation (germinal_center),0.0699
KI67 1 in 200 run5.ndpi,Annotation (germinal_center),0.0522
KI67 1 in 200 run5.ndpi,Annotation (germinal_center),0.0373
KI67 1 in 200 run5.ndpi,Annotation (germinal_center),0.0589
KI67 1 in 200 run5.ndpi,Annotation (germinal_center),0.0768
KI67 1 in 200 run5.ndpi,Annotation (germinal_center),0.0642
KI67 1 in 200 run5.ndpi,Annotation (germinal_center),0.0629
KI67 1 in 200 run5.ndpi,Annotation (germinal_center),0.04
KI67 1 in 200 run5.ndpi,Annotation (germinal_center),0.0356
KI67 1 in 200 run5.ndpi,Annotation (germinal_center),0.0606
KI67 1 in 200 run5.ndpi,Annotation (germinal_center),0.0757
KI67 1 in 200 run5.ndpi,Annotation (germinal_center),0.048
KI67 1 in 200 run5.ndpi,Annotation (germinal_center),0.0712
KI67 1 in 200 run5.ndpi,Annotation (germinal_center),0.0494
KI67 1 in 200 run5.ndpi,Annotation (germinal_center),0.048
KI67 1 in 200 run5.ndpi,Annotation (germinal_center),0.0635
KI67 1 in 200 run5.ndpi,Annotation (germinal_center),0.0524
KI67 1 in 200 run5.ndpi,Annotation (germinal_center),0.0653
KI67 1 in 200 run5.ndpi,Annotation (germinal_center),0.0412
KI67 1 in 200 run5.ndpi,Annotation (germinal_center),0.049
KI67 1 in 200 run5.ndpi,Annotation (germinal_center),0.0851
KI67 1 in 200 run5.ndpi,Annotation (germinal_center),0.0808
KI67 1 in 200 run5.ndpi,Annotation (germinal_center),0.0611
KI67 1 in 200 run5.ndpi,Annotation (germinal_center),0.0695
KI67 1 in 200 run5.ndpi,Annotation (germinal_center),0.0397
KI67 1 in 200 run5.ndpi,Annotation (germinal_center),0.0297
KI67 1 in 200 run5.ndpi,Annotation (germinal_center),0.0522
KI67 1 in 200 run5.ndpi,Annotation (germinal_center),0.0707
KI67 1 in 200 run5.ndpi,Annotation (germinal_center),0.0619
KI67 1 in 200 run5.ndpi,Annotation (germinal_center),0.06
KI67 1 in 200 run5.ndpi,Annotation (germinal_center),0.0639
KI67 1 in 200 run5.ndpi,Annotation (germinal_center),0.0379
KI67 1 in 200 run5.ndpi,Annotation (germinal_center),0.0594
KI67 1 in 200 run5.ndpi,Annotation (germinal_center),0.0602
KI67 1 in 200 run5.ndpi,Annotation (germinal_center),0.063
KI67 1 in 200 run5.ndpi,Annotation (germinal_center),0.0828
KI67 1 in 200 run5.ndpi,Annotation (germinal_center),0.0548
KI67 1 in 200 run5.ndpi,Annotation (germinal_center),0.0782
KI67 1 in 200 run5.ndpi,Annotation (germinal_center),0.0681
KI67 1 in 200 run5.ndpi,Annotation (germinal_center),0.0518
KI67 1 in 200 run5.ndpi,Annotation (germinal_center),0.047
KI67 1 in 200 run5.ndpi,Annotation (germinal_center),0.0626
KI67 1 in 200 run5.ndpi,Annotation (germinal_center),0.0351
KI67 1 in 200 run5.ndpi,Annotation (germinal_center),0.0458
KI67 1 in 200 run5.ndpi,Annotation (germinal_center),0.0538
KI67 1 in 200 run5.ndpi,Annotation (germinal_center),0.055
KI67 1 in 200 run5.ndpi,Annotation (germinal_center),0.0536
KI67 1 in 200 run5.ndpi,Annotation (germinal_center),0.0484
KI67 1 in 200 run5.ndpi,Annotation (germinal_center),0.035
KI67 1 in 200 run5.ndpi,Annotation (germinal_center),0.0447
KI67 1 in 200 run5.ndpi,Annotation (germinal_center),0.0394
KI67 1 in 200 run5.ndpi,Annotation (germinal_center),0.0717
KI67 1 in 200 run5.ndpi,Annotation (germinal_center),0.0427
KI67 1 in 200 run5.ndpi,Annotation (germinal_center),0.0749
KI67 1 in 200 run5.ndpi,Annotation (germinal_center),0.0695
KI67 1 in 200 run5.ndpi,Annotation (germinal_center),0.0403
KI67 1 in 200 run5.ndpi,Annotation (germinal_center),0.0692
KI67 1 in 200 run5.ndpi,Annotation (germinal_center),0.0201
KI67 1 in 200 run5.ndpi,Annotation (germinal_center),0.075
KI67 1 in 200 run5.ndpi,Annotation (germinal_center),0.0577
KI67 1 in 200 run5.ndpi,Annotation (germinal_center),0.0386
KI67 1 in 200 run5.ndpi,Annotation (germinal_center),0.0385
KI67 1 in 200 run5.ndpi,Annotation (germinal_center),0.0768
KI67 1 in 200 run5.ndpi,Annotation (germinal_center),0.0343
KI67 1 in 200 run5.ndpi,Annotation (germinal_center),0.0638
KI67 1 in 200 run5.ndpi,Annotation (germinal_center),0.0685
KI67 1 in 200 run5.ndpi,Annotation (germinal_center),0.0667
KI67 1 in 200 run5.ndpi,Annotation (germinal_center),0.1019
KI67 1 in 200 run5.ndpi,Annotation (germinal_center),0.0547
KI67 1 in 200 run5.ndpi,Annotation (germinal_center),0.0539
KI67 1 in 200 run5.ndpi,Annotation (germinal_center),0.0268
KI67 1 in 200 run5.ndpi,Annotation (germinal_center),0.0291
KI67 1 in 200 run5.ndpi,Annotation (germinal_center),0.0528
KI67 1 in 200 run5.ndpi,Annotation (germinal_center),0.0565
KI67 1 in 200 run5.ndpi,Annotation (germinal_center),0.0442
KI67 1 in 200 run5.ndpi,Annotation (germinal_center),0.0286
KI67 1 in 200 run5.ndpi,Annotation (germinal_center),0.0747
KI67 1 in 200 run5.ndpi,Annotation (germinal_center),0.047
KI67 1 in 200 run5.ndpi,Annotation (germinal_center),0.0748
KI67 1 in 200 run5.ndpi,Annotation (germinal_center),0.0677
KI67 1 in 200 run5.ndpi,Annotation (germinal_center),0.0349
KI67 1 in 200 run5.ndpi,Annotation (germinal_center),0.0453
KI67 1 in 200 run5.ndpi,Annotation (germinal_center),0.0472
KI67 1 in 200 run5.ndpi,Annotation (germinal_center),0.0536
KI67 1 in 200 run5.ndpi,Annotation (germinal_center),0.0563
KI67 1 in 200 run5.ndpi,Annotation (germinal_center),0.0558
KI67 1 in 200 run5.ndpi,Annotation (germinal_center),0.074
KI67 1 in 200 run5.ndpi,Annotation (germinal_center),0.036
KI67 1 in 200 run5.ndpi,Annotation (germinal_center),0.0302
KI67 1 in 200 run5.ndpi,Annotation (germinal_center),0.0412
KI67 1 in 200 run5.ndpi,Annotation (germinal_center),0.064
KI67 1 in 200 run5.ndpi,Annotation (germinal_center),0.0408
KI67 1 in 200 run5.ndpi,Annotation (germinal_center),0.037
KI67 1 in 200 run5.ndpi,Annotation (germinal_center),0.0383
KI67 1 in 200 run5.ndpi,Annotation (germinal_center),0.0278
KI67 1 in 200 run5.ndpi,Annotation (germinal_center),0.0373
KI67 1 in 200 run5.ndpi,Annotation (germinal_center),0.0285
KI67 1 in 200 run5.ndpi,Annotation (germinal_center),0.0614
KI67 1 in 200 run5.ndpi,Annotation (germinal_center),0.0362
KI67 1 in 200 run5.ndpi,Annotation (germinal_center),0.0719
KI67 1 in 200 run5.ndpi,Annotation (germinal_center),0.0903
KI67 1 in 200 run5.ndpi,Annotation (germinal_center),0.0617
KI67 1 in 200 run5.ndpi,Annotation (germinal_center),0.0345
KI67 1 in 200 run5.ndpi,Annotation (germinal_center),0.0682
KI67 1 in 200 run5.ndpi,Annotation (germinal_center),0.0668
KI67 1 in 200 run5.ndpi,Annotation (germinal_center),0.0545
KI67 1 in 200 run5.ndpi,Annotation (germinal_center),0.0449
KI67 1 in 200 run5.ndpi,Annotation (germinal_center),0.0445
KI67 1 in 200 run5.ndpi,Annotation (germinal_center),0.0659
KI67 1 in 200 run5.ndpi,Annotation (germinal_center),0.0467
KI67 1 in 200 run5.ndpi,Annotation (germinal_center),0.0679
KI67 1 in 200 run5.ndpi,Annotation (germinal_center),0.0414
KI67 1 in 200 run5.ndpi,Annotation (germinal_center),0.0243
KI67 1 in 200 run5.ndpi,Annotation (germinal_center),0.0598
KI67 1 in 200 run5.ndpi,Annotation (germinal_center),0.0327
KI67 1 in 200 run5.ndpi,Annotation (germinal_center),0.0352
KI67 1 in 200 run5.ndpi,Annotation (germinal_center),0.042
KI67 1 in 200 run5.ndpi,Annotation (germinal_center),0.0696
KI67 1 in 200 run5.ndpi,Annotation (germinal_center),0.0587
KI67 1 in 200 run5.ndpi,Annotation (germinal_center),0.0382
KI67 1 in 200 run5.ndpi,Annotation (germinal_center),0.0275
KI67 1 in 200 run5.ndpi,Annotation (germinal_center),0.0686
KI67 1 in 200 run5.ndpi,Annotation (germinal_center),0.0577
KI67 1 in 200 run5.ndpi,Annotation (germinal_center),0.0442
KI67 1 in 200 run5.ndpi,Annotation (germinal_center),0.0588
KI67 1 in 200 run5.ndpi,Annotation (germinal_center),0.0793
KI67 1 in 200 run5.ndpi,Annotation (germinal_center),0.0629
KI67 1 in 200 run5.ndpi,Annotation (germinal_center),0.0562
KI67 1 in 200 run5.ndpi,Annotation (germinal_center),0.0747
KI67 1 in 200 run5.ndpi,Annotation (germinal_center),0.0628
KI67 1 in 200 run5.ndpi,Annotation (germinal_center),0.0448
KI67 1 in 200 run5.ndpi,Annotation (germinal_center),0.0415
KI67 1 in 200 run5.ndpi,Annotation (germinal_center),0.0677
KI67 1 in 200 run5.ndpi,Annotation (germinal_center),0.0465
KI67 1 in 200 run5.ndpi,Annotation (germinal_center),0.0572
KI67 1 in 200 run5.ndpi,Annotation (germinal_center),0.0768
KI67 1 in 200 run5.ndpi,Annotation (germinal_center),0.0349
KI67 1 in 200 run5.ndpi,Annotation (germinal_center),0.0345
KI67 1 in 200 run5.ndpi,Annotation (germinal_center),0.0573
KI67 1 in 200 run5.ndpi,Annotation (germinal_center),0.0866
KI67 1 in 200 run5.ndpi,Annotation (germinal_center),0.0723
KI67 1 in 200 run5.ndpi,Annotation (germinal_center),0.0418
KI67 1 in 200 run5.ndpi,Annotation (germinal_center),0.0595
KI67 1 in 200 run5.ndpi,Annotation (germinal_center),0.0368
KI67 1 in 200 run5.ndpi,Annotation (germinal_center),0.0691
KI67 1 in 200 run5.ndpi,Annotation (germinal_center),0.0492
KI67 1 in 200 run5.ndpi,Annotation (germinal_center),0.0467
KI67 1 in 200 run5.ndpi,Annotation (germinal_center),0.0466
KI67 1 in 200 run5.ndpi,Annotation (germinal_center),0.0327
KI67 1 in 200 run5.ndpi,Annotation (germinal_center),0.0661
KI67 1 in 200 run5.ndpi,Annotation (germinal_center),0.0381
KI67 1 in 200 run5.ndpi,Annotation (germinal_center),0.0636
KI67 1 in 200 run5.ndpi,Annotation (germinal_center),0.0362
KI67 1 in 200 run5.ndpi,Annotation (germinal_center),0.0402
KI67 1 in 200 run5.ndpi,Annotation (germinal_center),0.0386
KI67 1 in 200 run5.ndpi,Annotation (germinal_center),0.0636
KI67 1 in 200 run5.ndpi,Annotation (germinal_center),0.0442
KI67 1 in 200 run5.ndpi,Annotation (germinal_center),0.0459
KI67 1 in 200 run5.ndpi,Annotation (germinal_center),0.0436
KI67 1 in 200 run5.ndpi,Annotation (germinal_center),0.0536
KI67 1 in 200 run5.ndpi,Annotation (germinal_center),0.0753
KI67 1 in 200 run5.ndpi,Annotation (germinal_center),0.0307
KI67 1 in 200 run5.ndpi,Annotation (germinal_center),0.0301
KI67 1 in 200 run5.ndpi,Annotation (germinal_center),0.0463
KI67 1 in 200 run5.ndpi,Annotation (germinal_center),0.064
KI67 1 in 200 run5.ndpi,Annotation (germinal_center),0.0415
KI67 1 in 200 run5.ndpi,Annotation (germinal_center),0.0554
KI67 1 in 200 run5.ndpi,Annotation (germinal_center),0.0398
KI67 1 in 200 run5.ndpi,Annotation (germinal_center),0.0348
KI67 1 in 200 run5.ndpi,Annotation (germinal_center),0.0595
KI67 1 in 200 run5.ndpi,Annotation (germinal_center),0.0501
KI67 1 in 200 run5.ndpi,Annotation (germinal_center),0.0592
KI67 1 in 200 run5.ndpi,Annotation (germinal_center),0.0965
KI67 1 in 200 run5.ndpi,Annotation (germinal_center),0.0456
KI67 1 in 200 run5.ndpi,Annotation (germinal_center),0.0556
KI67 1 in 200 run5.ndpi,Annotation (germinal_center),0.0582
KI67 1 in 200 run5.ndpi,Annotation (germinal_center),0.0336
KI67 1 in 200 run5.ndpi,Annotation (germinal_center),0.0331
KI67 1 in 200 run5.ndpi,Annotation (germinal_center),0.0576
KI67 1 in 200 run5.ndpi,Annotation (germinal_center),0.0617
KI67 1 in 200 run5.ndpi,Annotation (germinal_center),0.043
KI67 1 in 200 run5.ndpi,Annotation (germinal_center),0.059
KI67 1 in 200 run5.ndpi,Annotation (germinal_center),0.0732
KI67 1 in 200 run5.ndpi,Annotation (germinal_center),0.073
KI67 1 in 200 run5.ndpi,Annotation (germinal_center),0.051
KI67 1 in 200 run5.ndpi,Annotation (germinal_center),0.0449
KI67 1 in 200 run5.ndpi,Annotation (germinal_center),0.0528
KI67 1 in 200 run5.ndpi,Annotation (germinal_center),0.0473
KI67 1 in 200 run5.ndpi,Annotation (germinal_center),0.0483
KI67 1 in 200 run5.ndpi,Annotation (germinal_center),0.0548
KI67 1 in 200 run5.ndpi,Annotation (germinal_center),0.0372
KI67 1 in 200 run5.ndpi,Annotation (germinal_center),0.0681
KI67 1 in 200 run5.ndpi,Annotation (germinal_center),0.0452
KI67 1 in 200 run5.ndpi,Annotation (germinal_center),0.0443
KI67 1 in 200 run5.ndpi,Annotation (germinal_center),0.0366
KI67 1 in 200 run5.ndpi,Annotation (germinal_center),0.0657
KI67 1 in 200 run5.ndpi,Annotation (germinal_center),0.053
KI67 1 in 200 run5.ndpi,Annotation (germinal_center),0.0403
KI67 1 in 200 run5.ndpi,Annotation (germinal_center),0.0483
KI67 1 in 200 run5.ndpi,Annotation (germinal_center),0.077
KI67 1 in 200 run5.ndpi,Annotation (germinal_center),0.0475
KI67 1 in 200 run5.ndpi,Annotation (germinal_center),0.0696
KI67 1 in 200 run5.ndpi,Annotation (germinal_center),0.0429
KI67 1 in 200 run5.ndpi,Annotation (germinal_center),0.0549
KI67 1 in 200 run5.ndpi,Annotation (germinal_center),0.0618
KI67 1 in 200 run5.ndpi,Annotation (germinal_center),0.0889
KI67 1 in 200 run5.ndpi,Annotation (germinal_center),0.0421
KI67 1 in 200 run5.ndpi,Annotation (germinal_center),0.0473
KI67 1 in 200 run5.ndpi,Annotation (germinal_center),0.1025
KI67 1 in 200 run5.ndpi,Annotation (germinal_center),0.0328
KI67 1 in 200 run5.ndpi,Annotation (germinal_center),0.0572
KI67 1 in 200 run5.ndpi,Annotation (germinal_center),0.0376
KI67 1 in 200 run5.ndpi,Annotation (germinal_center),0.0552
KI67 1 in 200 run5.ndpi,Annotation (germinal_center),0.0704
KI67 1 in 200 run5.ndpi,Annotation (germinal_center),0.0782
KI67 1 in 200 run5.ndpi,Annotation (germinal_center),0.0762
KI67 1 in 200 run5.ndpi,Annotation (germinal_center),0.0671
KI67 1 in 200 run5.ndpi,Annotation (germinal_center),0.0339
KI67 1 in 200 run5.ndpi,Annotation (germinal_center),0.039
KI67 1 in 200 run5.ndpi,Annotation (germinal_center),0.0266
KI67 1 in 200 run5.ndpi,Annotation (germinal_center),0.0394
KI67 1 in 200 run5.ndpi,Annotation (germinal_center),0.0644
KI67 1 in 200 run5.ndpi,Annotation (germinal_center),0.0452
KI67 1 in 200 run5.ndpi,Annotation (germinal_center),0.0598
KI67 1 in 200 run5.ndpi,Annotation (germinal_center),0.0347
KI67 1 in 200 run5.ndpi,Annotation (germinal_center),0.0404
KI67 1 in 200 run5.ndpi,Annotation (germinal_center),0.0379
KI67 1 in 200 run5.ndpi,Annotation (germinal_center),0.0456
KI67 1 in 200 run5.ndpi,Annotation (germinal_center),0.0664
KI67 1 in 200 run5.ndpi,Annotation (germinal_center),0.0536
KI67 1 in 200 run5.ndpi,Annotation (germinal_center),0.0601
KI67 1 in 200 run5.ndpi,Annotation (germinal_center),0.0357
KI67 1 in 200 run5.ndpi,Annotation (germinal_center),0.0495
KI67 1 in 200 run5.ndpi,Annotation (germinal_center),0.038
KI67 1 in 200 run5.ndpi,Annotation (germinal_center),0.0674
KI67 1 in 200 run5.ndpi,Annotation (germinal_center),0.042
KI67 1 in 200 run5.ndpi,Annotation (germinal_center),0.0432
KI67 1 in 200 run5.ndpi,Annotation (germinal_center),0.076
KI67 1 in 200 run5.ndpi,Annotation (germinal_center),0.1385
KI67 1 in 200 run5.ndpi,Annotation (germinal_center),0.0468
KI67 1 in 200 run5.ndpi,Annotation (germinal_center),0.0616
KI67 1 in 200 run5.ndpi,Annotation (germinal_center),0.0591
KI67 1 in 200 run5.ndpi,Annotation (germinal_center),0.0475
KI67 1 in 200 run5.ndpi,Annotation (germinal_center),0.0571
KI67 1 in 200 run5.ndpi,Annotation (germinal_center),0.0603
KI67 1 in 200 run5.ndpi,Annotation (germinal_center),0.0597
KI67 1 in 200 run5.ndpi,Annotation (germinal_center),0.0449
KI67 1 in 200 run5.ndpi,Annotation (germinal_center),0.0499
KI67 1 in 200 run5.ndpi,Annotation (germinal_center),0.0485
KI67 1 in 200 run5.ndpi,Annotation (germinal_center),0.0467
KI67 1 in 200 run5.ndpi,Annotation (germinal_center),0.0497
KI67 1 in 200 run5.ndpi,Annotation (germinal_center),0.046
KI67 1 in 200 run5.ndpi,Annotation (germinal_center),0.0539
KI67 1 in 200 run5.ndpi,Annotation (germinal_center),0.0418
KI67 1 in 200 run5.ndpi,Annotation (germinal_center),0.0611
KI67 1 in 200 run5.ndpi,Annotation (germinal_center),0.0538
KI67 1 in 200 run5.ndpi,Annotation (germinal_center),0.0665
KI67 1 in 200 run5.ndpi,Annotation (germinal_center),0.0487
KI67 1 in 200 run5.ndpi,Annotation (germinal_center),0.0378
KI67 1 in 200 run5.ndpi,Annotation (germinal_center),0.1035
KI67 1 in 200 run5.ndpi,Annotation (germinal_center),0.0474
KI67 1 in 200 run5.ndpi,Annotation (germinal_center),0.0552
KI67 1 in 200 run5.ndpi,Annotation (germinal_center),0.0932
KI67 1 in 200 run5.ndpi,Annotation (germinal_center),0.0554
KI67 1 in 200 run5.ndpi,Annotation (germinal_center),0.0618
KI67 1 in 200 run5.ndpi,Annotation (germinal_center),0.043
KI67 1 in 200 run5.ndpi,Annotation (germinal_center),0.0427
KI67 1 in 200 run5.ndpi,Annotation (germinal_center),0.057
KI67 1 in 200 run5.ndpi,Annotation (germinal_center),0.0469
KI67 1 in 200 run5.ndpi,Annotation (germinal_center),0.0529
KI67 1 in 200 run5.ndpi,Annotation (germinal_center),0.0318
KI67 1 in 200 run5.ndpi,Annotation (germinal_center),0.0644
KI67 1 in 200 run5.ndpi,Annotation (germinal_center),0.0628
KI67 1 in 200 run5.ndpi,Annotation (germinal_center),0.0623
KI67 1 in 200 run5.ndpi,Annotation (germinal_center),0.0235
KI67 1 in 200 run5.ndpi,Annotation (germinal_center),0.0641
KI67 1 in 200 run5.ndpi,Annotation (germinal_center),0.0514
KI67 1 in 200 run5.ndpi,Annotation (germinal_center),0.0541
KI67 1 in 200 run5.ndpi,Annotation (germinal_center),0.0436
KI67 1 in 200 run5.ndpi,Annotation (germinal_center),0.0452
KI67 1 in 200 run5.ndpi,Annotation (germinal_center),0.0367
KI67 1 in 200 run5.ndpi,Annotation (germinal_center),0.0404
KI67 1 in 200 run5.ndpi,Annotation (germinal_center),0.0353
KI67 1 in 200 run5.ndpi,Annotation (germinal_center),0.0308
KI67 1 in 200 run5.ndpi,Annotation (germinal_center),0.0452
KI67 1 in 200 run5.ndpi,Annotation (germinal_center),0.0464
KI67 1 in 200 run5.ndpi,Annotation (germinal_center),0.0511
KI67 1 in 200 run5.ndpi,Annotation (germinal_center),0.0465
KI67 1 in 200 run5.ndpi,Annotation (germinal_center),0.062
KI67 1 in 200 run5.ndpi,Annotation (germinal_center),0.0728
KI67 1 in 200 run5.ndpi,Annotation (germinal_center),0.0673
KI67 1 in 200 run5.ndpi,Annotation (germinal_center),0.0582
KI67 1 in 200 run5.ndpi,Annotation (germinal_center),0.0345
KI67 1 in 200 run5.ndpi,Annotation (germinal_center),0.0583
KI67 1 in 200 run5.ndpi,Annotation (germinal_center),0.0537
KI67 1 in 200 run5.ndpi,Annotation (germinal_center),0.0901
KI67 1 in 200 run5.ndpi,Annotation (germinal_center),0.0929
KI67 1 in 200 run5.ndpi,Annotation (germinal_center),0.0739
KI67 1 in 200 run5.ndpi,Annotation (germinal_center),0.0851
KI67 1 in 200 run5.ndpi,Annotation (germinal_center),0.0625
KI67 1 in 200 run5.ndpi,Annotation (germinal_center),0.0519
KI67 1 in 200 run5.ndpi,Annotation (germinal_center),0.0424
KI67 1 in 200 run5.ndpi,Annotation (germinal_center),0.0387
KI67 1 in 200 run5.ndpi,Annotation (germinal_center),0.0404
KI67 1 in 200 run5.ndpi,Annotation (germinal_center),0.0534
KI67 1 in 200 run5.ndpi,Annotation (germinal_center),0.0322
KI67 1 in 200 run5.ndpi,Annotation (germinal_center),0.0683
KI67 1 in 200 run5.ndpi,Annotation (germinal_center),0.0448
KI67 1 in 200 run5.ndpi,Annotation (germinal_center),0.0546
KI67 1 in 200 run5.ndpi,Annotation (germinal_center),0.0702
KI67 1 in 200 run5.ndpi,Annotation (germinal_center),0.0765
KI67 1 in 200 run5.ndpi,Annotation (germinal_center),0.0553
KI67 1 in 200 run5.ndpi,Annotation (germinal_center),0.0786
KI67 1 in 200 run5.ndpi,Annotation (germinal_center),0.0551
KI67 1 in 200 run5.ndpi,Annotation (germinal_center),0.0379
KI67 1 in 200 run5.ndpi,Annotation (germinal_center),0.0562
KI67 1 in 200 run5.ndpi,Annotation (germinal_center),0.0585
KI67 1 in 200 run5.ndpi,Annotation (germinal_center),0.0375
KI67 1 in 200 run5.ndpi,Annotation (germinal_center),0.0711
KI67 1 in 200 run5.ndpi,Annotation (germinal_center),0.0669
KI67 1 in 200 run5.ndpi,Annotation (germinal_center),0.0592
KI67 1 in 200 run5.ndpi,Annotation (germinal_center),0.0358
KI67 1 in 200 run5.ndpi,Annotation (germinal_center),0.0532
KI67 1 in 200 run5.ndpi,Annotation (germinal_center),0.0424
KI67 1 in 200 run5.ndpi,Annotation (germinal_center),0.0578
KI67 1 in 200 run5.ndpi,Annotation (germinal_center),0.0388
KI67 1 in 200 run5.ndpi,Annotation (germinal_center),0.0441
KI67 1 in 200 run5.ndpi,Annotation (germinal_center),0.0548
KI67 1 in 200 run5.ndpi,Annotation (germinal_center),0.042
KI67 1 in 200 run5.ndpi,Annotation (germinal_center),0.0431
KI67 1 in 200 run5.ndpi,Annotation (germinal_center),0.0515
KI67 1 in 200 run5.ndpi,Annotation (germinal_center),0.0594
KI67 1 in 200 run5.ndpi,Annotation (germinal_center),0.0476
KI67 1 in 200 run5.ndpi,Annotation (germinal_center),0.0328
KI67 1 in 200 run5.ndpi,Annotation (germinal_center),0.0422
KI67 1 in 200 run5.ndpi,Annotation (germinal_center),0.0393
KI67 1 in 200 run5.ndpi,Annotation (germinal_center),0.0507
KI67 1 in 200 run5.ndpi,Annotation (germinal_center),0.0628
KI67 1 in 200 run5.ndpi,Annotation (germinal_center),0.0293
KI67 1 in 200 run5.ndpi,Annotation (germinal_center),0.0804
KI67 1 in 200 run5.ndpi,Annotation (germinal_center),0.0491
KI67 1 in 200 run5.ndpi,Annotation (germinal_center),0.0566
KI67 1 in 200 run5.ndpi,Annotation (germinal_center),0.0525
KI67 1 in 200 run5.ndpi,Annotation (germinal_center),0.0433
KI67 1 in 200 run5.ndpi,Annotation (germinal_center),0.0584
KI67 1 in 200 run5.ndpi,Annotation (germinal_center),0.0245
KI67 1 in 200 run5.ndpi,Annotation (germinal_center),0.0551
KI67 1 in 200 run5.ndpi,Annotation (germinal_center),0.0547
KI67 1 in 200 run5.ndpi,Annotation (germinal_center),0.0371
KI67 1 in 200 run5.ndpi,Annotation (germinal_center),0.0332
KI67 1 in 200 run5.ndpi,Annotation (germinal_center),0.0396
KI67 1 in 200 run5.ndpi,Annotation (germinal_center),0.0521
KI67 1 in 200 run5.ndpi,Annotation (germinal_center),0.0389
KI67 1 in 200 run5.ndpi,Annotation (germinal_center),0.0288
KI67 1 in 200 run5.ndpi,Annotation (germinal_center),0.0735
KI67 1 in 200 run5.ndpi,Annotation (germinal_center),0.0375
KI67 1 in 200 run5.ndpi,Annotation (germinal_center),0.0756
KI67 1 in 200 run5.ndpi,Annotation (germinal_center),0.0412
KI67 1 in 200 run5.ndpi,Annotation (germinal_center),0.0382
KI67 1 in 200 run5.ndpi,Annotation (germinal_center),0.0974
KI67 1 in 200 run5.ndpi,Annotation (germinal_center),0.0438
KI67 1 in 200 run5.ndpi,Annotation (germinal_center),0.0347
KI67 1 in 200 run5.ndpi,Annotation (germinal_center),0.0331
KI67 1 in 200 run5.ndpi,Annotation (germinal_center),0.039
KI67 1 in 200 run5.ndpi,Annotation (germinal_center),0.0532
KI67 1 in 200 run5.ndpi,Annotation (germinal_center),0.0497
KI67 1 in 200 run5.ndpi,Annotation (germinal_center),0.0483
KI67 1 in 200 run5.ndpi,Annotation (germinal_center),0.0418
KI67 1 in 200 run5.ndpi,Annotation (germinal_center),0.0837
KI67 1 in 200 run5.ndpi,Annotation (germinal_center),0.0358
KI67 1 in 200 run5.ndpi,Annotation (germinal_center),0.0735
KI67 1 in 200 run5.ndpi,Annotation (germinal_center),0.0252
KI67 1 in 200 run5.ndpi,Annotation (germinal_center),0.0514
KI67 1 in 200 run5.ndpi,Annotation (germinal_center),0.0646
KI67 1 in 200 run5.ndpi,Annotation (germinal_center),0.0386
KI67 1 in 200 run5.ndpi,Annotation (germinal_center),0.0656
KI67 1 in 200 run5.ndpi,Annotation (germinal_center),0.1029
KI67 1 in 200 run5.ndpi,Annotation (germinal_center),0.0397
KI67 1 in 200 run5.ndpi,Annotation (germinal_center),0.057
KI67 1 in 200 run5.ndpi,Annotation (germinal_center),0.0698
KI67 1 in 200 run5.ndpi,Annotation (germinal_center),0.0393
KI67 1 in 200 run5.ndpi,Annotation (germinal_center),0.0277
KI67 1 in 200 run5.ndpi,Annotation (germinal_center),0.0409
KI67 1 in 200 run5.ndpi,Annotation (germinal_center),0.0312
KI67 1 in 200 run5.ndpi,Annotation (germinal_center),0.0355
KI67 1 in 200 run5.ndpi,Annotation (germinal_center),0.0289
KI67 1 in 200 run5.ndpi,Annotation (germinal_center),0.0426
KI67 1 in 200 run5.ndpi,Annotation (germinal_center),0.0352
KI67 1 in 200 run5.ndpi,Annotation (germinal_center),0.0823
KI67 1 in 200 run5.ndpi,Annotation (germinal_center),0.0605
KI67 1 in 200 run5.ndpi,Annotation (germinal_center),0.0496
KI67 1 in 200 run5.ndpi,Annotation (germinal_center),0.0364
KI67 1 in 200 run5.ndpi,Annotation (germinal_center),0.0298
KI67 1 in 200 run5.ndpi,Annotation (germinal_center),0.0381
KI67 1 in 200 run5.ndpi,Annotation (germinal_center),0.0335
KI67 1 in 200 run5.ndpi,Annotation (germinal_center),0.062
KI67 1 in 200 run5.ndpi,Annotation (germinal_center),0.0379
KI67 1 in 200 run5.ndpi,Annotation (germinal_center),0.0673
KI67 1 in 200 run5.ndpi,Annotation (germinal_center),0.0636
KI67 1 in 200 run5.ndpi,Annotation (germinal_center),0.0578
KI67 1 in 200 run5.ndpi,Annotation (germinal_center),0.04
KI67 1 in 200 run5.ndpi,Annotation (germinal_center),0.0378
KI67 1 in 200 run5.ndpi,Annotation (germinal_center),0.0571
KI67 1 in 200 run5.ndpi,Annotation (germinal_center),0.0347
KI67 1 in 200 run5.ndpi,Annotation (germinal_center),0.0493
KI67 1 in 200 run5.ndpi,Annotation (germinal_center),0.0711
KI67 1 in 200 run5.ndpi,Annotation (germinal_center),0.0386
KI67 1 in 200 run5.ndpi,Annotation (germinal_center),0.0581
KI67 1 in 200 run5.ndpi,Annotation (germinal_center),0.0781
KI67 1 in 200 run5.ndpi,Annotation (germinal_center),0.0576
KI67 1 in 200 run5.ndpi,Annotation (germinal_center),0.0374
KI67 1 in 200 run5.ndpi,Annotation (germinal_center),0.0286
KI67 1 in 200 run5.ndpi,Annotation (germinal_center),0.0356
KI67 1 in 200 run5.ndpi,Annotation (germinal_center),0.0659
KI67 1 in 200 run5.ndpi,Annotation (germinal_center),0.0562
KI67 1 in 200 run5.ndpi,Annotation (germinal_center),0.057
KI67 1 in 200 run5.ndpi,Annotation (germinal_center),0.0464
KI67 1 in 200 run5.ndpi,Annotation (germinal_center),0.0414
KI67 1 in 200 run5.ndpi,Annotation (germinal_center),0.0634
KI67 1 in 200 run5.ndpi,Annotation (germinal_center),0.0347
KI67 1 in 200 run5.ndpi,Annotation (germinal_center),0.0652
KI67 1 in 200 run5.ndpi,Annotation (germinal_center),0.0447
KI67 1 in 200 run5.ndpi,Annotation (germinal_center),0.0353
KI67 1 in 200 run5.ndpi,Annotation (germinal_center),0.0827
KI67 1 in 200 run5.ndpi,Annotation (germinal_center),0.0523
KI67 1 in 200 run5.ndpi,Annotation (germinal_center),0.0463
KI67 1 in 200 run5.ndpi,Annotation (germinal_center),0.0479
KI67 1 in 200 run5.ndpi,Annotation (germinal_center),0.0848
KI67 1 in 200 run5.ndpi,Annotation (germinal_center),0.0627
KI67 1 in 200 run5.ndpi,Annotation (germinal_center),0.0429
KI67 1 in 200 run5.ndpi,Annotation (germinal_center),0.0377
KI67 1 in 200 run5.ndpi,Annotation (germinal_center),0.0448
KI67 1 in 200 run5.ndpi,Annotation (germinal_center),0.0713
KI67 1 in 200 run5.ndpi,Annotation (germinal_center),0.0493
KI67 1 in 200 run5.ndpi,Annotation (germinal_center),0.0382
KI67 1 in 200 run5.ndpi,Annotation (germinal_center),0.0612
KI67 1 in 200 run5.ndpi,Annotation (germinal_center),0.0588
KI67 1 in 200 run5.ndpi,Annotation (germinal_center),0.0695
KI67 1 in 200 run5.ndpi,Annotation (germinal_center),0.0327
KI67 1 in 200 run5.ndpi,Annotation (germinal_center),0.0289
KI67 1 in 200 run5.ndpi,Annotation (germinal_center),0.0779
KI67 1 in 200 run5.ndpi,Annotation (germinal_center),0.0299
KI67 1 in 200 run5.ndpi,Annotation (germinal_center),0.0813
KI67 1 in 200 run5.ndpi,Annotation (germinal_center),0.0727
KI67 1 in 200 run5.ndpi,Annotation (germinal_center),0.0455
KI67 1 in 200 run5.ndpi,Annotation (germinal_center),0.0551
KI67 1 in 200 run5.ndpi,Annotation (germinal_center),0.0361
KI67 1 in 200 run5.ndpi,Annotation (germinal_center),0.059
KI67 1 in 200 run5.ndpi,Annotation (germinal_center),0.0451
KI67 1 in 200 run5.ndpi,Annotation (germinal_center),0.0464
KI67 1 in 200 run5.ndpi,Annotation (germinal_center),0.0562
KI67 1 in 200 run5.ndpi,Annotation (germinal_center),0.0548
KI67 1 in 200 run5.ndpi,Annotation (germinal_center),0.0323
KI67 1 in 200 run5.ndpi,Annotation (germinal_center),0.0558
KI67 1 in 200 run5.ndpi,Annotation (germinal_center),0.0343
KI67 1 in 200 run5.ndpi,Annotation (germinal_center),0.0559
KI67 1 in 200 run5.ndpi,Annotation (germinal_center),0.0631
KI67 1 in 200 run5.ndpi,Annotation (germinal_center),0.0317
KI67 1 in 200 run5.ndpi,Annotation (germinal_center),0.0407
KI67 1 in 200 run5.ndpi,Annotation (germinal_center),0.0631
KI67 1 in 200 run5.ndpi,Annotation (germinal_center),0.0339
KI67 1 in 200 run5.ndpi,Annotation (germinal_center),0.048
KI67 1 in 200 run5.ndpi,Annotation (germinal_center),0.0458
KI67 1 in 200 run5.ndpi,Annotation (germinal_center),0.0279
KI67 1 in 200 run5.ndpi,Annotation (germinal_center),0.0417
KI67 1 in 200 run5.ndpi,Annotation (germinal_center),0.0402
KI67 1 in 200 run5.ndpi,Annotation (germinal_center),0.0702
KI67 1 in 200 run5.ndpi,Annotation (germinal_center),0.0524
KI67 1 in 200 run5.ndpi,Annotation (germinal_center),0.034
KI67 1 in 200 run5.ndpi,Annotation (germinal_center),0.0622
KI67 1 in 200 run5.ndpi,Annotation (germinal_center),0.0377
KI67 1 in 200 run5.ndpi,Annotation (germinal_center),0.0529
KI67 1 in 200 run5.ndpi,Annotation (germinal_center),0.0651
KI67 1 in 200 run5.ndpi,Annotation (germinal_center),0.0483
KI67 1 in 200 run5.ndpi,Annotation (germinal_center),0.0475
KI67 1 in 200 run5.ndpi,Annotation (germinal_center),0.0306
KI67 1 in 200 run5.ndpi,Annotation (germinal_center),0.0571
KI67 1 in 200 run5.ndpi,Annotation (germinal_center),0.0663
KI67 1 in 200 run5.ndpi,Annotation (germinal_center),0.0528
KI67 1 in 200 run5.ndpi,Annotation (germinal_center),0.0499
KI67 1 in 200 run5.ndpi,Annotation (germinal_center),0.0588
KI67 1 in 200 run5.ndpi,Annotation (germinal_center),0.0588
KI67 1 in 200 run5.ndpi,Annotation (germinal_center),0.0674
KI67 1 in 200 run5.ndpi,Annotation (germinal_center),0.0409
KI67 1 in 200 run5.ndpi,Annotation (germinal_center),0.0757
KI67 1 in 200 run5.ndpi,Annotation (germinal_center),0.0557
KI67 1 in 200 run5.ndpi,Annotation (germinal_center),0.0385
KI67 1 in 200 run5.ndpi,Annotation (germinal_center),0.0445
KI67 1 in 200 run5.ndpi,Annotation (germinal_center),0.0606
KI67 1 in 200 run5.ndpi,Annotation (germinal_center),0.0362
KI67 1 in 200 run5.ndpi,Annotation (germinal_center),0.0375
KI67 1 in 200 run5.ndpi,Annotation (germinal_center),0.0469
KI67 1 in 200 run5.ndpi,Annotation (germinal_center),0.0306
KI67 1 in 200 run5.ndpi,Annotation (germinal_center),0.0363
KI67 1 in 200 run5.ndpi,Annotation (germinal_center),0.0528
KI67 1 in 200 run5.ndpi,Annotation (germinal_center),0.0393
KI67 1 in 200 run5.ndpi,Annotation (germinal_center),0.0383
KI67 1 in 200 run5.ndpi,Annotation (germinal_center),0.0338
KI67 1 in 200 run5.ndpi,Annotation (germinal_center),0.0561
KI67 1 in 200 run5.ndpi,Annotation (germinal_center),0.0444
KI67 1 in 200 run5.ndpi,Annotation (germinal_center),0.0374
KI67 1 in 200 run5.ndpi,Annotation (germinal_center),0.0569
KI67 1 in 200 run5.ndpi,Annotation (germinal_center),0.066
KI67 1 in 200 run5.ndpi,Annotation (germinal_center),0.0632
KI67 1 in 200 run5.ndpi,Annotation (germinal_center),0.0792
KI67 1 in 200 run5.ndpi,Annotation (germinal_center),0.048
KI67 1 in 200 run5.ndpi,Annotation (germinal_center),0.0424
KI67 1 in 200 run5.ndpi,Annotation (germinal_center),0.0436
KI67 1 in 200 run5.ndpi,Annotation (germinal_center),0.0384
KI67 1 in 200 run5.ndpi,Annotation (germinal_center),0.0505
KI67 1 in 200 run5.ndpi,Annotation (germinal_center),0.0375
KI67 1 in 200 run5.ndpi,Annotation (germinal_center),0.0393
KI67 1 in 200 run5.ndpi,Annotation (germinal_center),0.0285
KI67 1 in 200 run5.ndpi,Annotation (germinal_center),0.0459
KI67 1 in 200 run5.ndpi,Annotation (germinal_center),0.0254
KI67 1 in 200 run5.ndpi,Annotation (germinal_center),0.0664
KI67 1 in 200 run5.ndpi,Annotation (germinal_center),0.0375
KI67 1 in 200 run5.ndpi,Annotation (germinal_center),0.0328
KI67 1 in 200 run5.ndpi,Annotation (germinal_center),0.0382
KI67 1 in 200 run5.ndpi,Annotation (germinal_center),0.0372
KI67 1 in 200 run5.ndpi,Annotation (germinal_center),0.0337
KI67 1 in 200 run5.ndpi,Annotation (germinal_center),0.0574
KI67 1 in 200 run5.ndpi,Annotation (germinal_center),0.0529
KI67 1 in 200 run5.ndpi,Annotation (germinal_center),0.0406
KI67 1 in 200 run5.ndpi,Annotation (germinal_center),0.0291
KI67 1 in 200 run5.ndpi,Annotation (germinal_center),0.059
KI67 1 in 200 run5.ndpi,Annotation (germinal_center),0.0661
KI67 1 in 200 run5.ndpi,Annotation (germinal_center),0.0312
KI67 1 in 200 run5.ndpi,Annotation (germinal_center),0.044
KI67 1 in 200 run5.ndpi,Annotation (germinal_center),0.0675
KI67 1 in 200 run5.ndpi,Annotation (germinal_center),0.0551
KI67 1 in 200 run5.ndpi,Annotation (germinal_center),0.0455
KI67 1 in 200 run5.ndpi,Annotation (germinal_center),0.0269
KI67 1 in 200 run5.ndpi,Annotation (germinal_center),0.0488
KI67 1 in 200 run5.ndpi,Annotation (germinal_center),0.0348
KI67 1 in 200 run5.ndpi,Annotation (germinal_center),0.0639
KI67 1 in 200 run5.ndpi,Annotation (germinal_center),0.0477
KI67 1 in 200 run5.ndpi,Annotation (germinal_center),0.0556
KI67 1 in 200 run5.ndpi,Annotation (germinal_center),0.0284
KI67 1 in 200 run5.ndpi,Annotation (germinal_center),0.0657
KI67 1 in 200 run5.ndpi,Annotation (germinal_center),0.0607
KI67 1 in 200 run5.ndpi,Annotation (germinal_center),0.0349
KI67 1 in 200 run5.ndpi,Annotation (germinal_center),0.0268
KI67 1 in 200 run5.ndpi,Annotation (germinal_center),0.0595
KI67 1 in 200 run5.ndpi,Annotation (germinal_center),0.0489
KI67 1 in 200 run5.ndpi,Annotation (germinal_center),0.0295
KI67 1 in 200 run5.ndpi,Annotation (germinal_center),0.051
KI67 1 in 200 run5.ndpi,Annotation (germinal_center),0.0377
KI67 1 in 200 run5.ndpi,Annotation (germinal_center),0.056
KI67 1 in 200 run5.ndpi,Annotation (germinal_center),0.0261
KI67 1 in 200 run5.ndpi,Annotation (germinal_center),0.0357
KI67 1 in 200 run5.ndpi,Annotation (germinal_center),0.0522
KI67 1 in 200 run5.ndpi,Annotation (germinal_center),0.0562
KI67 1 in 200 run5.ndpi,Annotation (germinal_center),0.0477
KI67 1 in 200 run5.ndpi,Annotation (germinal_center),0.0251
KI67 1 in 200 run5.ndpi,Annotation (germinal_center),0.0409
KI67 1 in 200 run5.ndpi,Annotation (germinal_center),0.0736
KI67 1 in 200 run5.ndpi,Annotation (germinal_center),0.0335
KI67 1 in 200 run5.ndpi,Annotation (germinal_center),0.0472
KI67 1 in 200 run5.ndpi,Annotation (germinal_center),0.0462
KI67 1 in 200 run5.ndpi,Annotation (germinal_center),0.0369
KI67 1 in 200 run5.ndpi,Annotation (germinal_center),0.0729
KI67 1 in 200 run5.ndpi,Annotation (germinal_center),0.0391
KI67 1 in 200 run5.ndpi,Annotation (germinal_center),0.0432
KI67 1 in 200 run5.ndpi,Annotation (germinal_center),0.0475
KI67 1 in 200 run5.ndpi,Annotation (germinal_center),0.0578
KI67 1 in 200 run5.ndpi,Annotation (germinal_center),0.0354
KI67 1 in 200 run5.ndpi,Annotation (germinal_center),0.0483
KI67 1 in 200 run5.ndpi,Annotation (germinal_center),0.0455
KI67 1 in 200 run5.ndpi,Annotation (germinal_center),0.0541
KI67 1 in 200 run5.ndpi,Annotation (germinal_center),0.0354
KI67 1 in 200 run5.ndpi,Annotation (germinal_center),0.0496
KI67 1 in 200 run5.ndpi,Annotation (germinal_center),0.0507
KI67 1 in 200 run5.ndpi,Annotation (germinal_center),0.0666
KI67 1 in 200 run5.ndpi,Annotation (germinal_center),0.0469
KI67 1 in 200 run5.ndpi,Annotation (germinal_center),0.0571
KI67 1 in 200 run5.ndpi,Annotation (germinal_center),0.0311
KI67 1 in 200 run5.ndpi,Annotation (germinal_center),0.0597
KI67 1 in 200 run5.ndpi,Annotation (germinal_center),0.0641
KI67 1 in 200 run5.ndpi,Annotation (germinal_center),0.0341
KI67 1 in 200 run5.ndpi,Annotation (germinal_center),0.0332
KI67 1 in 200 run5.ndpi,Annotation (germinal_center),0.058
KI67 1 in 200 run5.ndpi,Annotation (germinal_center),0.0377
KI67 1 in 200 run5.ndpi,Annotation (germinal_center),0.0257
KI67 1 in 200 run5.ndpi,Annotation (germinal_center),0.0353
KI67 1 in 200 run5.ndpi,Annotation (germinal_center),0.0474
KI67 1 in 200 run5.ndpi,Annotation (germinal_center),0.0523
KI67 1 in 200 run5.ndpi,Annotation (germinal_center),0.0655
KI67 1 in 200 run5.ndpi,Annotation (germinal_center),0.0519
KI67 1 in 200 run5.ndpi,Annotation (germinal_center),0.0389
KI67 1 in 200 run5.ndpi,Annotation (germinal_center),0.0332
KI67 1 in 200 run5.ndpi,Annotation (germinal_center),0.0525
KI67 1 in 200 run5.ndpi,Annotation (germinal_center),0.0602
KI67 1 in 200 run5.ndpi,Annotation (germinal_center),0.0455
KI67 1 in 200 run5.ndpi,Annotation (germinal_center),0.0619
KI67 1 in 200 run5.ndpi,Annotation (germinal_center),0.0439
KI67 1 in 200 run5.ndpi,Annotation (germinal_center),0.0566
KI67 1 in 200 run5.ndpi,Annotation (germinal_center),0.0486
KI67 1 in 200 run5.ndpi,Annotation (germinal_center),0.0347
KI67 1 in 200 run5.ndpi,Annotation (germinal_center),0.025
KI67 1 in 200 run5.ndpi,Annotation (germinal_center),0.0368
KI67 1 in 200 run5.ndpi,Annotation (germinal_center),0.049
KI67 1 in 200 run5.ndpi,Annotation (germinal_center),0.0317
KI67 1 in 200 run5.ndpi,Annotation (germinal_center),0.029
KI67 1 in 200 run5.ndpi,Annotation (germinal_center),0.0393
KI67 1 in 200 run5.ndpi,Annotation (germinal_center),0.0795
KI67 1 in 200 run5.ndpi,Annotation (germinal_center),0.036
KI67 1 in 200 run5.ndpi,Annotation (germinal_center),0.0496
KI67 1 in 200 run5.ndpi,Annotation (germinal_center),0.038
KI67 1 in 200 run5.ndpi,Annotation (germinal_center),0.0456
KI67 1 in 200 run5.ndpi,Annotation (germinal_center),0.0482
KI67 1 in 200 run5.ndpi,Annotation (germinal_center),0.0644
KI67 1 in 200 run5.ndpi,Annotation (germinal_center),0.0288
KI67 1 in 200 run5.ndpi,Annotation (germinal_center),0.0382
KI67 1 in 200 run5.ndpi,Annotation (germinal_center),0.0399
KI67 1 in 200 run5.ndpi,Annotation (germinal_center),0.0366
KI67 1 in 200 run5.ndpi,Annotation (germinal_center),0.0568
KI67 1 in 200 run5.ndpi,Annotation (germinal_center),0.0299
KI67 1 in 200 run5.ndpi,Annotation (germinal_center),0.0363
KI67 1 in 200 run5.ndpi,Annotation (germinal_center),0.0808
KI67 1 in 200 run5.ndpi,Annotation (germinal_center),0.0479
KI67 1 in 200 run5.ndpi,Annotation (germinal_center),0.0411
KI67 1 in 200 run5.ndpi,Annotation (germinal_center),0.0613
KI67 1 in 200 run5.ndpi,Annotation (germinal_center),0.0534
KI67 1 in 200 run5.ndpi,Annotation (germinal_center),0.0504
KI67 1 in 200 run5.ndpi,Annotation (germinal_center),0.0638
KI67 1 in 200 run5.ndpi,Annotation (germinal_center),0.0391
KI67 1 in 200 run5.ndpi,Annotation (germinal_center),0.0521
KI67 1 in 200 run5.ndpi,Annotation (germinal_center),0.0689
KI67 1 in 200 run5.ndpi,Annotation (germinal_center),0.0614
KI67 1 in 200 run5.ndpi,Annotation (germinal_center),0.037
KI67 1 in 200 run5.ndpi,Annotation (germinal_center),0.0425
KI67 1 in 200 run5.ndpi,Annotation (germinal_center),0.0399
KI67 1 in 200 run5.ndpi,Annotation (germinal_center),0.0536
KI67 1 in 200 run5.ndpi,Annotation (germinal_center),0.0472
KI67 1 in 200 run5.ndpi,Annotation (germinal_center),0.0664
KI67 1 in 200 run5.ndpi,Annotation (germinal_center),0.0301
KI67 1 in 200 run5.ndpi,Annotation (germinal_center),0.0514
KI67 1 in 200 run5.ndpi,Annotation (germinal_center),0.0308
KI67 1 in 200 run5.ndpi,Annotation (germinal_center),0.0436
KI67 1 in 200 run5.ndpi,Annotation (germinal_center),0.0423
KI67 1 in 200 run5.ndpi,Annotation (germinal_center),0.0524
KI67 1 in 200 run5.ndpi,Annotation (germinal_center),0.0318
KI67 1 in 200 run5.ndpi,Annotation (germinal_center),0.0638
KI67 1 in 200 run5.ndpi,Annotation (germinal_center),0.0376
KI67 1 in 200 run5.ndpi,Annotation (germinal_center),0.0565
KI67 1 in 200 run5.ndpi,Annotation (germinal_center),0.049
KI67 1 in 200 run5.ndpi,Annotation (germinal_center),0.0498
KI67 1 in 200 run5.ndpi,Annotation (germinal_center),0.0395
KI67 1 in 200 run5.ndpi,Annotation (germinal_center),0.0408
KI67 1 in 200 run5.ndpi,Annotation (germinal_center),0.0587
KI67 1 in 200 run5.ndpi,Annotation (germinal_center),0.0609
KI67 1 in 200 run5.ndpi,Annotation (germinal_center),0.0524
KI67 1 in 200 run5.ndpi,Annotation (germinal_center),0.062
KI67 1 in 200 run5.ndpi,Annotation (germinal_center),0.0377
KI67 1 in 200 run5.ndpi,Annotation (germinal_center),0.072
KI67 1 in 200 run5.ndpi,Annotation (germinal_center),0.0351
KI67 1 in 200 run5.ndpi,Annotation (germinal_center),0.0428
KI67 1 in 200 run5.ndpi,Annotation (germinal_center),0.0561
KI67 1 in 200 run5.ndpi,Annotation (germinal_center),0.0551
KI67 1 in 200 run5.ndpi,Annotation (germinal_center),0.0585
KI67 1 in 200 run5.ndpi,Annotation (germinal_center),0.0433
KI67 1 in 200 run5.ndpi,Annotation (germinal_center),0.0585
KI67 1 in 200 run5.ndpi,Annotation (germinal_center),0.0329
KI67 1 in 200 run5.ndpi,Annotation (germinal_center),0.0588
KI67 1 in 200 run5.ndpi,Annotation (germinal_center),0.0474
KI67 1 in 200 run5.ndpi,Annotation (germinal_center),0.0642
KI67 1 in 200 run5.ndpi,Annotation (germinal_center),0.0291
KI67 1 in 200 run5.ndpi,Annotation (germinal_center),0.051
KI67 1 in 200 run5.ndpi,Annotation (germinal_center),0.0362
KI67 1 in 200 run5.ndpi,Annotation (germinal_center),0.0525
KI67 1 in 200 run5.ndpi,Annotation (germinal_center),0.0577
KI67 1 in 200 run5.ndpi,Annotation (germinal_center),0.0543
KI67 1 in 200 run5.ndpi,Annotation (germinal_center),0.0471
KI67 1 in 200 run5.ndpi,Annotation (germinal_center),0.0295
KI67 1 in 200 run5.ndpi,Annotation (germinal_center),0.0465
KI67 1 in 200 run5.ndpi,Annotation (germinal_center),0.0481
KI67 1 in 200 run5.ndpi,Annotation (germinal_center),0.0317
KI67 1 in 200 run5.ndpi,Annotation (germinal_center),0.0331
KI67 1 in 200 run5.ndpi,Annotation (germinal_center),0.0485
KI67 1 in 200 run5.ndpi,Annotation (germinal_center),0.0397
KI67 1 in 200 run5.ndpi,Annotation (germinal_center),0.0573
KI67 1 in 200 run5.ndpi,Annotation (germinal_center),0.0582
KI67 1 in 200 run5.ndpi,Annotation (germinal_center),0.0724
KI67 1 in 200 run5.ndpi,Annotation (germinal_center),0.0606
KI67 1 in 200 run5.ndpi,Annotation (germinal_center),0.0452
KI67 1 in 200 run5.ndpi,Annotation (germinal_center),0.0617
KI67 1 in 200 run5.ndpi,Annotation (germinal_center),0.0633
KI67 1 in 200 run5.ndpi,Annotation (germinal_center),0.0485
KI67 1 in 200 run5.ndpi,Annotation (germinal_center),0.0595
KI67 1 in 200 run5.ndpi,Annotation (germinal_center),0.0512
KI67 1 in 200 run5.ndpi,Annotation (germinal_center),0.0375
KI67 1 in 200 run5.ndpi,Annotation (germinal_center),0.0586
KI67 1 in 200 run5.ndpi,Annotation (germinal_center),0.0477
KI67 1 in 200 run5.ndpi,Annotation (germinal_center),0.0283
KI67 1 in 200 run5.ndpi,Annotation (germinal_center),0.0648
KI67 1 in 200 run5.ndpi,Annotation (germinal_center),0.0462
KI67 1 in 200 run5.ndpi,Annotation (germinal_center),0.0599
KI67 1 in 200 run5.ndpi,Annotation (germinal_center),0.0535
KI67 1 in 200 run5.ndpi,Annotation (germinal_center),0.052
KI67 1 in 200 run5.ndpi,Annotation (germinal_center),0.019
KI67 1 in 200 run5.ndpi,Annotation (germinal_center),0.0644
KI67 1 in 200 run5.ndpi,Annotation (germinal_center),0.0481
KI67 1 in 200 run5.ndpi,Annotation (germinal_center),0.0665
KI67 1 in 200 run5.ndpi,Annotation (germinal_center),0.0359
KI67 1 in 200 run5.ndpi,Annotation (germinal_center),0.031
KI67 1 in 200 run5.ndpi,Annotation (germinal_center),0.0441
KI67 1 in 200 run5.ndpi,Annotation (germinal_center),0.0325
KI67 1 in 200 run5.ndpi,Annotation (germinal_center),0.0505
KI67 1 in 200 run5.ndpi,Annotation (germinal_center),0.0326
KI67 1 in 200 run5.ndpi,Annotation (germinal_center),0.0564
KI67 1 in 200 run5.ndpi,Annotation (germinal_center),0.0352
KI67 1 in 200 run5.ndpi,Annotation (germinal_center),0.0579
KI67 1 in 200 run5.ndpi,Annotation (germinal_center),0.0526
KI67 1 in 200 run5.ndpi,Annotation (germinal_center),0.0268
KI67 1 in 200 run5.ndpi,Annotation (germinal_center),0.0748
KI67 1 in 200 run5.ndpi,Annotation (germinal_center),0.0385
KI67 1 in 200 run5.ndpi,Annotation (germinal_center),0.0623
KI67 1 in 200 run5.ndpi,Annotation (germinal_center),0.0475
KI67 1 in 200 run5.ndpi,Annotation (germinal_center),0.029
KI67 1 in 200 run5.ndpi,Annotation (germinal_center),0.0625
KI67 1 in 200 run5.ndpi,Annotation (germinal_center),0.0431
KI67 1 in 200 run5.ndpi,Annotation (germinal_center),0.0632
KI67 1 in 200 run5.ndpi,Annotation (germinal_center),0.0381
KI67 1 in 200 run5.ndpi,Annotation (germinal_center),0.0596
KI67 1 in 200 run5.ndpi,Annotation (germinal_center),0.0563
KI67 1 in 200 run5.ndpi,Annotation (germinal_center),0.0547
KI67 1 in 200 run5.ndpi,Annotation (germinal_center),0.0384
KI67 1 in 200 run5.ndpi,Annotation (germinal_center),0.0346
KI67 1 in 200 run5.ndpi,Annotation (germinal_center),0.0521
KI67 1 in 200 run5.ndpi,Annotation (germinal_center),0.0446
KI67 1 in 200 run5.ndpi,Annotation (germinal_center),0.0499
KI67 1 in 200 run5.ndpi,Annotation (germinal_center),0.0426
KI67 1 in 200 run5.ndpi,Annotation (germinal_center),0.044
KI67 1 in 200 run5.ndpi,Annotation (germinal_center),0.0337
KI67 1 in 200 run5.ndpi,Annotation (germinal_center),0.0313
KI67 1 in 200 run5.ndpi,Annotation (germinal_center),0.0571
KI67 1 in 200 run5.ndpi,Annotation (germinal_center),0.044
KI67 1 in 200 run5.ndpi,Annotation (germinal_center),0.0341
KI67 1 in 200 run5.ndpi,Annotation (germinal_center),0.0329
KI67 1 in 200 run5.ndpi,Annotation (germinal_center),0.0298
KI67 1 in 200 run5.ndpi,Annotation (germinal_center),0.036
KI67 1 in 200 run5.ndpi,Annotation (germinal_center),0.0309
KI67 1 in 200 run5.ndpi,Annotation (germinal_center),0.0795
KI67 1 in 200 run5.ndpi,Annotation (germinal_center),0.0391
KI67 1 in 200 run5.ndpi,Annotation (germinal_center),0.0348
KI67 1 in 200 run5.ndpi,Annotation (germinal_center),0.0538
KI67 1 in 200 run5.ndpi,Annotation (germinal_center),0.0466
KI67 1 in 200 run5.ndpi,Annotation (germinal_center),0.0636
KI67 1 in 200 run5.ndpi,Annotation (germinal_center),0.0339
KI67 1 in 200 run5.ndpi,Annotation (germinal_center),0.0424
KI67 1 in 200 run5.ndpi,Annotation (germinal_center),0.0615
KI67 1 in 200 run5.ndpi,Annotation (germinal_center),0.033
KI67 1 in 200 run5.ndpi,Annotation (germinal_center),0.0384
KI67 1 in 200 run5.ndpi,Annotation (germinal_center),0.0619
KI67 1 in 200 run5.ndpi,Annotation (germinal_center),0.0593
KI67 1 in 200 run5.ndpi,Annotation (germinal_center),0.036
KI67 1 in 200 run5.ndpi,Annotation (germinal_center),0.0503
KI67 1 in 200 run5.ndpi,Annotation (germinal_center),0.0437
KI67 1 in 200 run5.ndpi,Annotation (germinal_center),0.0404
KI67 1 in 200 run5.ndpi,Annotation (germinal_center),0.0704
KI67 1 in 200 run5.ndpi,Annotation (germinal_center),0.0686
KI67 1 in 200 run5.ndpi,Annotation (germinal_center),0.0378
KI67 1 in 200 run5.ndpi,Annotation (germinal_center),0.0376
KI67 1 in 200 run5.ndpi,Annotation (germinal_center),0.0418
KI67 1 in 200 run5.ndpi,Annotation (germinal_center),0.0326
KI67 1 in 200 run5.ndpi,Annotation (germinal_center),0.0734
KI67 1 in 200 run5.ndpi,Annotation (germinal_center),0.0485
KI67 1 in 200 run5.ndpi,Annotation (germinal_center),0.0534
KI67 1 in 200 run5.ndpi,Annotation (germinal_center),0.0709
KI67 1 in 200 run5.ndpi,Annotation (germinal_center),0.0426
KI67 1 in 200 run5.ndpi,Annotation (germinal_center),0.0417
KI67 1 in 200 run5.ndpi,Annotation (germinal_center),0.0377
KI67 1 in 200 run5.ndpi,Annotation (germinal_center),0.0395
KI67 1 in 200 run5.ndpi,Annotation (germinal_center),0.0673
KI67 1 in 200 run5.ndpi,Annotation (germinal_center),0.0664
KI67 1 in 200 run5.ndpi,Annotation (germinal_center),0.0314
KI67 1 in 200 run5.ndpi,Annotation (germinal_center),0.0417
KI67 1 in 200 run5.ndpi,Annotation (germinal_center),0.0293
KI67 1 in 200 run5.ndpi,Annotation (germinal_center),0.0222
KI67 1 in 200 run5.ndpi,Annotation (germinal_center),0.0435
KI67 1 in 200 run5.ndpi,Annotation (germinal_center),0.068
KI67 1 in 200 run5.ndpi,Annotation (germinal_center),0.063
KI67 1 in 200 run5.ndpi,Annotation (germinal_center),0.0408
KI67 1 in 200 run5.ndpi,Annotation (germinal_center),0.0724
KI67 1 in 200 run5.ndpi,Annotation (germinal_center),0.0453
KI67 1 in 200 run5.ndpi,Annotation (germinal_center),0.0351
KI67 1 in 200 run5.ndpi,Annotation (germinal_center),0.0734
KI67 1 in 200 run5.ndpi,Annotation (germinal_center),0.0481
KI67 1 in 200 run5.ndpi,Annotation (germinal_center),0.034
KI67 1 in 200 run5.ndpi,Annotation (germinal_center),0.0444
KI67 1 in 200 run5.ndpi,Annotation (germinal_center),0.0567
KI67 1 in 200 run5.ndpi,Annotation (germinal_center),0.0322
KI67 1 in 200 run5.ndpi,Annotation (germinal_center),0.0572
KI67 1 in 200 run5.ndpi,Annotation (germinal_center),0.0491
KI67 1 in 200 run5.ndpi,Annotation (germinal_center),0.0337
KI67 1 in 200 run5.ndpi,Annotation (germinal_center),0.0437
KI67 1 in 200 run5.ndpi,Annotation (germinal_center),0.0745
KI67 1 in 200 run5.ndpi,Annotation (germinal_center),0.0518
KI67 1 in 200 run5.ndpi,Annotation (germinal_center),0.0478
KI67 1 in 200 run5.ndpi,Annotation (germinal_center),0.0367
KI67 1 in 200 run5.ndpi,Annotation (germinal_center),0.0501
KI67 1 in 200 run5.ndpi,Annotation (germinal_center),0.0326
KI67 1 in 200 run5.ndpi,Annotation (germinal_center),0.0381
KI67 1 in 200 run5.ndpi,Annotation (germinal_center),0.0609
KI67 1 in 200 run5.ndpi,Annotation (germinal_center),0.0303
KI67 1 in 200 run5.ndpi,Annotation (germinal_center),
KI67 1 in 200 run5.ndpi,Annotation (germinal_center),0.0238
KI67 1 in 200 run5.ndpi,Annotation (germinal_center),0.0489
KI67 1 in 200 run5.ndpi,Annotation (germinal_center),0.0563
KI67 1 in 200 run5.ndpi,Annotation (germinal_center),0.049
KI67 1 in 200 run5.ndpi,Annotation (germinal_center),0.0227
KI67 1 in 200 run5.ndpi,Annotation (germinal_center),0.0422
KI67 1 in 200 run5.ndpi,Annotation (germinal_center),0.0538
KI67 1 in 200 run5.ndpi,Annotation (germinal_center),0.0527
KI67 1 in 200 run5.ndpi,Annotation (germinal_center),0.0364
KI67 1 in 200 run5.ndpi,Annotation (germinal_center),0.0378
KI67 1 in 200 run5.ndpi,Annotation (germinal_center),0.0219
KI67 1 in 200 run5.ndpi,Annotation (germinal_center),0.0372
KI67 1 in 200 run5.ndpi,Annotation (germinal_center),0.0312
KI67 1 in 200 run5.ndpi,Annotation (germinal_center),0.0457
KI67 1 in 200 run5.ndpi,Annotation (germinal_center),0.0452
KI67 1 in 200 run5.ndpi,Annotation (germinal_center),0.0424
KI67 1 in 200 run5.ndpi,Annotation (germinal_center),0.0383
KI67 1 in 200 run5.ndpi,Annotation (germinal_center),0.0386
KI67 1 in 200 run5.ndpi,Annotation (germinal_center),0.0568
KI67 1 in 200 run5.ndpi,Annotation (germinal_center),0.0492
KI67 1 in 200 run5.ndpi,Annotation (germinal_center),0.0449
KI67 1 in 200 run5.ndpi,Annotation (germinal_center),0.0496
KI67 1 in 200 run5.ndpi,Annotation (germinal_center),0.0493
KI67 1 in 200 run5.ndpi,Annotation (germinal_center),0.0651
KI67 1 in 200 run5.ndpi,Annotation (germinal_center),0.0688
KI67 1 in 200 run5.ndpi,Annotation (germinal_center),0.0412
KI67 1 in 200 run5.ndpi,Annotation (germinal_center),0.0933
KI67 1 in 200 run5.ndpi,Annotation (germinal_center),0.0488
KI67 1 in 200 run5.ndpi,Annotation (germinal_center),0.0497
KI67 1 in 200 run5.ndpi,Annotation (germinal_center),0.0672
KI67 1 in 200 run5.ndpi,Annotation (germinal_center),0.0661
KI67 1 in 200 run5.ndpi,Annotation (germinal_center),0.0613
KI67 1 in 200 run5.ndpi,Annotation (germinal_center),0.0725
KI67 1 in 200 run5.ndpi,Annotation (germinal_center),0.0845
KI67 1 in 200 run5.ndpi,Annotation (germinal_center),0.0623
KI67 1 in 200 run5.ndpi,Annotation (germinal_center),0.061
KI67 1 in 200 run5.ndpi,Annotation (germinal_center),0.0709
KI67 1 in 200 run5.ndpi,Annotation (germinal_center),0.039
KI67 1 in 200 run5.ndpi,Annotation (germinal_center),0.0699
KI67 1 in 200 run5.ndpi,Annotation (germinal_center),0.0309
KI67 1 in 200 run5.ndpi,Annotation (germinal_center),0.0799
KI67 1 in 200 run5.ndpi,Annotation (germinal_center),0.0481
KI67 1 in 200 run5.ndpi,Annotation (germinal_center),0.0609
KI67 1 in 200 run5.ndpi,Annotation (germinal_center),
KI67 1 in 200 run5.ndpi,Annotation (germinal_center),0.0578
KI67 1 in 200 run5.ndpi,Annotation (germinal_center),0.0469
KI67 1 in 200 run5.ndpi,Annotation (germinal_center),0.0316
KI67 1 in 200 run5.ndpi,Annotation (germinal_center),0.0601
KI67 1 in 200 run5.ndpi,Annotation (germinal_center),0.0808
KI67 1 in 200 run5.ndpi,Annotation (germinal_center),0.0512
KI67 1 in 200 run5.ndpi,Annotation (germinal_center),0.0718
KI67 1 in 200 run5.ndpi,Annotation (germinal_center),0.0324
KI67 1 in 200 run5.ndpi,Annotation (germinal_center),0.0187
KI67 1 in 200 run5.ndpi,Annotation (germinal_center),0.064
KI67 1 in 200 run5.ndpi,Annotation (germinal_center),0.0627
KI67 1 in 200 run5.ndpi,Annotation (germinal_center),0.0871
KI67 1 in 200 run5.ndpi,Annotation (germinal_center),0.0385
KI67 1 in 200 run5.ndpi,Annotation (germinal_center),0.0518
KI67 1 in 200 run5.ndpi,Annotation (germinal_center),0.0621
KI67 1 in 200 run5.ndpi,Annotation (germinal_center),0.043
KI67 1 in 200 run5.ndpi,Annotation (germinal_center),0.0638
KI67 1 in 200 run5.ndpi,Annotation (germinal_center),0.0458
KI67 1 in 200 run5.ndpi,Annotation (germinal_center),0.0381
KI67 1 in 200 run5.ndpi,Annotation (germinal_center),0.0911
KI67 1 in 200 run5.ndpi,Annotation (germinal_center),0.0641
KI67 1 in 200 run5.ndpi,Annotation (germinal_center),0.0563
KI67 1 in 200 run5.ndpi,Annotation (germinal_center),0.0408
KI67 1 in 200 run5.ndpi,Annotation (germinal_center),0.0486
KI67 1 in 200 run5.ndpi,Annotation (germinal_center),0.0453
KI67 1 in 200 run5.ndpi,Annotation (germinal_center),0.0791
KI67 1 in 200 run5.ndpi,Annotation (germinal_center),0.0441
KI67 1 in 200 run5.ndpi,Annotation (germinal_center),0.0577
KI67 1 in 200 run5.ndpi,Annotation (germinal_center),0.079
KI67 1 in 200 run5.ndpi,Annotation (germinal_center),0.0885
KI67 1 in 200 run5.ndpi,Annotation (germinal_center),0.0732
KI67 1 in 200 run5.ndpi,Annotation (germinal_center),0.0529
KI67 1 in 200 run5.ndpi,Annotation (germinal_center),0.0537
KI67 1 in 200 run5.ndpi,Annotation (germinal_center),0.0477
KI67 1 in 200 run5.ndpi,Annotation (germinal_center),0.0722
KI67 1 in 200 run5.ndpi,Annotation (germinal_center),0.0687
KI67 1 in 200 run5.ndpi,Annotation (germinal_center),0.0573
KI67 1 in 200 run5.ndpi,Annotation (germinal_center),0.0685
KI67 1 in 200 run5.ndpi,Annotation (germinal_center),0.0463
KI67 1 in 200 run5.ndpi,Annotation (germinal_center),0.0561
KI67 1 in 200 run5.ndpi,Annotation (germinal_center),0.0665
KI67 1 in 200 run5.ndpi,Annotation (germinal_center),0.0631
KI67 1 in 200 run5.ndpi,Annotation (germinal_center),0.0439
KI67 1 in 200 run5.ndpi,Annotation (germinal_center),0.0663
KI67 1 in 200 run5.ndpi,Annotation (germinal_center),0.0543
KI67 1 in 200 run5.ndpi,Annotation (germinal_center),0.0839
KI67 1 in 200 run5.ndpi,Annotation (germinal_center),0.0881
KI67 1 in 200 run5.ndpi,Annotation (germinal_center),0.0598
KI67 1 in 200 run5.ndpi,Annotation (germinal_center),0.0737
KI67 1 in 200 run5.ndpi,Annotation (germinal_center),0.0693
KI67 1 in 200 run5.ndpi,Annotation (germinal_center),0.0322
KI67 1 in 200 run5.ndpi,Annotation (germinal_center),0.0702
KI67 1 in 200 run5.ndpi,Annotation (germinal_center),0.0564
KI67 1 in 200 run5.ndpi,Annotation (germinal_center),0.0573
KI67 1 in 200 run5.ndpi,Annotation (germinal_center),0.0986
KI67 1 in 200 run5.ndpi,Annotation (germinal_center),0.0335
KI67 1 in 200 run5.ndpi,Annotation (germinal_center),0.0579
KI67 1 in 200 run5.ndpi,Annotation (germinal_center),0.0407
KI67 1 in 200 run5.ndpi,Annotation (germinal_center),0.0263
KI67 1 in 200 run5.ndpi,Annotation (germinal_center),0.0466
KI67 1 in 200 run5.ndpi,Annotation (germinal_center),0.0352
KI67 1 in 200 run5.ndpi,Annotation (germinal_center),0.0425
KI67 1 in 200 run5.ndpi,Annotation (germinal_center),0.074
KI67 1 in 200 run5.ndpi,Annotation (germinal_center),0.0551
KI67 1 in 200 run5.ndpi,Annotation (germinal_center),0.0384
KI67 1 in 200 run5.ndpi,Annotation (germinal_center),0.0533
KI67 1 in 200 run5.ndpi,Annotation (germinal_center),0.0728
KI67 1 in 200 run5.ndpi,Annotation (germinal_center),0.0403
KI67 1 in 200 run5.ndpi,Annotation (germinal_center),0.0492
KI67 1 in 200 run5.ndpi,Annotation (germinal_center),0.053
KI67 1 in 200 run5.ndpi,Annotation (germinal_center),0.0413
KI67 1 in 200 run5.ndpi,Annotation (germinal_center),0.0539
KI67 1 in 200 run5.ndpi,Annotation (germinal_center),0.058
KI67 1 in 200 run5.ndpi,Annotation (germinal_center),0.0393
KI67 1 in 200 run5.ndpi,Annotation (germinal_center),0.0606
KI67 1 in 200 run5.ndpi,Annotation (germinal_center),0.0653
KI67 1 in 200 run5.ndpi,Annotation (germinal_center),0.0483
KI67 1 in 200 run5.ndpi,Annotation (germinal_center),0.0499
KI67 1 in 200 run5.ndpi,Annotation (germinal_center),0.0235
KI67 1 in 200 run5.ndpi,Annotation (germinal_center),0.0795
KI67 1 in 200 run5.ndpi,Annotation (germinal_center),0.0681
KI67 1 in 200 run5.ndpi,Annotation (germinal_center),0.0294
KI67 1 in 200 run5.ndpi,Annotation (germinal_center),0.0763
KI67 1 in 200 run5.ndpi,Annotation (germinal_center),0.0717
KI67 1 in 200 run5.ndpi,Annotation (germinal_center),0.0717
KI67 1 in 200 run5.ndpi,Annotation (germinal_center),0.0653
KI67 1 in 200 run5.ndpi,Annotation (germinal_center),0.0281
KI67 1 in 200 run5.ndpi,Annotation (germinal_center),0.071
KI67 1 in 200 run5.ndpi,Annotation (germinal_center),0.0223
KI67 1 in 200 run5.ndpi,Annotation (germinal_center),0.0396
KI67 1 in 200 run5.ndpi,Annotation (germinal_center),0.0525
KI67 1 in 200 run5.ndpi,Annotation (germinal_center),0.0505
KI67 1 in 200 run5.ndpi,Annotation (germinal_center),0.0749
KI67 1 in 200 run5.ndpi,Annotation (germinal_center),0.0408
KI67 1 in 200 run5.ndpi,Annotation (germinal_center),0.0335
KI67 1 in 200 run5.ndpi,Annotation (germinal_center),0.0629
KI67 1 in 200 run5.ndpi,Annotation (germinal_center),0.0635
KI67 1 in 200 run5.ndpi,Annotation (germinal_center),0.0783
KI67 1 in 200 run5.ndpi,Annotation (germinal_center),0.0408
KI67 1 in 200 run5.ndpi,Annotation (germinal_center),0.0718
KI67 1 in 200 run5.ndpi,Annotation (germinal_center),0.0936
KI67 1 in 200 run5.ndpi,Annotation (germinal_center),0.044
KI67 1 in 200 run5.ndpi,Annotation (germinal_center),0.0593
KI67 1 in 200 run5.ndpi,Annotation (germinal_center),0.042
KI67 1 in 200 run5.ndpi,Annotation (germinal_center),0.0531
KI67 1 in 200 run5.ndpi,Annotation (germinal_center),0.0609
KI67 1 in 200 run5.ndpi,Annotation (germinal_center),0.0377
KI67 1 in 200 run5.ndpi,Annotation (germinal_center),0.0619
KI67 1 in 200 run5.ndpi,Annotation (germinal_center),0.0434
KI67 1 in 200 run5.ndpi,Annotation (germinal_center),0.0313
KI67 1 in 200 run5.ndpi,Annotation (germinal_center),0.0506
KI67 1 in 200 run5.ndpi,Annotation (germinal_center),0.0326
KI67 1 in 200 run5.ndpi,Annotation (germinal_center),0.0559
KI67 1 in 200 run5.ndpi,Annotation (germinal_center),0.0661
KI67 1 in 200 run5.ndpi,Annotation (germinal_center),0.0511
KI67 1 in 200 run5.ndpi,Annotation (germinal_center),0.0772
KI67 1 in 200 run5.ndpi,Annotation (germinal_center),0.0491
KI67 1 in 200 run5.ndpi,Annotation (germinal_center),0.0424
KI67 1 in 200 run5.ndpi,Annotation (germinal_center),0.0585
KI67 1 in 200 run5.ndpi,Annotation (germinal_center),0.0557
KI67 1 in 200 run5.ndpi,Annotation (germinal_center),0.0401
KI67 1 in 200 run5.ndpi,Annotation (germinal_center),0.0473
KI67 1 in 200 run5.ndpi,Annotation (germinal_center),0.0303
KI67 1 in 200 run5.ndpi,Annotation (germinal_center),0.0505
KI67 1 in 200 run5.ndpi,Annotation (germinal_center),0.0578
KI67 1 in 200 run5.ndpi,Annotation (germinal_center),0.035
KI67 1 in 200 run5.ndpi,Annotation (germinal_center),0.0555
KI67 1 in 200 run5.ndpi,Annotation (germinal_center),0.0489
KI67 1 in 200 run5.ndpi,Annotation (germinal_center),0.0345
KI67 1 in 200 run5.ndpi,Annotation (germinal_center),0.0575
KI67 1 in 200 run5.ndpi,Annotation (germinal_center),0.0519
KI67 1 in 200 run5.ndpi,Annotation (germinal_center),0.0356
KI67 1 in 200 run5.ndpi,Annotation (germinal_center),0.0569
KI67 1 in 200 run5.ndpi,Annotation (germinal_center),0.5979
KI67 1 in 200 run5.ndpi,Annotation (germinal_center),0.0357
KI67 1 in 200 run5.ndpi,Annotation (germinal_center),0.0284
KI67 1 in 200 run5.ndpi,Annotation (germinal_center),0.034
KI67 1 in 200 run5.ndpi,Annotation (germinal_center),0.0587
KI67 1 in 200 run5.ndpi,Annotation (germinal_center),0.0377
KI67 1 in 200 run5.ndpi,Annotation (germinal_center),0.0803
KI67 1 in 200 run5.ndpi,Annotation (germinal_center),0.0315
KI67 1 in 200 run5.ndpi,Annotation (germinal_center),0.0351
KI67 1 in 200 run5.ndpi,Annotation (germinal_center),0.0916
KI67 1 in 200 run5.ndpi,Annotation (germinal_center),0.079
KI67 1 in 200 run5.ndpi,Annotation (germinal_center),0.0397
KI67 1 in 200 run5.ndpi,Annotation (germinal_center),0.055
KI67 1 in 200 run5.ndpi,Annotation (germinal_center),0.0586
KI67 1 in 200 run5.ndpi,Annotation (germinal_center),0.0626
KI67 1 in 200 run5.ndpi,Annotation (germinal_center),0.0359
KI67 1 in 200 run5.ndpi,Annotation (germinal_center),0.0418
KI67 1 in 200 run5.ndpi,Annotation (germinal_center),0.0365
KI67 1 in 200 run5.ndpi,Annotation (germinal_center),0.0495
KI67 1 in 200 run5.ndpi,Annotation (germinal_center),0.0999
KI67 1 in 200 run5.ndpi,Annotation (germinal_center),0.0467
KI67 1 in 200 run5.ndpi,Annotation (germinal_center),0.0498
KI67 1 in 200 run5.ndpi,Annotation (germinal_center),0.0513
KI67 1 in 200 run5.ndpi,Annotation (germinal_center),0.0701
KI67 1 in 200 run5.ndpi,Annotation (germinal_center),0.0647
KI67 1 in 200 run5.ndpi,Annotation (germinal_center),0.0681
KI67 1 in 200 run5.ndpi,Annotation (germinal_center),0.0726
KI67 1 in 200 run5.ndpi,Annotation (germinal_center),0.0331
KI67 1 in 200 run5.ndpi,Annotation (germinal_center),0.039
KI67 1 in 200 run5.ndpi,Annotation (germinal_center),0.0551
KI67 1 in 200 run5.ndpi,Annotation (germinal_center),0.0386
KI67 1 in 200 run5.ndpi,Annotation (germinal_center),0.072
KI67 1 in 200 run5.ndpi,Annotation (germinal_center),0.0462
KI67 1 in 200 run5.ndpi,Annotation (germinal_center),0.0721
KI67 1 in 200 run5.ndpi,Annotation (germinal_center),0.0553
KI67 1 in 200 run5.ndpi,Annotation (germinal_center),0.0283
KI67 1 in 200 run5.ndpi,Annotation (germinal_center),0.0477
KI67 1 in 200 run5.ndpi,Annotation (germinal_center),0.0375
KI67 1 in 200 run5.ndpi,Annotation (germinal_center),0.0601
KI67 1 in 200 run5.ndpi,Annotation (germinal_center),0.0564
KI67 1 in 200 run5.ndpi,Annotation (germinal_center),0.0363
KI67 1 in 200 run5.ndpi,Annotation (germinal_center),0.0416
KI67 1 in 200 run5.ndpi,Annotation (germinal_center),0.0674
KI67 1 in 200 run5.ndpi,Annotation (germinal_center),0.0412
KI67 1 in 200 run5.ndpi,Annotation (germinal_center),0.0455
KI67 1 in 200 run5.ndpi,Annotation (germinal_center),0.0535
KI67 1 in 200 run5.ndpi,Annotation (germinal_center),0.0643
KI67 1 in 200 run5.ndpi,Annotation (germinal_center),0.0449
KI67 1 in 200 run5.ndpi,Annotation (germinal_center),0.0612
KI67 1 in 200 run5.ndpi,Annotation (germinal_center),0.0477
KI67 1 in 200 run5.ndpi,Annotation (germinal_center),0.0523
KI67 1 in 200 run5.ndpi,Annotation (germinal_center),0.0605
KI67 1 in 200 run5.ndpi,Annotation (germinal_center),0.0454
KI67 1 in 200 run5.ndpi,Annotation (germinal_center),0.0692
KI67 1 in 200 run5.ndpi,Annotation (germinal_center),0.0702
KI67 1 in 200 run5.ndpi,Annotation (germinal_center),0.0336
KI67 1 in 200 run5.ndpi,Annotation (germinal_center),0.0682
KI67 1 in 200 run5.ndpi,Annotation (germinal_center),0.0619
KI67 1 in 200 run5.ndpi,Annotation (germinal_center),0.0329
KI67 1 in 200 run5.ndpi,Annotation (germinal_center),0.0682
KI67 1 in 200 run5.ndpi,Annotation (germinal_center),0.0438
KI67 1 in 200 run5.ndpi,Annotation (germinal_center),0.0458
KI67 1 in 200 run5.ndpi,Annotation (germinal_center),0.0628
KI67 1 in 200 run5.ndpi,Annotation (germinal_center),0.0654
KI67 1 in 200 run5.ndpi,Annotation (germinal_center),0.0668
KI67 1 in 200 run5.ndpi,Annotation (germinal_center),0.0703
KI67 1 in 200 run5.ndpi,Annotation (germinal_center),0.0564
KI67 1 in 200 run5.ndpi,Annotation (germinal_center),0.0458
KI67 1 in 200 run5.ndpi,Annotation (germinal_center),0.0488
KI67 1 in 200 run5.ndpi,Annotation (germinal_center),0.0389
KI67 1 in 200 run5.ndpi,Annotation (germinal_center),0.0403
KI67 1 in 200 run5.ndpi,Annotation (germinal_center),0.0839
KI67 1 in 200 run5.ndpi,Annotation (germinal_center),0.0523
KI67 1 in 200 run5.ndpi,Annotation (germinal_center),0.037
KI67 1 in 200 run5.ndpi,Annotation (germinal_center),0.0409
KI67 1 in 200 run5.ndpi,Annotation (germinal_center),0.0496
KI67 1 in 200 run5.ndpi,Annotation (germinal_center),0.0487
KI67 1 in 200 run5.ndpi,Annotation (germinal_center),0.0512
KI67 1 in 200 run5.ndpi,Annotation (germinal_center),0.0639
KI67 1 in 200 run5.ndpi,Annotation (germinal_center),0.0461
KI67 1 in 200 run5.ndpi,Annotation (germinal_center),0.0787
KI67 1 in 200 run5.ndpi,Annotation (germinal_center),0.0269
KI67 1 in 200 run5.ndpi,Annotation (germinal_center),0.0424
KI67 1 in 200 run5.ndpi,Annotation (germinal_center),0.0454
KI67 1 in 200 run5.ndpi,Annotation (germinal_center),0.0459
KI67 1 in 200 run5.ndpi,Annotation (germinal_center),0.0257
KI67 1 in 200 run5.ndpi,Annotation (germinal_center),0.0686
KI67 1 in 200 run5.ndpi,Annotation (germinal_center),0.0454
KI67 1 in 200 run5.ndpi,Annotation (germinal_center),0.0377
KI67 1 in 200 run5.ndpi,Annotation (germinal_center),0.0299
KI67 1 in 200 run5.ndpi,Annotation (germinal_center),0.0579
KI67 1 in 200 run5.ndpi,Annotation (germinal_center),0.0403
KI67 1 in 200 run5.ndpi,Annotation (germinal_center),0.0719
KI67 1 in 200 run5.ndpi,Annotation (germinal_center),0.0569
KI67 1 in 200 run5.ndpi,Annotation (germinal_center),0.0713
KI67 1 in 200 run5.ndpi,Annotation (germinal_center),0.0511
KI67 1 in 200 run5.ndpi,Annotation (germinal_center),0.0273
KI67 1 in 200 run5.ndpi,Annotation (germinal_center),0.0368
KI67 1 in 200 run5.ndpi,Annotation (germinal_center),0.033
KI67 1 in 200 run5.ndpi,Annotation (germinal_center),0.0653
KI67 1 in 200 run5.ndpi,Annotation (germinal_center),0.0319
KI67 1 in 200 run5.ndpi,Annotation (germinal_center),0.0649
KI67 1 in 200 run5.ndpi,Annotation (germinal_center),0.0565
KI67 1 in 200 run5.ndpi,Annotation (germinal_center),0.0554
KI67 1 in 200 run5.ndpi,Annotation (germinal_center),0.0541
KI67 1 in 200 run5.ndpi,Annotation (germinal_center),0.0792
KI67 1 in 200 run5.ndpi,Annotation (germinal_center),0.0338
KI67 1 in 200 run5.ndpi,Annotation (germinal_center),0.0257
KI67 1 in 200 run5.ndpi,Annotation (germinal_center),0.0925
KI67 1 in 200 run5.ndpi,Annotation (germinal_center),0.0325
KI67 1 in 200 run5.ndpi,Annotation (germinal_center),0.0434
KI67 1 in 200 run5.ndpi,Annotation (germinal_center),0.0765
KI67 1 in 200 run5.ndpi,Annotation (germinal_center),0.042
KI67 1 in 200 run5.ndpi,Annotation (germinal_center),0.0569
KI67 1 in 200 run5.ndpi,Annotation (germinal_center),0.0749
KI67 1 in 200 run5.ndpi,Annotation (germinal_center),0.0577
KI67 1 in 200 run5.ndpi,Annotation (germinal_center),0.0516
KI67 1 in 200 run5.ndpi,Annotation (germinal_center),0.0315
KI67 1 in 200 run5.ndpi,Annotation (germinal_center),0.0226
KI67 1 in 200 run5.ndpi,Annotation (germinal_center),0.0511
KI67 1 in 200 run5.ndpi,Annotation (germinal_center),0.0553
KI67 1 in 200 run5.ndpi,Annotation (germinal_center),0.0739
KI67 1 in 200 run5.ndpi,Annotation (germinal_center),0.0498
KI67 1 in 200 run5.ndpi,Annotation (germinal_center),0.0582
KI67 1 in 200 run5.ndpi,Annotation (germinal_center),0.0366
KI67 1 in 200 run5.ndpi,Annotation (germinal_center),0.0587
KI67 1 in 200 run5.ndpi,Annotation (germinal_center),0.0371
KI67 1 in 200 run5.ndpi,Annotation (germinal_center),0.0345
KI67 1 in 200 run5.ndpi,Annotation (germinal_center),0.0572
KI67 1 in 200 run5.ndpi,Annotation (germinal_center),0.0922
KI67 1 in 200 run5.ndpi,Annotation (germinal_center),0.0334
KI67 1 in 200 run5.ndpi,Annotation (germinal_center),0.0409
KI67 1 in 200 run5.ndpi,Annotation (germinal_center),0.0442
KI67 1 in 200 run5.ndpi,Annotation (germinal_center),0.0618
KI67 1 in 200 run5.ndpi,Annotation (germinal_center),0.0368
KI67 1 in 200 run5.ndpi,Annotation (germinal_center),0.0673
KI67 1 in 200 run5.ndpi,Annotation (germinal_center),0.0289
KI67 1 in 200 run5.ndpi,Annotation (germinal_center),0.0657
KI67 1 in 200 run5.ndpi,Annotation (germinal_center),0.0537
KI67 1 in 200 run5.ndpi,Annotation (germinal_center),0.0625
KI67 1 in 200 run5.ndpi,Annotation (germinal_center),0.0386
KI67 1 in 200 run5.ndpi,Annotation (germinal_center),0.0436
KI67 1 in 200 run5.ndpi,Annotation (germinal_center),0.0599
KI67 1 in 200 run5.ndpi,Annotation (germinal_center),0.036
KI67 1 in 200 run5.ndpi,Annotation (germinal_center),0.0498
KI67 1 in 200 run5.ndpi,Annotation (germinal_center),0.0362
KI67 1 in 200 run5.ndpi,Annotation (germinal_center),0.0464
KI67 1 in 200 run5.ndpi,Annotation (germinal_center),0.0839
KI67 1 in 200 run5.ndpi,Annotation (germinal_center),0.0487
KI67 1 in 200 run5.ndpi,Annotation (germinal_center),0.0363
KI67 1 in 200 run5.ndpi,Annotation (germinal_center),0.0425
KI67 1 in 200 run5.ndpi,Annotation (germinal_center),0.0412
KI67 1 in 200 run5.ndpi,Annotation (germinal_center),0.0428
KI67 1 in 200 run5.ndpi,Annotation (germinal_center),0.0719
KI67 1 in 200 run5.ndpi,Annotation (germinal_center),0.0418
KI67 1 in 200 run5.ndpi,Annotation (germinal_center),0.0669
KI67 1 in 200 run5.ndpi,Annotation (germinal_center),0.0254
KI67 1 in 200 run5.ndpi,Annotation (germinal_center),0.0573
KI67 1 in 200 run5.ndpi,Annotation (germinal_center),0.0361
KI67 1 in 200 run5.ndpi,Annotation (germinal_center),0.0617
KI67 1 in 200 run5.ndpi,Annotation (germinal_center),0.0574
KI67 1 in 200 run5.ndpi,Annotation (germinal_center),0.0518
KI67 1 in 200 run5.ndpi,Annotation (germinal_center),0.076
KI67 1 in 200 run5.ndpi,Annotation (germinal_center),0.0647
KI67 1 in 200 run5.ndpi,Annotation (germinal_center),0.0479
KI67 1 in 200 run5.ndpi,Annotation (germinal_center),0.083
KI67 1 in 200 run5.ndpi,Annotation (germinal_center),0.0743
KI67 1 in 200 run5.ndpi,Annotation (germinal_center),0.0315
KI67 1 in 200 run5.ndpi,Annotation (germinal_center),0.0797
KI67 1 in 200 run5.ndpi,Annotation (germinal_center),0.0653
KI67 1 in 200 run5.ndpi,Annotation (germinal_center),0.0487
KI67 1 in 200 run5.ndpi,Annotation (germinal_center),0.0386
KI67 1 in 200 run5.ndpi,Annotation (germinal_center),0.032
KI67 1 in 200 run5.ndpi,Annotation (germinal_center),0.0578
KI67 1 in 200 run5.ndpi,Annotation (germinal_center),0.0479
KI67 1 in 200 run5.ndpi,Annotation (germinal_center),0.0538
KI67 1 in 200 run5.ndpi,Annotation (germinal_center),0.0761
KI67 1 in 200 run5.ndpi,Annotation (germinal_center),0.0483
KI67 1 in 200 run5.ndpi,Annotation (germinal_center),0.0457
KI67 1 in 200 run5.ndpi,Annotation (germinal_center),0.0574
KI67 1 in 200 run5.ndpi,Annotation (germinal_center),0.0751
KI67 1 in 200 run5.ndpi,Annotation (germinal_center),0.0742
KI67 1 in 200 run5.ndpi,Annotation (germinal_center),0.046
KI67 1 in 200 run5.ndpi,Annotation (germinal_center),0.0324
KI67 1 in 200 run5.ndpi,Annotation (germinal_center),0.0458
KI67 1 in 200 run5.ndpi,Annotation (germinal_center),0.0366
KI67 1 in 200 run5.ndpi,Annotation (germinal_center),0.0703
KI67 1 in 200 run5.ndpi,Annotation (germinal_center),0.0949
KI67 1 in 200 run5.ndpi,Annotation (germinal_center),0.0356
KI67 1 in 200 run5.ndpi,Annotation (germinal_center),0.0527
KI67 1 in 200 run5.ndpi,Annotation (germinal_center),0.0693
KI67 1 in 200 run5.ndpi,Annotation (germinal_center),0.0384
KI67 1 in 200 run5.ndpi,Annotation (germinal_center),0.0356
KI67 1 in 200 run5.ndpi,Annotation (germinal_center),0.0408
KI67 1 in 200 run5.ndpi,Annotation (germinal_center),0.0518
KI67 1 in 200 run5.ndpi,Annotation (germinal_center),0.0307
KI67 1 in 200 run5.ndpi,Annotation (germinal_center),0.0378
KI67 1 in 200 run5.ndpi,Annotation (germinal_center),0.0393
KI67 1 in 200 run5.ndpi,Annotation (germinal_center),0.0376
KI67 1 in 200 run5.ndpi,Annotation (germinal_center),0.0457
KI67 1 in 200 run5.ndpi,Annotation (germinal_center),0.0476
KI67 1 in 200 run5.ndpi,Annotation (germinal_center),0.0452
KI67 1 in 200 run5.ndpi,Annotation (germinal_center),0.039
KI67 1 in 200 run5.ndpi,Annotation (germinal_center),0.0361
KI67 1 in 200 run5.ndpi,Annotation (germinal_center),0.0509
KI67 1 in 200 run5.ndpi,Annotation (germinal_center),0.0775
KI67 1 in 200 run5.ndpi,Annotation (germinal_center),0.0378
KI67 1 in 200 run5.ndpi,Annotation (germinal_center),0.0759
KI67 1 in 200 run5.ndpi,Annotation (germinal_center),0.0377
KI67 1 in 200 run5.ndpi,Annotation (germinal_center),0.0494
KI67 1 in 200 run5.ndpi,Annotation (germinal_center),0.0514
KI67 1 in 200 run5.ndpi,Annotation (germinal_center),0.0361
KI67 1 in 200 run5.ndpi,Annotation (germinal_center),0.0309
KI67 1 in 200 run5.ndpi,Annotation (germinal_center),0.034
KI67 1 in 200 run5.ndpi,Annotation (germinal_center),0.039
KI67 1 in 200 run5.ndpi,Annotation (germinal_center),0.0402
KI67 1 in 200 run5.ndpi,Annotation (germinal_center),0.0426
KI67 1 in 200 run5.ndpi,Annotation (germinal_center),0.0493
KI67 1 in 200 run5.ndpi,Annotation (germinal_center),0.0513
KI67 1 in 200 run5.ndpi,Annotation (germinal_center),0.0441
KI67 1 in 200 run5.ndpi,Annotation (germinal_center),0.054
KI67 1 in 200 run5.ndpi,Annotation (germinal_center),0.0371
KI67 1 in 200 run5.ndpi,Annotation (germinal_center),0.0437
KI67 1 in 200 run5.ndpi,Annotation (germinal_center),0.06
KI67 1 in 200 run5.ndpi,Annotation (germinal_center),0.0483
KI67 1 in 200 run5.ndpi,Annotation (germinal_center),0.0637
KI67 1 in 200 run5.ndpi,Annotation (germinal_center),0.0909
KI67 1 in 200 run5.ndpi,Annotation (germinal_center),0.0497
KI67 1 in 200 run5.ndpi,Annotation (germinal_center),0.0429
KI67 1 in 200 run5.ndpi,Annotation (germinal_center),0.0678
KI67 1 in 200 run5.ndpi,Annotation (germinal_center),0.0586
KI67 1 in 200 run5.ndpi,Annotation (germinal_center),0.0745
KI67 1 in 200 run5.ndpi,Annotation (germinal_center),0.0432
KI67 1 in 200 run5.ndpi,Annotation (germinal_center),0.0527
KI67 1 in 200 run5.ndpi,Annotation (germinal_center),0.0452
KI67 1 in 200 run5.ndpi,Annotation (germinal_center),0.0639
KI67 1 in 200 run5.ndpi,Annotation (germinal_center),0.0357
KI67 1 in 200 run5.ndpi,Annotation (germinal_center),0.0433
KI67 1 in 200 run5.ndpi,Annotation (germinal_center),0.0343
KI67 1 in 200 run5.ndpi,Annotation (germinal_center),0.0454
KI67 1 in 200 run5.ndpi,Annotation (germinal_center),0.0682
KI67 1 in 200 run5.ndpi,Annotation (germinal_center),0.0613
KI67 1 in 200 run5.ndpi,Annotation (germinal_center),0.0474
KI67 1 in 200 run5.ndpi,Annotation (germinal_center),0.0383
KI67 1 in 200 run5.ndpi,Annotation (germinal_center),0.0282
KI67 1 in 200 run5.ndpi,Annotation (germinal_center),0.1125
KI67 1 in 200 run5.ndpi,Annotation (germinal_center),0.0273
KI67 1 in 200 run5.ndpi,Annotation (germinal_center),0.0542
KI67 1 in 200 run5.ndpi,Annotation (germinal_center),0.0871
KI67 1 in 200 run5.ndpi,Annotation (germinal_center),0.0435
KI67 1 in 200 run5.ndpi,Annotation (germinal_center),0.0451
KI67 1 in 200 run5.ndpi,Annotation (germinal_center),0.0409
KI67 1 in 200 run5.ndpi,Annotation (germinal_center),0.0468
KI67 1 in 200 run5.ndpi,Annotation (germinal_center),0.0469
KI67 1 in 200 run5.ndpi,Annotation (germinal_center),0.0432
KI67 1 in 200 run5.ndpi,Annotation (germinal_center),0.0585
KI67 1 in 200 run5.ndpi,Annotation (germinal_center),0.053
KI67 1 in 200 run5.ndpi,Annotation (germinal_center),0.051
KI67 1 in 200 run5.ndpi,Annotation (germinal_center),0.041
KI67 1 in 200 run5.ndpi,Annotation (germinal_center),0.0457
KI67 1 in 200 run5.ndpi,Annotation (germinal_center),0.0355
KI67 1 in 200 run5.ndpi,Annotation (germinal_center),0.0539
KI67 1 in 200 run5.ndpi,Annotation (germinal_center),0.0943
KI67 1 in 200 run5.ndpi,Annotation (germinal_center),0.0402
KI67 1 in 200 run5.ndpi,Annotation (germinal_center),0.046
KI67 1 in 200 run5.ndpi,Annotation (germinal_center),0.0568
KI67 1 in 200 run5.ndpi,Annotation (germinal_center),0.0399
KI67 1 in 200 run5.ndpi,Annotation (germinal_center),0.0629
KI67 1 in 200 run5.ndpi,Annotation (germinal_center),0.0291
KI67 1 in 200 run5.ndpi,Annotation (germinal_center),0.0447
KI67 1 in 200 run5.ndpi,Annotation (germinal_center),0.0674
KI67 1 in 200 run5.ndpi,Annotation (germinal_center),0.0568
KI67 1 in 200 run5.ndpi,Annotation (germinal_center),0.0349
KI67 1 in 200 run5.ndpi,Annotation (germinal_center),0.0331
KI67 1 in 200 run5.ndpi,Annotation (germinal_center),0.0266
KI67 1 in 200 run5.ndpi,Annotation (germinal_center),0.0444
KI67 1 in 200 run5.ndpi,Annotation (germinal_center),0.0519
KI67 1 in 200 run5.ndpi,Annotation (germinal_center),0.045
KI67 1 in 200 run5.ndpi,Annotation (germinal_center),0.0679
KI67 1 in 200 run5.ndpi,Annotation (germinal_center),0.0609
KI67 1 in 200 run5.ndpi,Annotation (germinal_center),0.0498
KI67 1 in 200 run5.ndpi,Annotation (germinal_center),0.0388
KI67 1 in 200 run5.ndpi,Annotation (germinal_center),0.0686
KI67 1 in 200 run5.ndpi,Annotation (germinal_center),0.0486
KI67 1 in 200 run5.ndpi,Annotation (germinal_center),0.0356
KI67 1 in 200 run5.ndpi,Annotation (germinal_center),0.0584
KI67 1 in 200 run5.ndpi,Annotation (germinal_center),0.0604
KI67 1 in 200 run5.ndpi,Annotation (germinal_center),0.0326
KI67 1 in 200 run5.ndpi,Annotation (germinal_center),0.0652
KI67 1 in 200 run5.ndpi,Annotation (germinal_center),0.0895
KI67 1 in 200 run5.ndpi,Annotation (germinal_center),0.0524
KI67 1 in 200 run5.ndpi,Annotation (germinal_center),0.0484
KI67 1 in 200 run5.ndpi,Annotation (germinal_center),0.0301
KI67 1 in 200 run5.ndpi,Annotation (germinal_center),0.05
KI67 1 in 200 run5.ndpi,Annotation (germinal_center),0.0485
KI67 1 in 200 run5.ndpi,Annotation (germinal_center),0.0717
KI67 1 in 200 run5.ndpi,Annotation (germinal_center),0.0353
KI67 1 in 200 run5.ndpi,Annotation (germinal_center),0.0307
KI67 1 in 200 run5.ndpi,Annotation (germinal_center),0.0221
KI67 1 in 200 run5.ndpi,Annotation (germinal_center),0.0615
KI67 1 in 200 run5.ndpi,Annotation (germinal_center),0.0516
KI67 1 in 200 run5.ndpi,Annotation (germinal_center),0.0587
KI67 1 in 200 run5.ndpi,Annotation (germinal_center),0.057
KI67 1 in 200 run5.ndpi,Annotation (germinal_center),0.0387
KI67 1 in 200 run5.ndpi,Annotation (germinal_center),0.049
KI67 1 in 200 run5.ndpi,Annotation (germinal_center),0.0402
KI67 1 in 200 run5.ndpi,Annotation (germinal_center),0.0693
KI67 1 in 200 run5.ndpi,Annotation (germinal_center),0.0542
KI67 1 in 200 run5.ndpi,Annotation (germinal_center),0.0774
KI67 1 in 200 run5.ndpi,Annotation (germinal_center),0.0649
KI67 1 in 200 run5.ndpi,Annotation (germinal_center),0.0472
KI67 1 in 200 run5.ndpi,Annotation (germinal_center),0.0458
KI67 1 in 200 run5.ndpi,Annotation (germinal_center),0.0388
KI67 1 in 200 run5.ndpi,Annotation (germinal_center),0.043
KI67 1 in 200 run5.ndpi,Annotation (germinal_center),0.0507
KI67 1 in 200 run5.ndpi,Annotation (germinal_center),0.0707
KI67 1 in 200 run5.ndpi,Annotation (germinal_center),0.0467
KI67 1 in 200 run5.ndpi,Annotation (germinal_center),0.0348
KI67 1 in 200 run5.ndpi,Annotation (germinal_center),0.0429
KI67 1 in 200 run5.ndpi,Annotation (germinal_center),0.0312
KI67 1 in 200 run5.ndpi,Annotation (germinal_center),0.0563
KI67 1 in 200 run5.ndpi,Annotation (germinal_center),0.0565
KI67 1 in 200 run5.ndpi,Annotation (germinal_center),0.0652
KI67 1 in 200 run5.ndpi,Annotation (germinal_center),0.0382
KI67 1 in 200 run5.ndpi,Annotation (germinal_center),0.0615
KI67 1 in 200 run5.ndpi,Annotation (germinal_center),0.0396
KI67 1 in 200 run5.ndpi,Annotation (germinal_center),0.0418
KI67 1 in 200 run5.ndpi,Annotation (germinal_center),0.0753
KI67 1 in 200 run5.ndpi,Annotation (germinal_center),0.0422
KI67 1 in 200 run5.ndpi,Annotation (germinal_center),0.0468
KI67 1 in 200 run5.ndpi,Annotation (germinal_center),0.0479
KI67 1 in 200 run5.ndpi,Annotation (germinal_center),0.042
KI67 1 in 200 run5.ndpi,Annotation (germinal_center),0.0433
KI67 1 in 200 run5.ndpi,Annotation (germinal_center),0.0427
KI67 1 in 200 run5.ndpi,Annotation (germinal_center),0.0742
KI67 1 in 200 run5.ndpi,Annotation (germinal_center),0.0445
KI67 1 in 200 run5.ndpi,Annotation (germinal_center),0.0424
KI67 1 in 200 run5.ndpi,Annotation (germinal_center),0.0532
KI67 1 in 200 run5.ndpi,Annotation (germinal_center),0.0536
KI67 1 in 200 run5.ndpi,Annotation (germinal_center),0.0588
KI67 1 in 200 run5.ndpi,Annotation (germinal_center),0.0609
KI67 1 in 200 run5.ndpi,Annotation (germinal_center),0.0669
KI67 1 in 200 run5.ndpi,Annotation (germinal_center),0.0396
KI67 1 in 200 run5.ndpi,Annotation (germinal_center),0.0472
KI67 1 in 200 run5.ndpi,Annotation (germinal_center),0.0392
KI67 1 in 200 run5.ndpi,Annotation (germinal_center),0.0608
KI67 1 in 200 run5.ndpi,Annotation (germinal_center),0.046
KI67 1 in 200 run5.ndpi,Annotation (germinal_center),0.0479
KI67 1 in 200 run5.ndpi,Annotation (germinal_center),0.0536
KI67 1 in 200 run5.ndpi,Annotation (germinal_center),0.0454
KI67 1 in 200 run5.ndpi,Annotation (germinal_center),0.0502
KI67 1 in 200 run5.ndpi,Annotation (germinal_center),0.0569
KI67 1 in 200 run5.ndpi,Annotation (germinal_center),0.0421
KI67 1 in 200 run5.ndpi,Annotation (germinal_center),0.0462
KI67 1 in 200 run5.ndpi,Annotation (germinal_center),0.0439
KI67 1 in 200 run5.ndpi,Annotation (germinal_center),0.0345
KI67 1 in 200 run5.ndpi,Annotation (germinal_center),0.0495
KI67 1 in 200 run5.ndpi,Annotation (germinal_center),0.0591
KI67 1 in 200 run5.ndpi,Annotation (germinal_center),0.0532
KI67 1 in 200 run5.ndpi,Annotation (germinal_center),0.0422
KI67 1 in 200 run5.ndpi,Annotation (germinal_center),0.058
KI67 1 in 200 run5.ndpi,Annotation (germinal_center),0.0579
KI67 1 in 200 run5.ndpi,Annotation (germinal_center),0.0301
KI67 1 in 200 run5.ndpi,Annotation (germinal_center),0.0282
KI67 1 in 200 run5.ndpi,Annotation (germinal_center),0.078
KI67 1 in 200 run5.ndpi,Annotation (germinal_center),0.0428
KI67 1 in 200 run5.ndpi,Annotation (germinal_center),0.0383
KI67 1 in 200 run5.ndpi,Annotation (germinal_center),0.045
KI67 1 in 200 run5.ndpi,Annotation (germinal_center),0.0693
KI67 1 in 200 run5.ndpi,Annotation (germinal_center),0.0778
KI67 1 in 200 run5.ndpi,Annotation (germinal_center),0.054
KI67 1 in 200 run5.ndpi,Annotation (germinal_center),0.0551
KI67 1 in 200 run5.ndpi,Annotation (germinal_center),0.0445
KI67 1 in 200 run5.ndpi,Annotation (germinal_center),0.0561
KI67 1 in 200 run5.ndpi,Annotation (germinal_center),0.0605
KI67 1 in 200 run5.ndpi,Annotation (germinal_center),0.0636
KI67 1 in 200 run5.ndpi,Annotation (germinal_center),0.0577
KI67 1 in 200 run5.ndpi,Annotation (germinal_center),0.0682
KI67 1 in 200 run5.ndpi,Annotation (germinal_center),0.0359
KI67 1 in 200 run5.ndpi,Annotation (germinal_center),0.0557
KI67 1 in 200 run5.ndpi,Annotation (germinal_center),0.0409
KI67 1 in 200 run5.ndpi,Annotation (germinal_center),0.0587
KI67 1 in 200 run5.ndpi,Annotation (germinal_center),0.0361
KI67 1 in 200 run5.ndpi,Annotation (germinal_center),0.0604
KI67 1 in 200 run5.ndpi,Annotation (germinal_center),0.0426
KI67 1 in 200 run5.ndpi,Annotation (germinal_center),0.0501
KI67 1 in 200 run5.ndpi,Annotation (germinal_center),0.0715
KI67 1 in 200 run5.ndpi,Annotation (germinal_center),0.0528
KI67 1 in 200 run5.ndpi,Annotation (germinal_center),0.0318
KI67 1 in 200 run5.ndpi,Annotation (germinal_center),0.0531
KI67 1 in 200 run5.ndpi,Annotation (germinal_center),0.0699
KI67 1 in 200 run5.ndpi,Annotation (germinal_center),0.0625
KI67 1 in 200 run5.ndpi,Annotation (germinal_center),0.0335
KI67 1 in 200 run5.ndpi,Annotation (germinal_center),0.0313
KI67 1 in 200 run5.ndpi,Annotation (germinal_center),0.0396
KI67 1 in 200 run5.ndpi,Annotation (germinal_center),0.0372
KI67 1 in 200 run5.ndpi,Annotation (germinal_center),0.0646
KI67 1 in 200 run5.ndpi,Annotation (germinal_center),0.0682
KI67 1 in 200 run5.ndpi,Annotation (germinal_center),0.0588
KI67 1 in 200 run5.ndpi,Annotation (germinal_center),0.0607
KI67 1 in 200 run5.ndpi,Annotation (germinal_center),0.0435
KI67 1 in 200 run5.ndpi,Annotation (germinal_center),0.0356
KI67 1 in 200 run5.ndpi,Annotation (germinal_center),0.0275
KI67 1 in 200 run5.ndpi,Annotation (germinal_center),0.0507
KI67 1 in 200 run5.ndpi,Annotation (germinal_center),0.0578
KI67 1 in 200 run5.ndpi,Annotation (germinal_center),0.0589
KI67 1 in 200 run5.ndpi,Annotation (germinal_center),0.039
KI67 1 in 200 run5.ndpi,Annotation (germinal_center),0.0592
KI67 1 in 200 run5.ndpi,Annotation (germinal_center),0.0633
KI67 1 in 200 run5.ndpi,Annotation (germinal_center),0.0626
KI67 1 in 200 run5.ndpi,Annotation (germinal_center),0.0504
KI67 1 in 200 run5.ndpi,Annotation (germinal_center),0.04
KI67 1 in 200 run5.ndpi,Annotation (germinal_center),0.0324
KI67 1 in 200 run5.ndpi,Annotation (germinal_center),0.0419
KI67 1 in 200 run5.ndpi,Annotation (germinal_center),0.0388
KI67 1 in 200 run5.ndpi,Annotation (germinal_center),0.0385
KI67 1 in 200 run5.ndpi,Annotation (germinal_center),0.0609
KI67 1 in 200 run5.ndpi,Annotation (germinal_center),0.0462
KI67 1 in 200 run5.ndpi,Annotation (germinal_center),0.0526
KI67 1 in 200 run5.ndpi,Annotation (germinal_center),0.0275
KI67 1 in 200 run5.ndpi,Annotation (germinal_center),0.0369
KI67 1 in 200 run5.ndpi,Annotation (germinal_center),0.0492
KI67 1 in 200 run5.ndpi,Annotation (germinal_center),0.0433
KI67 1 in 200 run5.ndpi,Annotation (germinal_center),0.0494
KI67 1 in 200 run5.ndpi,Annotation (germinal_center),0.0445
KI67 1 in 200 run5.ndpi,Annotation (germinal_center),0.0452
KI67 1 in 200 run5.ndpi,Annotation (germinal_center),0.0371
KI67 1 in 200 run5.ndpi,Annotation (germinal_center),0.0638
KI67 1 in 200 run5.ndpi,Annotation (germinal_center),0.2111
KI67 1 in 200 run5.ndpi,Annotation (germinal_center),0.0409
KI67 1 in 200 run5.ndpi,Annotation (germinal_center),0.0567
KI67 1 in 200 run5.ndpi,Annotation (germinal_center),0.0496
KI67 1 in 200 run5.ndpi,Annotation (germinal_center),0.0331
KI67 1 in 200 run5.ndpi,Annotation (germinal_center),0.061
KI67 1 in 200 run5.ndpi,Annotation (germinal_center),0.0476
KI67 1 in 200 run5.ndpi,Annotation (germinal_center),0.0524
KI67 1 in 200 run5.ndpi,Annotation (germinal_center),0.0339
KI67 1 in 200 run5.ndpi,Annotation (germinal_center),0.0334
KI67 1 in 200 run5.ndpi,Annotation (germinal_center),0.0449
KI67 1 in 200 run5.ndpi,Annotation (germinal_center),0.043
KI67 1 in 200 run5.ndpi,Annotation (germinal_center),0.0391
KI67 1 in 200 run5.ndpi,Annotation (germinal_center),0.0672
KI67 1 in 200 run5.ndpi,Annotation (germinal_center),0.0383
KI67 1 in 200 run5.ndpi,Annotation (germinal_center),0.0525
KI67 1 in 200 run5.ndpi,Annotation (germinal_center),0.0521
KI67 1 in 200 run5.ndpi,Annotation (germinal_center),0.0513
KI67 1 in 200 run5.ndpi,Annotation (germinal_center),0.0442
KI67 1 in 200 run5.ndpi,Annotation (germinal_center),0.059
KI67 1 in 200 run5.ndpi,Annotation (germinal_center),0.0543
KI67 1 in 200 run5.ndpi,Annotation (germinal_center),0.062
KI67 1 in 200 run5.ndpi,Annotation (germinal_center),0.0491
KI67 1 in 200 run5.ndpi,Annotation (germinal_center),0.0581
KI67 1 in 200 run5.ndpi,Annotation (germinal_center),0.0512
KI67 1 in 200 run5.ndpi,Annotation (germinal_center),0.0508
KI67 1 in 200 run5.ndpi,Annotation (germinal_center),0.0577
KI67 1 in 200 run5.ndpi,Annotation (germinal_center),0.0393
KI67 1 in 200 run5.ndpi,Annotation (germinal_center),0.051
KI67 1 in 200 run5.ndpi,Annotation (germinal_center),0.0377
KI67 1 in 200 run5.ndpi,Annotation (germinal_center),0.0308
KI67 1 in 200 run5.ndpi,Annotation (germinal_center),0.0297
KI67 1 in 200 run5.ndpi,Annotation (germinal_center),0.0645
KI67 1 in 200 run5.ndpi,Annotation (germinal_center),0.0532
KI67 1 in 200 run5.ndpi,Annotation (germinal_center),0.0688
KI67 1 in 200 run5.ndpi,Annotation (germinal_center),0.0507
KI67 1 in 200 run5.ndpi,Annotation (germinal_center),0.0265
KI67 1 in 200 run5.ndpi,Annotation (germinal_center),0.0568
KI67 1 in 200 run5.ndpi,Annotation (germinal_center),0.0485
KI67 1 in 200 run5.ndpi,Annotation (germinal_center),0.0626
KI67 1 in 200 run5.ndpi,Annotation (germinal_center),0.0559
KI67 1 in 200 run5.ndpi,Annotation (germinal_center),0.0568
KI67 1 in 200 run5.ndpi,Annotation (germinal_center),0.0499
KI67 1 in 200 run5.ndpi,Annotation (germinal_center),0.0492
KI67 1 in 200 run5.ndpi,Annotation (germinal_center),0.0642
KI67 1 in 200 run5.ndpi,Annotation (germinal_center),0.0484
KI67 1 in 200 run5.ndpi,Annotation (germinal_center),0.0375
KI67 1 in 200 run5.ndpi,Annotation (germinal_center),0.048
KI67 1 in 200 run5.ndpi,Annotation (germinal_center),0.0403
KI67 1 in 200 run5.ndpi,Annotation (germinal_center),0.0483
KI67 1 in 200 run5.ndpi,Annotation (germinal_center),0.0486
KI67 1 in 200 run5.ndpi,Annotation (germinal_center),0.066
KI67 1 in 200 run5.ndpi,Annotation (germinal_center),0.0529
KI67 1 in 200 run5.ndpi,Annotation (germinal_center),0.0389
KI67 1 in 200 run5.ndpi,Annotation (germinal_center),0.0345
KI67 1 in 200 run5.ndpi,Annotation (germinal_center),0.0391
KI67 1 in 200 run5.ndpi,Annotation (germinal_center),0.0537
KI67 1 in 200 run5.ndpi,Annotation (germinal_center),0.0585
KI67 1 in 200 run5.ndpi,Annotation (germinal_center),0.0562
KI67 1 in 200 run5.ndpi,Annotation (germinal_center),0.059
KI67 1 in 200 run5.ndpi,Annotation (germinal_center),0.0506
KI67 1 in 200 run5.ndpi,Annotation (germinal_center),0.0579
KI67 1 in 200 run5.ndpi,Annotation (germinal_center),0.0497
KI67 1 in 200 run5.ndpi,Annotation (germinal_center),0.0451
KI67 1 in 200 run5.ndpi,Annotation (germinal_center),0.06
KI67 1 in 200 run5.ndpi,Annotation (germinal_center),0.0366
KI67 1 in 200 run5.ndpi,Annotation (germinal_center),0.0584
KI67 1 in 200 run5.ndpi,Annotation (germinal_center),0.0568
KI67 1 in 200 run5.ndpi,Annotation (germinal_center),0.0534
KI67 1 in 200 run5.ndpi,Annotation (germinal_center),0.0642
KI67 1 in 200 run5.ndpi,Annotation (germinal_center),0.0586
KI67 1 in 200 run5.ndpi,Annotation (germinal_center),0.0368
KI67 1 in 200 run5.ndpi,Annotation (germinal_center),0.0442
KI67 1 in 200 run5.ndpi,Annotation (germinal_center),0.0486
KI67 1 in 200 run5.ndpi,Annotation (germinal_center),0.0428
KI67 1 in 200 run5.ndpi,Annotation (germinal_center),0.0413
KI67 1 in 200 run5.ndpi,Annotation (germinal_center),0.0401
KI67 1 in 200 run5.ndpi,Annotation (germinal_center),0.0525
KI67 1 in 200 run5.ndpi,Annotation (germinal_center),0.0459
KI67 1 in 200 run5.ndpi,Annotation (germinal_center),0.0502
KI67 1 in 200 run5.ndpi,Annotation (germinal_center),0.0611
KI67 1 in 200 run5.ndpi,Annotation (germinal_center),0.0418
KI67 1 in 200 run5.ndpi,Annotation (germinal_center),0.0413
KI67 1 in 200 run5.ndpi,Annotation (germinal_center),0.0372
KI67 1 in 200 run5.ndpi,Annotation (germinal_center),0.0341
KI67 1 in 200 run5.ndpi,Annotation (germinal_center),0.0612
KI67 1 in 200 run5.ndpi,Annotation (germinal_center),0.0606
KI67 1 in 200 run5.ndpi,Annotation (germinal_center),0.0528
KI67 1 in 200 run5.ndpi,Annotation (germinal_center),0.0781
KI67 1 in 200 run5.ndpi,Annotation (germinal_center),0.0731
KI67 1 in 200 run5.ndpi,Annotation (germinal_center),0.072
KI67 1 in 200 run5.ndpi,Annotation (germinal_center),0.0684
KI67 1 in 200 run5.ndpi,Annotation (germinal_center),0.0523
KI67 1 in 200 run5.ndpi,Annotation (germinal_center),0.0344
KI67 1 in 200 run5.ndpi,Annotation (germinal_center),0.0361
KI67 1 in 200 run5.ndpi,Annotation (germinal_center),0.0684
KI67 1 in 200 run5.ndpi,Annotation (germinal_center),0.0754
KI67 1 in 200 run5.ndpi,Annotation (germinal_center),0.0384
KI67 1 in 200 run5.ndpi,Annotation (germinal_center),0.0626
KI67 1 in 200 run5.ndpi,Annotation (germinal_center),0.04
KI67 1 in 200 run5.ndpi,Annotation (germinal_center),0.0373
KI67 1 in 200 run5.ndpi,Annotation (germinal_center),0.0453
KI67 1 in 200 run5.ndpi,Annotation (germinal_center),0.0683
KI67 1 in 200 run5.ndpi,Annotation (germinal_center),0.0451
KI67 1 in 200 run5.ndpi,Annotation (germinal_center),0.0269
KI67 1 in 200 run5.ndpi,Annotation (germinal_center),0.0439
KI67 1 in 200 run5.ndpi,Annotation (germinal_center),0.0757
KI67 1 in 200 run5.ndpi,Annotation (germinal_center),0.0483
KI67 1 in 200 run5.ndpi,Annotation (germinal_center),0.0665
KI67 1 in 200 run5.ndpi,Annotation (germinal_center),0.0449
KI67 1 in 200 run5.ndpi,Annotation (germinal_center),0.0305
KI67 1 in 200 run5.ndpi,Annotation (germinal_center),0.0647
KI67 1 in 200 run5.ndpi,Annotation (germinal_center),0.0498
KI67 1 in 200 run5.ndpi,Annotation (germinal_center),0.0378
KI67 1 in 200 run5.ndpi,Annotation (germinal_center),0.0262
KI67 1 in 200 run5.ndpi,Annotation (germinal_center),0.0386
KI67 1 in 200 run5.ndpi,Annotation (germinal_center),0.0673
KI67 1 in 200 run5.ndpi,Annotation (germinal_center),0.0645
KI67 1 in 200 run5.ndpi,Annotation (germinal_center),0.0299
KI67 1 in 200 run5.ndpi,Annotation (germinal_center),0.0299
KI67 1 in 200 run5.ndpi,Annotation (germinal_center),0.0364
KI67 1 in 200 run5.ndpi,Annotation (germinal_center),0.056
KI67 1 in 200 run5.ndpi,Annotation (germinal_center),0.0559
KI67 1 in 200 run5.ndpi,Annotation (germinal_center),0.0555
KI67 1 in 200 run5.ndpi,Annotation (germinal_center),0.0588
KI67 1 in 200 run5.ndpi,Annotation (germinal_center),0.0554
KI67 1 in 200 run5.ndpi,Annotation (germinal_center),0.0443
KI67 1 in 200 run5.ndpi,Annotation (germinal_center),0.0387
KI67 1 in 200 run5.ndpi,Annotation (germinal_center),0.0278
KI67 1 in 200 run5.ndpi,Annotation (germinal_center),0.049
KI67 1 in 200 run5.ndpi,Annotation (germinal_center),0.0439
KI67 1 in 200 run5.ndpi,Annotation (germinal_center),0.0272
KI67 1 in 200 run5.ndpi,Annotation (germinal_center),0.054
KI67 1 in 200 run5.ndpi,Annotation (germinal_center),0.0509
KI67 1 in 200 run5.ndpi,Annotation (germinal_center),0.0329
KI67 1 in 200 run5.ndpi,Annotation (germinal_center),0.0534
KI67 1 in 200 run5.ndpi,Annotation (germinal_center),0.054
KI67 1 in 200 run5.ndpi,Annotation (germinal_center),0.0593
KI67 1 in 200 run5.ndpi,Annotation (germinal_center),0.0319
KI67 1 in 200 run5.ndpi,Annotation (germinal_center),0.0658
KI67 1 in 200 run5.ndpi,Annotation (germinal_center),0.058
KI67 1 in 200 run5.ndpi,Annotation (germinal_center),0.0557
KI67 1 in 200 run5.ndpi,Annotation (germinal_center),0.0525
KI67 1 in 200 run5.ndpi,Annotation (germinal_center),0.0471
KI67 1 in 200 run5.ndpi,Annotation (germinal_center),0.0595
KI67 1 in 200 run5.ndpi,Annotation (germinal_center),0.0407
KI67 1 in 200 run5.ndpi,Annotation (germinal_center),0.0752
KI67 1 in 200 run5.ndpi,Annotation (germinal_center),0.039
KI67 1 in 200 run5.ndpi,Annotation (germinal_center),0.055
KI67 1 in 200 run5.ndpi,Annotation (germinal_center),0.0506
KI67 1 in 200 run5.ndpi,Annotation (germinal_center),0.0604
KI67 1 in 200 run5.ndpi,Annotation (germinal_center),0.0434
KI67 1 in 200 run5.ndpi,Annotation (germinal_center),0.0319
KI67 1 in 200 run5.ndpi,Annotation (germinal_center),0.0277
KI67 1 in 200 run5.ndpi,Annotation (germinal_center),0.0486
KI67 1 in 200 run5.ndpi,Annotation (germinal_center),0.0554
KI67 1 in 200 run5.ndpi,Annotation (germinal_center),0.0317
KI67 1 in 200 run5.ndpi,Annotation (germinal_center),0.0474
KI67 1 in 200 run5.ndpi,Annotation (germinal_center),0.0348
KI67 1 in 200 run5.ndpi,Annotation (germinal_center),0.0338
KI67 1 in 200 run5.ndpi,Annotation (germinal_center),0.0485
KI67 1 in 200 run5.ndpi,Annotation (germinal_center),0.0346
KI67 1 in 200 run5.ndpi,Annotation (germinal_center),0.0547
KI67 1 in 200 run5.ndpi,Annotation (germinal_center),0.0569
KI67 1 in 200 run5.ndpi,Annotation (germinal_center),0.0529
KI67 1 in 200 run5.ndpi,Annotation (germinal_center),0.0602
KI67 1 in 200 run5.ndpi,Annotation (germinal_center),0.0505
KI67 1 in 200 run5.ndpi,Annotation (germinal_center),0.0445
KI67 1 in 200 run5.ndpi,Annotation (germinal_center),0.0401
KI67 1 in 200 run5.ndpi,Annotation (germinal_center),0.039
KI67 1 in 200 run5.ndpi,Annotation (germinal_center),0.0469
KI67 1 in 200 run5.ndpi,Annotation (germinal_center),0.0381
KI67 1 in 200 run5.ndpi,Annotation (germinal_center),0.0587
KI67 1 in 200 run5.ndpi,Annotation (germinal_center),0.0583
KI67 1 in 200 run5.ndpi,Annotation (germinal_center),0.0539
KI67 1 in 200 run5.ndpi,Annotation (germinal_center),0.0409
KI67 1 in 200 run5.ndpi,Annotation (germinal_center),0.0523
KI67 1 in 200 run5.ndpi,Annotation (germinal_center),0.0305
KI67 1 in 200 run5.ndpi,Annotation (germinal_center),0.0492
KI67 1 in 200 run5.ndpi,Annotation (germinal_center),0.0397
KI67 1 in 200 run5.ndpi,Annotation (germinal_center),0.0338
KI67 1 in 200 run5.ndpi,Annotation (germinal_center),0.0502
KI67 1 in 200 run5.ndpi,Annotation (germinal_center),0.0773
KI67 1 in 200 run5.ndpi,Annotation (germinal_center),0.0609
KI67 1 in 200 run5.ndpi,Annotation (germinal_center),0.0838
KI67 1 in 200 run5.ndpi,Annotation (germinal_center),0.0713
KI67 1 in 200 run5.ndpi,Annotation (germinal_center),0.0484
KI67 1 in 200 run5.ndpi,Annotation (germinal_center),0.0529
KI67 1 in 200 run5.ndpi,Annotation (germinal_center),0.0408
KI67 1 in 200 run5.ndpi,Annotation (germinal_center),0.067
KI67 1 in 200 run5.ndpi,Annotation (germinal_center),0.0301
KI67 1 in 200 run5.ndpi,Annotation (germinal_center),0.0637
KI67 1 in 200 run5.ndpi,Annotation (germinal_center),0.0391
KI67 1 in 200 run5.ndpi,Annotation (germinal_center),0.0409
KI67 1 in 200 run5.ndpi,Annotation (germinal_center),0.078
KI67 1 in 200 run5.ndpi,Annotation (germinal_center),0.0532
KI67 1 in 200 run5.ndpi,Annotation (germinal_center),0.0506
KI67 1 in 200 run5.ndpi,Annotation (germinal_center),0.0246
KI67 1 in 200 run5.ndpi,Annotation (germinal_center),0.0219
KI67 1 in 200 run5.ndpi,Annotation (germinal_center),0.0749
KI67 1 in 200 run5.ndpi,Annotation (germinal_center),0.0631
KI67 1 in 200 run5.ndpi,Annotation (germinal_center),0.0472
KI67 1 in 200 run5.ndpi,Annotation (germinal_center),0.0367
KI67 1 in 200 run5.ndpi,Annotation (germinal_center),0.0385
KI67 1 in 200 run5.ndpi,Annotation (germinal_center),0.019
KI67 1 in 200 run5.ndpi,Annotation (germinal_center),0.0646
KI67 1 in 200 run5.ndpi,Annotation (germinal_center),0.0498
KI67 1 in 200 run5.ndpi,Annotation (germinal_center),0.0535
KI67 1 in 200 run5.ndpi,Annotation (germinal_center),0.0553
KI67 1 in 200 run5.ndpi,Annotation (germinal_center),0.0644
KI67 1 in 200 run5.ndpi,Annotation (germinal_center),0.0586
KI67 1 in 200 run5.ndpi,Annotation (germinal_center),0.0824
KI67 1 in 200 run5.ndpi,Annotation (germinal_center),0.0502
KI67 1 in 200 run5.ndpi,Annotation (germinal_center),0.2447
KI67 1 in 200 run5.ndpi,Annotation (germinal_center),0.0418
KI67 1 in 200 run5.ndpi,Annotation (germinal_center),0.0697
KI67 1 in 200 run5.ndpi,Annotation (germinal_center),0.0662
KI67 1 in 200 run5.ndpi,Annotation (germinal_center),0.0581
KI67 1 in 200 run5.ndpi,Annotation (germinal_center),0.0626
KI67 1 in 200 run5.ndpi,Annotation (germinal_center),0.0658
KI67 1 in 200 run5.ndpi,Annotation (germinal_center),0.0733
KI67 1 in 200 run5.ndpi,Annotation (germinal_center),0.0464
KI67 1 in 200 run5.ndpi,Annotation (germinal_center),0.0667
KI67 1 in 200 run5.ndpi,Annotation (germinal_center),0.0625
KI67 1 in 200 run5.ndpi,Annotation (germinal_center),0.0654
KI67 1 in 200 run5.ndpi,Annotation (germinal_center),0.0723
KI67 1 in 200 run5.ndpi,Annotation (germinal_center),0.0779
KI67 1 in 200 run5.ndpi,Annotation (germinal_center),0.0374
KI67 1 in 200 run5.ndpi,Annotation (germinal_center),0.06
KI67 1 in 200 run5.ndpi,Annotation (germinal_center),0.0829
KI67 1 in 200 run5.ndpi,Annotation (germinal_center),0.0663
KI67 1 in 200 run5.ndpi,Annotation (germinal_center),0.0591
KI67 1 in 200 run5.ndpi,Annotation (germinal_center),0.0392
KI67 1 in 200 run5.ndpi,Annotation (germinal_center),0.074
KI67 1 in 200 run5.ndpi,Annotation (germinal_center),0.0394
KI67 1 in 200 run5.ndpi,Annotation (germinal_center),0.0611
KI67 1 in 200 run5.ndpi,Annotation (germinal_center),0.042
KI67 1 in 200 run5.ndpi,Annotation (germinal_center),0.0621
KI67 1 in 200 run5.ndpi,Annotation (germinal_center),0.0508
KI67 1 in 200 run5.ndpi,Annotation (germinal_center),0.0472
KI67 1 in 200 run5.ndpi,Annotation (germinal_center),0.0457
KI67 1 in 200 run5.ndpi,Annotation (germinal_center),0.0652
KI67 1 in 200 run5.ndpi,Annotation (germinal_center),0.0408
KI67 1 in 200 run5.ndpi,Annotation (germinal_center),0.0411
KI67 1 in 200 run5.ndpi,Annotation (germinal_center),0.0326
KI67 1 in 200 run5.ndpi,Annotation (germinal_center),0.0857
KI67 1 in 200 run5.ndpi,Annotation (germinal_center),0.0809
KI67 1 in 200 run5.ndpi,Annotation (germinal_center),0.0579
KI67 1 in 200 run5.ndpi,Annotation (germinal_center),0.0447
KI67 1 in 200 run5.ndpi,Annotation (germinal_center),0.0745
KI67 1 in 200 run5.ndpi,Annotation (germinal_center),0.0712
KI67 1 in 200 run5.ndpi,Annotation (germinal_center),0.0361
KI67 1 in 200 run5.ndpi,Annotation (germinal_center),0.0804
KI67 1 in 200 run5.ndpi,Annotation (germinal_center),0.0742
KI67 1 in 200 run5.ndpi,Annotation (germinal_center),0.0591
KI67 1 in 200 run5.ndpi,Annotation (germinal_center),0.0683
KI67 1 in 200 run5.ndpi,Annotation (germinal_center),0.0825
KI67 1 in 200 run5.ndpi,Annotation (germinal_center),0.0447
KI67 1 in 200 run5.ndpi,Annotation (germinal_center),0.0472
KI67 1 in 200 run5.ndpi,Annotation (germinal_center),0.0469
KI67 1 in 200 run5.ndpi,Annotation (germinal_center),0.0767
KI67 1 in 200 run5.ndpi,Annotation (germinal_center),0.0367
KI67 1 in 200 run5.ndpi,Annotation (germinal_center),0.0557
KI67 1 in 200 run5.ndpi,Annotation (germinal_center),0.0459
KI67 1 in 200 run5.ndpi,Annotation (germinal_center),0.0622
KI67 1 in 200 run5.ndpi,Annotation (germinal_center),0.0339
KI67 1 in 200 run5.ndpi,Annotation (germinal_center),0.0933
KI67 1 in 200 run5.ndpi,Annotation (germinal_center),0.0301
KI67 1 in 200 run5.ndpi,Annotation (germinal_center),0.0888
KI67 1 in 200 run5.ndpi,Annotation (germinal_center),0.0623
KI67 1 in 200 run5.ndpi,Annotation (germinal_center),0.0522
KI67 1 in 200 run5.ndpi,Annotation (germinal_center),0.0692
KI67 1 in 200 run5.ndpi,Annotation (germinal_center),0.0599
KI67 1 in 200 run5.ndpi,Annotation (germinal_center),0.0476
KI67 1 in 200 run5.ndpi,Annotation (germinal_center),0.0907
KI67 1 in 200 run5.ndpi,Annotation (germinal_center),0.0362
KI67 1 in 200 run5.ndpi,Annotation (germinal_center),0.05
KI67 1 in 200 run5.ndpi,Annotation (germinal_center),0.0783
KI67 1 in 200 run5.ndpi,Annotation (germinal_center),0.0444
KI67 1 in 200 run5.ndpi,Annotation (germinal_center),0.0361
KI67 1 in 200 run5.ndpi,Annotation (germinal_center),0.0613
KI67 1 in 200 run5.ndpi,Annotation (germinal_center),0.0035
KI67 1 in 200 run5.ndpi,Annotation (germinal_center),0.0734
KI67 1 in 200 run5.ndpi,Annotation (germinal_center),0.0602
KI67 1 in 200 run5.ndpi,Annotation (germinal_center),0.0439
KI67 1 in 200 run5.ndpi,Annotation (germinal_center),0.048
KI67 1 in 200 run5.ndpi,Annotation (germinal_center),0.0601
KI67 1 in 200 run5.ndpi,Annotation (germinal_center),0.0387
KI67 1 in 200 run5.ndpi,Annotation (germinal_center),0.0673
KI67 1 in 200 run5.ndpi,Annotation (germinal_center),0.0213
KI67 1 in 200 run5.ndpi,Annotation (germinal_center),0.0815
KI67 1 in 200 run5.ndpi,Annotation (germinal_center),0.047
KI67 1 in 200 run5.ndpi,Annotation (germinal_center),0.0447
KI67 1 in 200 run5.ndpi,Annotation (germinal_center),0.0609
KI67 1 in 200 run5.ndpi,Annotation (germinal_center),0.0635
KI67 1 in 200 run5.ndpi,Annotation (germinal_center),0.0801
KI67 1 in 200 run5.ndpi,Annotation (germinal_center),0.0542
KI67 1 in 200 run5.ndpi,Annotation (germinal_center),0.0488
KI67 1 in 200 run5.ndpi,Annotation (germinal_center),0.0675
KI67 1 in 200 run5.ndpi,Annotation (germinal_center),0.0673
KI67 1 in 200 run5.ndpi,Annotation (germinal_center),0.0514
KI67 1 in 200 run5.ndpi,Annotation (germinal_center),0.0343
KI67 1 in 200 run5.ndpi,Annotation (germinal_center),0.067
KI67 1 in 200 run5.ndpi,Annotation (germinal_center),0.0294
KI67 1 in 200 run5.ndpi,Annotation (germinal_center),0.0794
KI67 1 in 200 run5.ndpi,Annotation (germinal_center),0.0588
KI67 1 in 200 run5.ndpi,Annotation (germinal_center),0.0579
KI67 1 in 200 run5.ndpi,Annotation (germinal_center),0.077
KI67 1 in 200 run5.ndpi,Annotation (germinal_center),0.0802
KI67 1 in 200 run5.ndpi,Annotation (germinal_center),0.055
KI67 1 in 200 run5.ndpi,Annotation (germinal_center),0.0398
KI67 1 in 200 run5.ndpi,Annotation (germinal_center),0.0466
KI67 1 in 200 run5.ndpi,Annotation (germinal_center),0.0725
KI67 1 in 200 run5.ndpi,Annotation (germinal_center),0.06
KI67 1 in 200 run5.ndpi,Annotation (germinal_center),0.0666
KI67 1 in 200 run5.ndpi,Annotation (germinal_center),0.0669
KI67 1 in 200 run5.ndpi,Annotation (germinal_center),0.0604
KI67 1 in 200 run5.ndpi,Annotation (germinal_center),0.0479
KI67 1 in 200 run5.ndpi,Annotation (germinal_center),0.0528
KI67 1 in 200 run5.ndpi,Annotation (germinal_center),0.0602
KI67 1 in 200 run5.ndpi,Annotation (germinal_center),0.0568
KI67 1 in 200 run5.ndpi,Annotation (germinal_center),0.0466
KI67 1 in 200 run5.ndpi,Annotation (germinal_center),0.0578
KI67 1 in 200 run5.ndpi,Annotation (germinal_center),0.0523
KI67 1 in 200 run5.ndpi,Annotation (germinal_center),0.056
KI67 1 in 200 run5.ndpi,Annotation (germinal_center),0.062
KI67 1 in 200 run5.ndpi,Annotation (germinal_center),0.0332
KI67 1 in 200 run5.ndpi,Annotation (germinal_center),0.0385
KI67 1 in 200 run5.ndpi,Annotation (germinal_center),0.0565
KI67 1 in 200 run5.ndpi,Annotation (germinal_center),0.075
KI67 1 in 200 run5.ndpi,Annotation (germinal_center),0.0744
KI67 1 in 200 run5.ndpi,Annotation (germinal_center),0.0354
KI67 1 in 200 run5.ndpi,Annotation (germinal_center),0.0569
KI67 1 in 200 run5.ndpi,Annotation (germinal_center),0.0842
KI67 1 in 200 run5.ndpi,Annotation (germinal_center),0.0554
KI67 1 in 200 run5.ndpi,Annotation (germinal_center),0.0704
KI67 1 in 200 run5.ndpi,Annotation (germinal_center),0.0584
KI67 1 in 200 run5.ndpi,Annotation (germinal_center),0.0443
KI67 1 in 200 run5.ndpi,Annotation (germinal_center),0.0535
KI67 1 in 200 run5.ndpi,Annotation (germinal_center),0.0355
KI67 1 in 200 run5.ndpi,Annotation (germinal_center),0.0363
KI67 1 in 200 run5.ndpi,Annotation (germinal_center),0.0747
KI67 1 in 200 run5.ndpi,Annotation (germinal_center),0.0496
KI67 1 in 200 run5.ndpi,Annotation (germinal_center),0.0634
KI67 1 in 200 run5.ndpi,Annotation (germinal_center),0.0504
KI67 1 in 200 run5.ndpi,Annotation (germinal_center),0.0639
KI67 1 in 200 run5.ndpi,Annotation (germinal_center),0.0501
KI67 1 in 200 run5.ndpi,Annotation (germinal_center),0.0393
KI67 1 in 200 run5.ndpi,Annotation (germinal_center),0.05
KI67 1 in 200 run5.ndpi,Annotation (germinal_center),0.0753
KI67 1 in 200 run5.ndpi,Annotation (germinal_center),0.0716
KI67 1 in 200 run5.ndpi,Annotation (germinal_center),0.0644
KI67 1 in 200 run5.ndpi,Annotation (germinal_center),0.0551
KI67 1 in 200 run5.ndpi,Annotation (germinal_center),0.0512
KI67 1 in 200 run5.ndpi,Annotation (germinal_center),0.0714
KI67 1 in 200 run5.ndpi,Annotation (germinal_center),0.0543
KI67 1 in 200 run5.ndpi,Annotation (germinal_center),0.0553
KI67 1 in 200 run5.ndpi,Annotation (germinal_center),0.075
KI67 1 in 200 run5.ndpi,Annotation (germinal_center),0.0375
KI67 1 in 200 run5.ndpi,Annotation (germinal_center),0.0532
KI67 1 in 200 run5.ndpi,Annotation (germinal_center),0.039
KI67 1 in 200 run5.ndpi,Annotation (germinal_center),0.087
KI67 1 in 200 run5.ndpi,Annotation (germinal_center),0.0615
KI67 1 in 200 run5.ndpi,Annotation (germinal_center),0.0355
KI67 1 in 200 run5.ndpi,Annotation (germinal_center),0.0537
KI67 1 in 200 run5.ndpi,Annotation (germinal_center),0.059
KI67 1 in 200 run5.ndpi,Annotation (germinal_center),0.0614
KI67 1 in 200 run5.ndpi,Annotation (germinal_center),0.0383
KI67 1 in 200 run5.ndpi,Annotation (germinal_center),0.0637
KI67 1 in 200 run5.ndpi,Annotation (germinal_center),0.0674
KI67 1 in 200 run5.ndpi,Annotation (germinal_center),0.0529
KI67 1 in 200 run5.ndpi,Annotation (germinal_center),0.0468
KI67 1 in 200 run5.ndpi,Annotation (germinal_center),0.0486
KI67 1 in 200 run5.ndpi,Annotation (germinal_center),0.0676
KI67 1 in 200 run5.ndpi,Annotation (germinal_center),0.0614
KI67 1 in 200 run5.ndpi,Annotation (germinal_center),0.0804
KI67 1 in 200 run5.ndpi,Annotation (germinal_center),0.0597
KI67 1 in 200 run5.ndpi,Annotation (germinal_center),0.0619
KI67 1 in 200 run5.ndpi,Annotation (germinal_center),0.0453
KI67 1 in 200 run5.ndpi,Annotation (germinal_center),0.0471
KI67 1 in 200 run5.ndpi,Annotation (germinal_center),0.0638
KI67 1 in 200 run5.ndpi,Annotation (germinal_center),0.0786
KI67 1 in 200 run5.ndpi,Annotation (germinal_center),0.0509
KI67 1 in 200 run5.ndpi,Annotation (germinal_center),0.0525
KI67 1 in 200 run5.ndpi,Annotation (germinal_center),0.0729
KI67 1 in 200 run5.ndpi,Annotation (germinal_center),0.0471
KI67 1 in 200 run5.ndpi,Annotation (germinal_center),0.0546
KI67 1 in 200 run5.ndpi,Annotation (germinal_center),0.0434
KI67 1 in 200 run5.ndpi,Annotation (germinal_center),0.0553
KI67 1 in 200 run5.ndpi,Annotation (germinal_center),0.0472
KI67 1 in 200 run5.ndpi,Annotation (germinal_center),0.0838
KI67 1 in 200 run5.ndpi,Annotation (germinal_center),0.0591
KI67 1 in 200 run5.ndpi,Annotation (germinal_center),0.0589
KI67 1 in 200 run5.ndpi,Annotation (germinal_center),0.0717
KI67 1 in 200 run5.ndpi,Annotation (germinal_center),0.0639
KI67 1 in 200 run5.ndpi,Annotation (germinal_center),0.0855
KI67 1 in 200 run5.ndpi,Annotation (germinal_center),0.0438
KI67 1 in 200 run5.ndpi,Annotation (germinal_center),0.0561
KI67 1 in 200 run5.ndpi,Annotation (germinal_center),0.0538
KI67 1 in 200 run5.ndpi,Annotation (germinal_center),0.0445
KI67 1 in 200 run5.ndpi,Annotation (germinal_center),0.0641
KI67 1 in 200 run5.ndpi,Annotation (germinal_center),0.0485
KI67 1 in 200 run5.ndpi,Annotation (germinal_center),0.0271
KI67 1 in 200 run5.ndpi,Annotation (germinal_center),0.0655
KI67 1 in 200 run5.ndpi,Annotation (germinal_center),0.0548
KI67 1 in 200 run5.ndpi,Annotation (germinal_center),0.05
KI67 1 in 200 run5.ndpi,Annotation (germinal_center),0.0455
KI67 1 in 200 run5.ndpi,Annotation (germinal_center),0.0534
KI67 1 in 200 run5.ndpi,Annotation (germinal_center),0.0591
KI67 1 in 200 run5.ndpi,Annotation (germinal_center),0.0549
KI67 1 in 200 run5.ndpi,Annotation (germinal_center),0.0453
KI67 1 in 200 run5.ndpi,Annotation (germinal_center),0.0642
KI67 1 in 200 run5.ndpi,Annotation (germinal_center),0.0853
KI67 1 in 200 run5.ndpi,Annotation (germinal_center),0.0526
KI67 1 in 200 run5.ndpi,Annotation (germinal_center),0.0646
KI67 1 in 200 run5.ndpi,Annotation (germinal_center),0.0649
KI67 1 in 200 run5.ndpi,Annotation (germinal_center),0.0555
KI67 1 in 200 run5.ndpi,Annotation (germinal_center),0.097
KI67 1 in 200 run5.ndpi,Annotation (germinal_center),0.0621
KI67 1 in 200 run5.ndpi,Annotation (germinal_center),0.0628
KI67 1 in 200 run5.ndpi,Annotation (germinal_center),0.0704
KI67 1 in 200 run5.ndpi,Annotation (germinal_center),0.0438
KI67 1 in 200 run5.ndpi,Annotation (germinal_center),0.0613
KI67 1 in 200 run5.ndpi,Annotation (germinal_center),0.0317
KI67 1 in 200 run5.ndpi,Annotation (germinal_center),0.0605
KI67 1 in 200 run5.ndpi,Annotation (germinal_center),0.0565
KI67 1 in 200 run5.ndpi,Annotation (germinal_center),0.0537
KI67 1 in 200 run5.ndpi,Annotation (germinal_center),0.053
KI67 1 in 200 run5.ndpi,Annotation (germinal_center),0.052
KI67 1 in 200 run5.ndpi,Annotation (germinal_center),0.0452
KI67 1 in 200 run5.ndpi,Annotation (germinal_center),0.0778
KI67 1 in 200 run5.ndpi,Annotation (germinal_center),0.0719
KI67 1 in 200 run5.ndpi,Annotation (germinal_center),0.0433
KI67 1 in 200 run5.ndpi,Annotation (germinal_center),0.0464
KI67 1 in 200 run5.ndpi,Annotation (germinal_center),0.0508
KI67 1 in 200 run5.ndpi,Annotation (germinal_center),0.044
KI67 1 in 200 run5.ndpi,Annotation (germinal_center),0.0386
KI67 1 in 200 run5.ndpi,Annotation (germinal_center),0.0587
KI67 1 in 200 run5.ndpi,Annotation (germinal_center),0.0597
KI67 1 in 200 run5.ndpi,Annotation (germinal_center),0.0456
KI67 1 in 200 run5.ndpi,Annotation (germinal_center),0.057
KI67 1 in 200 run5.ndpi,Annotation (germinal_center),0.0593
KI67 1 in 200 run5.ndpi,Annotation (germinal_center),0.0682
KI67 1 in 200 run5.ndpi,Annotation (germinal_center),0.0443
KI67 1 in 200 run5.ndpi,Annotation (germinal_center),0.0951
KI67 1 in 200 run5.ndpi,Annotation (germinal_center),0.0432
KI67 1 in 200 run5.ndpi,Annotation (germinal_center),0.0658
KI67 1 in 200 run5.ndpi,Annotation (germinal_center),0.0675
KI67 1 in 200 run5.ndpi,Annotation (germinal_center),0.0611
KI67 1 in 200 run5.ndpi,Annotation (germinal_center),0.0716
KI67 1 in 200 run5.ndpi,Annotation (germinal_center),0.0523
KI67 1 in 200 run5.ndpi,Annotation (germinal_center),0.0675
KI67 1 in 200 run5.ndpi,Annotation (germinal_center),0.0628
KI67 1 in 200 run5.ndpi,Annotation (germinal_center),0.0524
KI67 1 in 200 run5.ndpi,Annotation (germinal_center),0.0705
KI67 1 in 200 run5.ndpi,Annotation (germinal_center),0.0566
KI67 1 in 200 run5.ndpi,Annotation (germinal_center),0.0485
KI67 1 in 200 run5.ndpi,Annotation (germinal_center),0.0566
KI67 1 in 200 run5.ndpi,Annotation (germinal_center),0.0348
KI67 1 in 200 run5.ndpi,Annotation (germinal_center),0.03
KI67 1 in 200 run5.ndpi,Annotation (germinal_center),0.0754
KI67 1 in 200 run5.ndpi,Annotation (germinal_center),0.0533
KI67 1 in 200 run5.ndpi,Annotation (germinal_center),0.0545
KI67 1 in 200 run5.ndpi,Annotation (germinal_center),0.0549
KI67 1 in 200 run5.ndpi,Annotation (germinal_center),0.0676
KI67 1 in 200 run5.ndpi,Annotation (germinal_center),0.043
KI67 1 in 200 run5.ndpi,Annotation (germinal_center),0.0642
KI67 1 in 200 run5.ndpi,Annotation (germinal_center),0.0599
KI67 1 in 200 run5.ndpi,Annotation (germinal_center),0.0473
KI67 1 in 200 run5.ndpi,Annotation (germinal_center),0.0621
KI67 1 in 200 run5.ndpi,Annotation (germinal_center),0.0627
KI67 1 in 200 run5.ndpi,Annotation (germinal_center),0.0193
KI67 1 in 200 run5.ndpi,Annotation (germinal_center),0.0419
KI67 1 in 200 run5.ndpi,Annotation (germinal_center),0.0449
KI67 1 in 200 run5.ndpi,Annotation (germinal_center),0.0446
KI67 1 in 200 run5.ndpi,Annotation (germinal_center),0.0549
KI67 1 in 200 run5.ndpi,Annotation (germinal_center),0.0488
KI67 1 in 200 run5.ndpi,Annotation (germinal_center),0.0421
KI67 1 in 200 run5.ndpi,Annotation (germinal_center),0.0377
KI67 1 in 200 run5.ndpi,Annotation (germinal_center),0.0453
KI67 1 in 200 run5.ndpi,Annotation (germinal_center),0.0502
KI67 1 in 200 run5.ndpi,Annotation (germinal_center),0.0437
KI67 1 in 200 run5.ndpi,Annotation (germinal_center),0.0648
KI67 1 in 200 run5.ndpi,Annotation (germinal_center),0.042
KI67 1 in 200 run5.ndpi,Annotation (germinal_center),0.0482
KI67 1 in 200 run5.ndpi,Annotation (germinal_center),0.0483
KI67 1 in 200 run5.ndpi,Annotation (germinal_center),0.0832
KI67 1 in 200 run5.ndpi,Annotation (germinal_center),0.0623
KI67 1 in 200 run5.ndpi,Annotation (germinal_center),0.0543
KI67 1 in 200 run5.ndpi,Annotation (germinal_center),0.0762
KI67 1 in 200 run5.ndpi,Annotation (germinal_center),0.0703
KI67 1 in 200 run5.ndpi,Annotation (germinal_center),0.0513
KI67 1 in 200 run5.ndpi,Annotation (germinal_center),0.0607
KI67 1 in 200 run5.ndpi,Annotation (germinal_center),0.0842
KI67 1 in 200 run5.ndpi,Annotation (germinal_center),0.076
KI67 1 in 200 run5.ndpi,Annotation (germinal_center),0.0522
KI67 1 in 200 run5.ndpi,Annotation (germinal_center),0.0503
KI67 1 in 200 run5.ndpi,Annotation (germinal_center),0.0409
KI67 1 in 200 run5.ndpi,Annotation (germinal_center),0.0459
KI67 1 in 200 run5.ndpi,Annotation (germinal_center),0.0501
KI67 1 in 200 run5.ndpi,Annotation (germinal_center),0.0499
KI67 1 in 200 run5.ndpi,Annotation (germinal_center),0.0443
KI67 1 in 200 run5.ndpi,Annotation (germinal_center),0.0366
KI67 1 in 200 run5.ndpi,Annotation (germinal_center),0.0434
KI67 1 in 200 run5.ndpi,Annotation (germinal_center),0.048
KI67 1 in 200 run5.ndpi,Annotation (germinal_center),0.0483
KI67 1 in 200 run5.ndpi,Annotation (germinal_center),0.0508
KI67 1 in 200 run5.ndpi,Annotation (germinal_center),0.0686
KI67 1 in 200 run5.ndpi,Annotation (germinal_center),0.0555
KI67 1 in 200 run5.ndpi,Annotation (germinal_center),0.0523
KI67 1 in 200 run5.ndpi,Annotation (germinal_center),0.0418
KI67 1 in 200 run5.ndpi,Annotation (germinal_center),0.0486
KI67 1 in 200 run5.ndpi,Annotation (germinal_center),0.0548
KI67 1 in 200 run5.ndpi,Annotation (germinal_center),0.0742
KI67 1 in 200 run5.ndpi,Annotation (germinal_center),0.051
KI67 1 in 200 run5.ndpi,Annotation (germinal_center),0.0491
KI67 1 in 200 run5.ndpi,Annotation (germinal_center),0.0674
KI67 1 in 200 run5.ndpi,Annotation (germinal_center),0.029
KI67 1 in 200 run5.ndpi,Annotation (germinal_center),0.0443
KI67 1 in 200 run5.ndpi,Annotation (germinal_center),0.0416
KI67 1 in 200 run5.ndpi,Annotation (germinal_center),0.041
KI67 1 in 200 run5.ndpi,Annotation (germinal_center),0.0475
KI67 1 in 200 run5.ndpi,Annotation (germinal_center),0.0443
KI67 1 in 200 run5.ndpi,Annotation (germinal_center),0.0507
KI67 1 in 200 run5.ndpi,Annotation (germinal_center),0.0434
KI67 1 in 200 run5.ndpi,Annotation (germinal_center),0.0685
KI67 1 in 200 run5.ndpi,Annotation (germinal_center),0.0345
KI67 1 in 200 run5.ndpi,Annotation (germinal_center),0.0405
KI67 1 in 200 run5.ndpi,Annotation (germinal_center),0.0286
KI67 1 in 200 run5.ndpi,Annotation (germinal_center),0.0482
KI67 1 in 200 run5.ndpi,Annotation (germinal_center),0.0469
KI67 1 in 200 run5.ndpi,Annotation (germinal_center),0.0421
KI67 1 in 200 run5.ndpi,Annotation (germinal_center),0.07
KI67 1 in 200 run5.ndpi,Annotation (germinal_center),0.0536
KI67 1 in 200 run5.ndpi,Annotation (germinal_center),0.0697
KI67 1 in 200 run5.ndpi,Annotation (germinal_center),0.0421
KI67 1 in 200 run5.ndpi,Annotation (germinal_center),0.0359
KI67 1 in 200 run5.ndpi,Annotation (germinal_center),0.041
KI67 1 in 200 run5.ndpi,Annotation (germinal_center),0.0291
KI67 1 in 200 run5.ndpi,Annotation (germinal_center),0.0331
KI67 1 in 200 run5.ndpi,Annotation (germinal_center),0.0408
KI67 1 in 200 run5.ndpi,Annotation (germinal_center),0.0364
KI67 1 in 200 run5.ndpi,Annotation (germinal_center),0.0605
KI67 1 in 200 run5.ndpi,Annotation (germinal_center),0.0769
KI67 1 in 200 run5.ndpi,Annotation (germinal_center),0.0476
KI67 1 in 200 run5.ndpi,Annotation (germinal_center),0.0371
KI67 1 in 200 run5.ndpi,Annotation (germinal_center),0.0429
KI67 1 in 200 run5.ndpi,Annotation (germinal_center),0.0528
KI67 1 in 200 run5.ndpi,Annotation (germinal_center),0.0631
KI67 1 in 200 run5.ndpi,Annotation (germinal_center),0.0575
KI67 1 in 200 run5.ndpi,Annotation (germinal_center),0.042
KI67 1 in 200 run5.ndpi,Annotation (germinal_center),0.2293
KI67 1 in 200 run5.ndpi,Annotation (germinal_center),0.0336
KI67 1 in 200 run5.ndpi,Annotation (germinal_center),0.0577
KI67 1 in 200 run5.ndpi,Annotation (germinal_center),0.046
KI67 1 in 200 run5.ndpi,Annotation (germinal_center),0.051
KI67 1 in 200 run5.ndpi,Annotation (germinal_center),0.03
KI67 1 in 200 run5.ndpi,Annotation (germinal_center),0.065
KI67 1 in 200 run5.ndpi,Annotation (germinal_center),0.0464
KI67 1 in 200 run5.ndpi,Annotation (germinal_center),0.0599
KI67 1 in 200 run5.ndpi,Annotation (germinal_center),0.0319
KI67 1 in 200 run5.ndpi,Annotation (germinal_center),0.0362
KI67 1 in 200 run5.ndpi,Annotation (germinal_center),0.0533
KI67 1 in 200 run5.ndpi,Annotation (germinal_center),0.0689
KI67 1 in 200 run5.ndpi,Annotation (germinal_center),0.059
KI67 1 in 200 run5.ndpi,Annotation (germinal_center),0.0598
KI67 1 in 200 run5.ndpi,Annotation (germinal_center),0.061
KI67 1 in 200 run5.ndpi,Annotation (germinal_center),0.0426
KI67 1 in 200 run5.ndpi,Annotation (germinal_center),0.0514
KI67 1 in 200 run5.ndpi,Annotation (germinal_center),0.0241
KI67 1 in 200 run5.ndpi,Annotation (germinal_center),0.0347
KI67 1 in 200 run5.ndpi,Annotation (germinal_center),0.0443
KI67 1 in 200 run5.ndpi,Annotation (germinal_center),0.0492
KI67 1 in 200 run5.ndpi,Annotation (germinal_center),0.0388
KI67 1 in 200 run5.ndpi,Annotation (germinal_center),0.0309
KI67 1 in 200 run5.ndpi,Annotation (germinal_center),0.0407
KI67 1 in 200 run5.ndpi,Annotation (germinal_center),0.0273
KI67 1 in 200 run5.ndpi,Annotation (germinal_center),0.0683
KI67 1 in 200 run5.ndpi,Annotation (germinal_center),0.0413
KI67 1 in 200 run5.ndpi,Annotation (germinal_center),0.0797
KI67 1 in 200 run5.ndpi,Annotation (germinal_center),0.0549
KI67 1 in 200 run5.ndpi,Annotation (germinal_center),0.0487
KI67 1 in 200 run5.ndpi,Annotation (germinal_center),0.0833
KI67 1 in 200 run5.ndpi,Annotation (germinal_center),0.0584
KI67 1 in 200 run5.ndpi,Annotation (germinal_center),0.0733
KI67 1 in 200 run5.ndpi,Annotation (germinal_center),0.0533
KI67 1 in 200 run5.ndpi,Annotation (germinal_center),0.0491
KI67 1 in 200 run5.ndpi,Annotation (germinal_center),0.0506
KI67 1 in 200 run5.ndpi,Annotation (germinal_center),0.0301
KI67 1 in 200 run5.ndpi,Annotation (germinal_center),0.0629
KI67 1 in 200 run5.ndpi,Annotation (germinal_center),0.0768
KI67 1 in 200 run5.ndpi,Annotation (germinal_center),0.0611
KI67 1 in 200 run5.ndpi,Annotation (germinal_center),0.0422
KI67 1 in 200 run5.ndpi,Annotation (germinal_center),0.0724
KI67 1 in 200 run5.ndpi,Annotation (germinal_center),0.0506
KI67 1 in 200 run5.ndpi,Annotation (germinal_center),0.0619
KI67 1 in 200 run5.ndpi,Annotation (germinal_center),0.0509
KI67 1 in 200 run5.ndpi,Annotation (germinal_center),0.0544
KI67 1 in 200 run5.ndpi,Annotation (germinal_center),0.0499
KI67 1 in 200 run5.ndpi,Annotation (germinal_center),0.0487
KI67 1 in 200 run5.ndpi,Annotation (germinal_center),0.0534
KI67 1 in 200 run5.ndpi,Annotation (germinal_center),0.0527
KI67 1 in 200 run5.ndpi,Annotation (germinal_center),0.0418
KI67 1 in 200 run5.ndpi,Annotation (germinal_center),0.0495
KI67 1 in 200 run5.ndpi,Annotation (germinal_center),0.0434
KI67 1 in 200 run5.ndpi,Annotation (germinal_center),0.0613
KI67 1 in 200 run5.ndpi,Annotation (germinal_center),0.0383
KI67 1 in 200 run5.ndpi,Annotation (germinal_center),0.0676
KI67 1 in 200 run5.ndpi,Annotation (germinal_center),0.0437
KI67 1 in 200 run5.ndpi,Annotation (germinal_center),0.0352
KI67 1 in 200 run5.ndpi,Annotation (germinal_center),0.0511
KI67 1 in 200 run5.ndpi,Annotation (germinal_center),0.0459
KI67 1 in 200 run5.ndpi,Annotation (germinal_center),0.0633
KI67 1 in 200 run5.ndpi,Annotation (germinal_center),0.0667
KI67 1 in 200 run5.ndpi,Annotation (germinal_center),0.0544
KI67 1 in 200 run5.ndpi,Annotation (germinal_center),0.0412
KI67 1 in 200 run5.ndpi,Annotation (germinal_center),0.0553
KI67 1 in 200 run5.ndpi,Annotation (germinal_center),0.0492
KI67 1 in 200 run5.ndpi,Annotation (germinal_center),0.0428
KI67 1 in 200 run5.ndpi,Annotation (germinal_center),0.0621
KI67 1 in 200 run5.ndpi,Annotation (germinal_center),0.0807
KI67 1 in 200 run5.ndpi,Annotation (germinal_center),0.0598
KI67 1 in 200 run5.ndpi,Annotation (germinal_center),0.0654
KI67 1 in 200 run5.ndpi,Annotation (germinal_center),0.0443
KI67 1 in 200 run5.ndpi,Annotation (germinal_center),0.0518
KI67 1 in 200 run5.ndpi,Annotation (germinal_center),0.0536
KI67 1 in 200 run5.ndpi,Annotation (germinal_center),0.0571
KI67 1 in 200 run5.ndpi,Annotation (germinal_center),0.0513
KI67 1 in 200 run5.ndpi,Annotation (germinal_center),0.061
KI67 1 in 200 run5.ndpi,Annotation (germinal_center),0.0566
KI67 1 in 200 run5.ndpi,Annotation (germinal_center),0.0425
KI67 1 in 200 run5.ndpi,Annotation (germinal_center),0.0579
KI67 1 in 200 run5.ndpi,Annotation (germinal_center),0.0342
KI67 1 in 200 run5.ndpi,Annotation (germinal_center),0.0418
KI67 1 in 200 run5.ndpi,Annotation (germinal_center),0.0361
KI67 1 in 200 run5.ndpi,Annotation (germinal_center),0.0385
KI67 1 in 200 run5.ndpi,Annotation (germinal_center),0.0378
KI67 1 in 200 run5.ndpi,Annotation (germinal_center),0.0551
KI67 1 in 200 run5.ndpi,Annotation (germinal_center),0.0404
KI67 1 in 200 run5.ndpi,Annotation (germinal_center),0.0582
KI67 1 in 200 run5.ndpi,Annotation (germinal_center),0.0362
KI67 1 in 200 run5.ndpi,Annotation (germinal_center),0.0789
KI67 1 in 200 run5.ndpi,Annotation (germinal_center),0.0519
KI67 1 in 200 run5.ndpi,Annotation (germinal_center),0.0438
KI67 1 in 200 run5.ndpi,Annotation (germinal_center),0.0448
KI67 1 in 200 run5.ndpi,Annotation (germinal_center),0.0335
KI67 1 in 200 run5.ndpi,Annotation (germinal_center),0.0404
KI67 1 in 200 run5.ndpi,Annotation (germinal_center),0.0594
KI67 1 in 200 run5.ndpi,Annotation (germinal_center),0.044
KI67 1 in 200 run5.ndpi,Annotation (germinal_center),0.0347
KI67 1 in 200 run5.ndpi,Annotation (germinal_center),0.0489
KI67 1 in 200 run5.ndpi,Annotation (germinal_center),0.0598
KI67 1 in 200 run5.ndpi,Annotation (germinal_center),0.0523
KI67 1 in 200 run5.ndpi,Annotation (germinal_center),0.0504
KI67 1 in 200 run5.ndpi,Annotation (germinal_center),0.0109
KI67 1 in 200 run5.ndpi,Annotation (germinal_center),0.0466
KI67 1 in 200 run5.ndpi,Annotation (germinal_center),0.0527
KI67 1 in 200 run5.ndpi,Annotation (germinal_center),0.0448
KI67 1 in 200 run5.ndpi,Annotation (germinal_center),0.0696
KI67 1 in 200 run5.ndpi,Annotation (germinal_center),0.0274
KI67 1 in 200 run5.ndpi,Annotation (germinal_center),0.0352
KI67 1 in 200 run5.ndpi,Annotation (germinal_center),0.2166
KI67 1 in 200 run5.ndpi,Annotation (germinal_center),0.0597
KI67 1 in 200 run5.ndpi,Annotation (germinal_center),0.0461
KI67 1 in 200 run5.ndpi,Annotation (germinal_center),0.0755
KI67 1 in 200 run5.ndpi,Annotation (germinal_center),0.0486
KI67 1 in 200 run5.ndpi,Annotation (germinal_center),0.0758
KI67 1 in 200 run5.ndpi,Annotation (germinal_center),0.0693
KI67 1 in 200 run5.ndpi,Annotation (germinal_center),0.1541
KI67 1 in 200 run5.ndpi,Annotation (germinal_center),0.0663
KI67 1 in 200 run5.ndpi,Annotation (germinal_center),0.0457
KI67 1 in 200 run5.ndpi,Annotation (germinal_center),0.1445
KI67 1 in 200 run5.ndpi,Annotation (germinal_center),0.0488
KI67 1 in 200 run5.ndpi,Annotation (germinal_center),0.0325
KI67 1 in 200 run5.ndpi,Annotation (germinal_center),0.0468
KI67 1 in 200 run5.ndpi,Annotation (germinal_center),0.0492
KI67 1 in 200 run5.ndpi,Annotation (germinal_center),0.0636
KI67 1 in 200 run5.ndpi,Annotation (germinal_center),0.0441
KI67 1 in 200 run5.ndpi,Annotation (germinal_center),0.0661
KI67 1 in 200 run5.ndpi,Annotation (germinal_center),0.0429
KI67 1 in 200 run5.ndpi,Annotation (germinal_center),0.0419
KI67 1 in 200 run5.ndpi,Annotation (germinal_center),0.0645
KI67 1 in 200 run5.ndpi,Annotation (germinal_center),0.0521
KI67 1 in 200 run5.ndpi,Annotation (germinal_center),0.0462
KI67 1 in 200 run5.ndpi,Annotation (germinal_center),0.0321
KI67 1 in 200 run5.ndpi,Annotation (germinal_center),0.0574
KI67 1 in 200 run5.ndpi,Annotation (germinal_center),0.0331
KI67 1 in 200 run5.ndpi,Annotation (germinal_center),0.0517
KI67 1 in 200 run5.ndpi,Annotation (germinal_center),0.0488
KI67 1 in 200 run5.ndpi,Annotation (germinal_center),0.0676
KI67 1 in 200 run5.ndpi,Annotation (germinal_center),0.0444
KI67 1 in 200 run5.ndpi,Annotation (germinal_center),0.0688
KI67 1 in 200 run5.ndpi,Annotation (germinal_center),0.0612
KI67 1 in 200 run5.ndpi,Annotation (germinal_center),0.0415
KI67 1 in 200 run5.ndpi,Annotation (germinal_center),0.0564
KI67 1 in 200 run5.ndpi,Annotation (germinal_center),0.07
KI67 1 in 200 run5.ndpi,Annotation (germinal_center),0.0617
KI67 1 in 200 run5.ndpi,Annotation (germinal_center),0.0364
KI67 1 in 200 run5.ndpi,Annotation (germinal_center),0.0514
KI67 1 in 200 run5.ndpi,Annotation (germinal_center),0.0485
KI67 1 in 200 run5.ndpi,Annotation (germinal_center),0.0624
KI67 1 in 200 run5.ndpi,Annotation (germinal_center),0.0586
KI67 1 in 200 run5.ndpi,Annotation (germinal_center),0.0519
KI67 1 in 200 run5.ndpi,Annotation (germinal_center),0.0446
KI67 1 in 200 run5.ndpi,Annotation (germinal_center),0.044
KI67 1 in 200 run5.ndpi,Annotation (germinal_center),0.0295
KI67 1 in 200 run5.ndpi,Annotation (germinal_center),0.0358
KI67 1 in 200 run5.ndpi,Annotation (germinal_center),0.0458
KI67 1 in 200 run5.ndpi,Annotation (germinal_center),0.0376
KI67 1 in 200 run5.ndpi,Annotation (germinal_center),0.0373
KI67 1 in 200 run5.ndpi,Annotation (germinal_center),0.034
KI67 1 in 200 run5.ndpi,Annotation (germinal_center),0.0591
KI67 1 in 200 run5.ndpi,Annotation (germinal_center),0.0584
KI67 1 in 200 run5.ndpi,Annotation (germinal_center),0.0377
KI67 1 in 200 run5.ndpi,Annotation (germinal_center),0.0559
KI67 1 in 200 run5.ndpi,Annotation (germinal_center),0.0513
KI67 1 in 200 run5.ndpi,Annotation (germinal_center),0.0302
KI67 1 in 200 run5.ndpi,Annotation (germinal_center),0.0667
KI67 1 in 200 run5.ndpi,Annotation (germinal_center),0.0591
KI67 1 in 200 run5.ndpi,Annotation (germinal_center),0.0462
KI67 1 in 200 run5.ndpi,Annotation (germinal_center),0.0508
KI67 1 in 200 run5.ndpi,Annotation (germinal_center),0.0362
KI67 1 in 200 run5.ndpi,Annotation (germinal_center),0.0349
KI67 1 in 200 run5.ndpi,Annotation (germinal_center),0.0501
KI67 1 in 200 run5.ndpi,Annotation (germinal_center),0.0499
KI67 1 in 200 run5.ndpi,Annotation (germinal_center),0.0638
KI67 1 in 200 run5.ndpi,Annotation (germinal_center),0.0329
KI67 1 in 200 run5.ndpi,Annotation (germinal_center),0.0628
KI67 1 in 200 run5.ndpi,Annotation (germinal_center),0.054
KI67 1 in 200 run5.ndpi,Annotation (germinal_center),0.0371
KI67 1 in 200 run5.ndpi,Annotation (germinal_center),0.0645
KI67 1 in 200 run5.ndpi,Annotation (germinal_center),0.0547
KI67 1 in 200 run5.ndpi,Annotation (germinal_center),0.0415
KI67 1 in 200 run5.ndpi,Annotation (germinal_center),0.0595
KI67 1 in 200 run5.ndpi,Annotation (germinal_center),0.0558
KI67 1 in 200 run5.ndpi,Annotation (germinal_center),0.0488
KI67 1 in 200 run5.ndpi,Annotation (germinal_center),0.0688
KI67 1 in 200 run5.ndpi,Annotation (germinal_center),0.0647
KI67 1 in 200 run5.ndpi,Annotation (germinal_center),0.0523
KI67 1 in 200 run5.ndpi,Annotation (germinal_center),0.048
KI67 1 in 200 run5.ndpi,Annotation (germinal_center),0.032
KI67 1 in 200 run5.ndpi,Annotation (germinal_center),0.04
KI67 1 in 200 run5.ndpi,Annotation (germinal_center),0.0614
KI67 1 in 200 run5.ndpi,Annotation (germinal_center),0.0508
KI67 1 in 200 run5.ndpi,Annotation (germinal_center),0.0674
KI67 1 in 200 run5.ndpi,Annotation (germinal_center),0.0623
KI67 1 in 200 run5.ndpi,Annotation (germinal_center),0.0426
KI67 1 in 200 run5.ndpi,Annotation (germinal_center),0.0623
KI67 1 in 200 run5.ndpi,Annotation (germinal_center),0.0281
KI67 1 in 200 run5.ndpi,Annotation (germinal_center),0.0569
KI67 1 in 200 run5.ndpi,Annotation (germinal_center),0.0676
KI67 1 in 200 run5.ndpi,Annotation (germinal_center),0.0523
KI67 1 in 200 run5.ndpi,Annotation (germinal_center),0.0575
KI67 1 in 200 run5.ndpi,Annotation (germinal_center),0.0537
KI67 1 in 200 run5.ndpi,Annotation (germinal_center),0.0395
KI67 1 in 200 run5.ndpi,Annotation (germinal_center),0.0516
KI67 1 in 200 run5.ndpi,Annotation (germinal_center),0.0623
KI67 1 in 200 run5.ndpi,Annotation (germinal_center),0.0569
KI67 1 in 200 run5.ndpi,Annotation (germinal_center),0.0504
KI67 1 in 200 run5.ndpi,Annotation (germinal_center),0.0614
KI67 1 in 200 run5.ndpi,Annotation (germinal_center),0.0518
KI67 1 in 200 run5.ndpi,Annotation (germinal_center),0.0382
KI67 1 in 200 run5.ndpi,Annotation (germinal_center),0.0457
KI67 1 in 200 run5.ndpi,Annotation (germinal_center),0.0474
KI67 1 in 200 run5.ndpi,Annotation (germinal_center),0.0663
KI67 1 in 200 run5.ndpi,Annotation (germinal_center),0.0625
KI67 1 in 200 run5.ndpi,Annotation (germinal_center),0.0587
KI67 1 in 200 run5.ndpi,Annotation (germinal_center),0.0516
KI67 1 in 200 run5.ndpi,Annotation (germinal_center),0.0418
KI67 1 in 200 run5.ndpi,Annotation (germinal_center),0.0402
KI67 1 in 200 run5.ndpi,Annotation (germinal_center),0.0534
KI67 1 in 200 run5.ndpi,Annotation (germinal_center),0.071
KI67 1 in 200 run5.ndpi,Annotation (germinal_center),0.0715
KI67 1 in 200 run5.ndpi,Annotation (germinal_center),0.0418
KI67 1 in 200 run5.ndpi,Annotation (germinal_center),0.0663
KI67 1 in 200 run5.ndpi,Annotation (germinal_center),0.0447
KI67 1 in 200 run5.ndpi,Annotation (germinal_center),0.0509
KI67 1 in 200 run5.ndpi,Annotation (germinal_center),0.0687
KI67 1 in 200 run5.ndpi,Annotation (germinal_center),0.0491
KI67 1 in 200 run5.ndpi,Annotation (germinal_center),0.0353
KI67 1 in 200 run5.ndpi,Annotation (germinal_center),0.038
KI67 1 in 200 run5.ndpi,Annotation (germinal_center),0.053
KI67 1 in 200 run5.ndpi,Annotation (germinal_center),0.0391
KI67 1 in 200 run5.ndpi,Annotation (germinal_center),0.0592
KI67 1 in 200 run5.ndpi,Annotation (germinal_center),0.048
KI67 1 in 200 run5.ndpi,Annotation (germinal_center),0.0484
KI67 1 in 200 run5.ndpi,Annotation (germinal_center),0.0529
KI67 1 in 200 run5.ndpi,Annotation (germinal_center),0.0468
KI67 1 in 200 run5.ndpi,Annotation (germinal_center),0.0462
KI67 1 in 200 run5.ndpi,Annotation (germinal_center),0.0721
KI67 1 in 200 run5.ndpi,Annotation (germinal_center),0.071
KI67 1 in 200 run5.ndpi,Annotation (germinal_center),0.049
KI67 1 in 200 run5.ndpi,Annotation (germinal_center),0.0287
KI67 1 in 200 run5.ndpi,Annotation (germinal_center),0.0586
KI67 1 in 200 run5.ndpi,Annotation (germinal_center),0.0511
KI67 1 in 200 run5.ndpi,Annotation (germinal_center),0.0801
KI67 1 in 200 run5.ndpi,Annotation (germinal_center),0.0568
KI67 1 in 200 run5.ndpi,Annotation (germinal_center),0.0634
KI67 1 in 200 run5.ndpi,Annotation (germinal_center),0.0695
KI67 1 in 200 run5.ndpi,Annotation (germinal_center),0.0315
KI67 1 in 200 run5.ndpi,Annotation (germinal_center),0.0436
KI67 1 in 200 run5.ndpi,Annotation (germinal_center),0.0354
KI67 1 in 200 run5.ndpi,Annotation (germinal_center),0.0361
KI67 1 in 200 run5.ndpi,Annotation (germinal_center),0.0368
KI67 1 in 200 run5.ndpi,Annotation (germinal_center),0.0862
KI67 1 in 200 run5.ndpi,Annotation (germinal_center),0.0554
KI67 1 in 200 run5.ndpi,Annotation (germinal_center),0.0605
KI67 1 in 200 run5.ndpi,Annotation (germinal_center),0.0319
KI67 1 in 200 run5.ndpi,Annotation (germinal_center),0.0413
KI67 1 in 200 run5.ndpi,Annotation (germinal_center),0.047
KI67 1 in 200 run5.ndpi,Annotation (germinal_center),0.0643
KI67 1 in 200 run5.ndpi,Annotation (germinal_center),0.0576
KI67 1 in 200 run5.ndpi,Annotation (germinal_center),0.0695
KI67 1 in 200 run5.ndpi,Annotation (germinal_center),0.0397
KI67 1 in 200 run5.ndpi,Annotation (germinal_center),0.041
KI67 1 in 200 run5.ndpi,Annotation (germinal_center),0.1702
KI67 1 in 200 run5.ndpi,Annotation (germinal_center),0.0409
KI67 1 in 200 run5.ndpi,Annotation (germinal_center),0.0656
KI67 1 in 200 run5.ndpi,Annotation (germinal_center),0.0265
KI67 1 in 200 run5.ndpi,Annotation (germinal_center),0.0331
KI67 1 in 200 run5.ndpi,Annotation (germinal_center),0.0433
KI67 1 in 200 run5.ndpi,Annotation (germinal_center),0.0376
KI67 1 in 200 run5.ndpi,Annotation (germinal_center),0.0365
KI67 1 in 200 run5.ndpi,Annotation (germinal_center),0.042
KI67 1 in 200 run5.ndpi,Annotation (germinal_center),0.0592
KI67 1 in 200 run5.ndpi,Annotation (germinal_center),0.0448
KI67 1 in 200 run5.ndpi,Annotation (germinal_center),0.0382
KI67 1 in 200 run5.ndpi,Annotation (germinal_center),0.0565
KI67 1 in 200 run5.ndpi,Annotation (germinal_center),0.0609
KI67 1 in 200 run5.ndpi,Annotation (germinal_center),0.088
KI67 1 in 200 run5.ndpi,Annotation (germinal_center),
KI67 1 in 200 run5.ndpi,Annotation (germinal_center),0.0693
KI67 1 in 200 run5.ndpi,Annotation (germinal_center),0.0426
KI67 1 in 200 run5.ndpi,Annotation (germinal_center),0.0556
KI67 1 in 200 run5.ndpi,Annotation (germinal_center),0.0717
KI67 1 in 200 run5.ndpi,Annotation (germinal_center),0.0615
KI67 1 in 200 run5.ndpi,Annotation (germinal_center),0.0477
KI67 1 in 200 run5.ndpi,Annotation (germinal_center),0.102
KI67 1 in 200 run5.ndpi,Annotation (germinal_center),0.0533
KI67 1 in 200 run5.ndpi,Annotation (germinal_center),0.0296
KI67 1 in 200 run5.ndpi,Annotation (germinal_center),0.0304
KI67 1 in 200 run5.ndpi,Annotation (germinal_center),0.0539
KI67 1 in 200 run5.ndpi,Annotation (germinal_center),0.0273
KI67 1 in 200 run5.ndpi,Annotation (germinal_center),0.0551
KI67 1 in 200 run5.ndpi,Annotation (germinal_center),0.0746
KI67 1 in 200 run5.ndpi,Annotation (germinal_center),0.053
KI67 1 in 200 run5.ndpi,Annotation (germinal_center),0.0363
KI67 1 in 200 run5.ndpi,Annotation (germinal_center),0.0602
KI67 1 in 200 run5.ndpi,Annotation (germinal_center),0.037
KI67 1 in 200 run5.ndpi,Annotation (germinal_center),
KI67 1 in 200 run5.ndpi,Annotation (germinal_center),0.2397
KI67 1 in 200 run5.ndpi,Annotation (germinal_center),
KI67 1 in 200 run5.ndpi,Annotation (germinal_center),0.0592
KI67 1 in 200 run5.ndpi,Annotation (germinal_center),0.0657
KI67 1 in 200 run5.ndpi,Annotation (germinal_center),0.094
KI67 1 in 200 run5.ndpi,Annotation (germinal_center),0.0629
KI67 1 in 200 run5.ndpi,Annotation (germinal_center),0.0585
KI67 1 in 200 run5.ndpi,Annotation (germinal_center),0.0703
KI67 1 in 200 run5.ndpi,Annotation (germinal_center),0.077
KI67 1 in 200 run5.ndpi,Annotation (germinal_center),
KI67 1 in 200 run5.ndpi,Annotation (germinal_center),0.0578
KI67 1 in 200 run5.ndpi,Annotation (germinal_center),0.0635
KI67 1 in 200 run5.ndpi,Annotation (germinal_center),0.055
KI67 1 in 200 run5.ndpi,Annotation (germinal_center),0.0681
KI67 1 in 200 run5.ndpi,Annotation (germinal_center),0.074
KI67 1 in 200 run5.ndpi,Annotation (germinal_center),0.0575
KI67 1 in 200 run5.ndpi,Annotation (germinal_center),0.0689
KI67 1 in 200 run5.ndpi,Annotation (germinal_center),0.0437
KI67 1 in 200 run5.ndpi,Annotation (germinal_center),0.0692
KI67 1 in 200 run5.ndpi,Annotation (germinal_center),0.0417
KI67 1 in 200 run5.ndpi,Annotation (germinal_center),0.0724
KI67 1 in 200 run5.ndpi,Annotation (germinal_center),0.0573
KI67 1 in 200 run5.ndpi,Annotation (germinal_center),0.0539
KI67 1 in 200 run5.ndpi,Annotation (germinal_center),0.0598
KI67 1 in 200 run5.ndpi,Annotation (germinal_center),0.0521
KI67 1 in 200 run5.ndpi,Annotation (germinal_center),0.0456
KI67 1 in 200 run5.ndpi,Annotation (germinal_center),0.0779
KI67 1 in 200 run5.ndpi,Annotation (germinal_center),0.0399
KI67 1 in 200 run5.ndpi,Annotation (germinal_center),0.0662
KI67 1 in 200 run5.ndpi,Annotation (germinal_center),0.0652
KI67 1 in 200 run5.ndpi,Annotation (germinal_center),0.0795
KI67 1 in 200 run5.ndpi,Annotation (germinal_center),0.0719
KI67 1 in 200 run5.ndpi,Annotation (germinal_center),0.0759
KI67 1 in 200 run5.ndpi,Annotation (germinal_center),0.0614
KI67 1 in 200 run5.ndpi,Annotation (germinal_center),0.0605
KI67 1 in 200 run5.ndpi,Annotation (germinal_center),
KI67 1 in 200 run5.ndpi,Annotation (germinal_center),0.0516
KI67 1 in 200 run5.ndpi,Annotation (germinal_center),0.0705
KI67 1 in 200 run5.ndpi,Annotation (germinal_center),0.0423
KI67 1 in 200 run5.ndpi,Annotation (germinal_center),0.0597
KI67 1 in 200 run5.ndpi,Annotation (germinal_center),0.0539
KI67 1 in 200 run5.ndpi,Annotation (germinal_center),0.0509
KI67 1 in 200 run5.ndpi,Annotation (germinal_center),0.0517
KI67 1 in 200 run5.ndpi,Annotation (germinal_center),0.0602
KI67 1 in 200 run5.ndpi,Annotation (germinal_center),0.0655
KI67 1 in 200 run5.ndpi,Annotation (germinal_center),0.0594
KI67 1 in 200 run5.ndpi,Annotation (germinal_center),0.0534
KI67 1 in 200 run5.ndpi,Annotation (germinal_center),0.0587
KI67 1 in 200 run5.ndpi,Annotation (germinal_center),0.0477
KI67 1 in 200 run5.ndpi,Annotation (germinal_center),0.0678
KI67 1 in 200 run5.ndpi,Annotation (germinal_center),0.044
KI67 1 in 200 run5.ndpi,Annotation (germinal_center),0.0665
KI67 1 in 200 run5.ndpi,Annotation (germinal_center),0.0668
KI67 1 in 200 run5.ndpi,Annotation (germinal_center),0.0684
KI67 1 in 200 run5.ndpi,Annotation (germinal_center),0.044
KI67 1 in 200 run5.ndpi,Annotation (germinal_center),0.0615
KI67 1 in 200 run5.ndpi,Annotation (germinal_center),0.061
KI67 1 in 200 run5.ndpi,Annotation (germinal_center),0.0336
KI67 1 in 200 run5.ndpi,Annotation (germinal_center),0.0502
KI67 1 in 200 run5.ndpi,Annotation (germinal_center),0.0672
KI67 1 in 200 run5.ndpi,Annotation (germinal_center),0.0564
KI67 1 in 200 run5.ndpi,Annotation (germinal_center),0.0495
KI67 1 in 200 run5.ndpi,Annotation (germinal_center),0.0636
KI67 1 in 200 run5.ndpi,Annotation (germinal_center),0.0559
KI67 1 in 200 run5.ndpi,Annotation (germinal_center),0.0793
KI67 1 in 200 run5.ndpi,Annotation (germinal_center),0.0551
KI67 1 in 200 run5.ndpi,Annotation (germinal_center),0.0643
KI67 1 in 200 run5.ndpi,Annotation (germinal_center),0.0703
KI67 1 in 200 run5.ndpi,Annotation (germinal_center),0.0534
KI67 1 in 200 run5.ndpi,Annotation (germinal_center),0.0571
KI67 1 in 200 run5.ndpi,Annotation (germinal_center),0.0452
KI67 1 in 200 run5.ndpi,Annotation (germinal_center),0.0544
KI67 1 in 200 run5.ndpi,Annotation (germinal_center),0.103
KI67 1 in 200 run5.ndpi,Annotation (germinal_center),0.0522
KI67 1 in 200 run5.ndpi,Annotation (germinal_center),0.1975
KI67 1 in 200 run5.ndpi,Annotation (germinal_center),0.0439
KI67 1 in 200 run5.ndpi,Annotation (germinal_center),0.0516
KI67 1 in 200 run5.ndpi,Annotation (germinal_center),0.0433
KI67 1 in 200 run5.ndpi,Annotation (germinal_center),0.0647
KI67 1 in 200 run5.ndpi,Annotation (germinal_center),0.0618
KI67 1 in 200 run5.ndpi,Annotation (germinal_center),0.0571
KI67 1 in 200 run5.ndpi,Annotation (germinal_center),0.0625
KI67 1 in 200 run5.ndpi,Annotation (germinal_center),0.057
KI67 1 in 200 run5.ndpi,Annotation (germinal_center),0.0491
KI67 1 in 200 run5.ndpi,Annotation (germinal_center),0.0608
KI67 1 in 200 run5.ndpi,Annotation (germinal_center),0.0613
KI67 1 in 200 run5.ndpi,Annotation (germinal_center),0.048
KI67 1 in 200 run5.ndpi,Annotation (germinal_center),0.0397
KI67 1 in 200 run5.ndpi,Annotation (germinal_center),0.0546
KI67 1 in 200 run5.ndpi,Annotation (germinal_center),0.0604
KI67 1 in 200 run5.ndpi,Annotation (germinal_center),0.0786
KI67 1 in 200 run5.ndpi,Annotation (germinal_center),0.0561
KI67 1 in 200 run5.ndpi,Annotation (germinal_center),0.0654
KI67 1 in 200 run5.ndpi,Annotation (germinal_center),0.0627
KI67 1 in 200 run5.ndpi,Annotation (germinal_center),0.0588
KI67 1 in 200 run5.ndpi,Annotation (germinal_center),0.0675
KI67 1 in 200 run5.ndpi,Annotation (germinal_center),0.0502
KI67 1 in 200 run5.ndpi,Annotation (germinal_center),0.0509
KI67 1 in 200 run5.ndpi,Annotation (germinal_center),0.0262
KI67 1 in 200 run5.ndpi,Annotation (germinal_center),0.0594
KI67 1 in 200 run5.ndpi,Annotation (germinal_center),0.0545
KI67 1 in 200 run5.ndpi,Annotation (germinal_center),0.0781
KI67 1 in 200 run5.ndpi,Annotation (germinal_center),0.0571
KI67 1 in 200 run5.ndpi,Annotation (germinal_center),0.0545
KI67 1 in 200 run5.ndpi,Annotation (germinal_center),0.0346
KI67 1 in 200 run5.ndpi,Annotation (germinal_center),0.0445
KI67 1 in 200 run5.ndpi,Annotation (germinal_center),0.046
KI67 1 in 200 run5.ndpi,Annotation (germinal_center),0.0494
KI67 1 in 200 run5.ndpi,Annotation (germinal_center),0.0596
KI67 1 in 200 run5.ndpi,Annotation (germinal_center),0.0626
KI67 1 in 200 run5.ndpi,Annotation (germinal_center),0.0569
KI67 1 in 200 run5.ndpi,Annotation (germinal_center),0.0636
KI67 1 in 200 run5.ndpi,Annotation (germinal_center),0.0554
KI67 1 in 200 run5.ndpi,Annotation (germinal_center),0.0645
KI67 1 in 200 run5.ndpi,Annotation (germinal_center),0.0501
KI67 1 in 200 run5.ndpi,Annotation (germinal_center),0.0495
KI67 1 in 200 run5.ndpi,Annotation (germinal_center),0.0723
KI67 1 in 200 run5.ndpi,Annotation (germinal_center),0.0453
KI67 1 in 200 run5.ndpi,Annotation (germinal_center),0.0466
KI67 1 in 200 run5.ndpi,Annotation (germinal_center),0.0272
KI67 1 in 200 run5.ndpi,Annotation (germinal_center),0.0567
KI67 1 in 200 run5.ndpi,Annotation (germinal_center),0.0797
KI67 1 in 200 run5.ndpi,Annotation (germinal_center),0.0423
KI67 1 in 200 run5.ndpi,Annotation (germinal_center),0.0378
KI67 1 in 200 run5.ndpi,Annotation (germinal_center),0.0451
KI67 1 in 200 run5.ndpi,Annotation (germinal_center),0.0577
KI67 1 in 200 run5.ndpi,Annotation (germinal_center),0.0593
KI67 1 in 200 run5.ndpi,Annotation (germinal_center),0.0621
KI67 1 in 200 run5.ndpi,Annotation (germinal_center),0.0945
KI67 1 in 200 run5.ndpi,Annotation (germinal_center),0.0466
KI67 1 in 200 run5.ndpi,Annotation (germinal_center),0.057
KI67 1 in 200 run5.ndpi,Annotation (germinal_center),0.047
KI67 1 in 200 run5.ndpi,Annotation (germinal_center),0.0685
KI67 1 in 200 run5.ndpi,Annotation (germinal_center),0.0589
KI67 1 in 200 run5.ndpi,Annotation (germinal_center),0.0417
KI67 1 in 200 run5.ndpi,Annotation (germinal_center),0.0635
KI67 1 in 200 run5.ndpi,Annotation (germinal_center),0.0256
KI67 1 in 200 run5.ndpi,Annotation (germinal_center),0.0665
KI67 1 in 200 run5.ndpi,Annotation (germinal_center),0.0469
KI67 1 in 200 run5.ndpi,Annotation (germinal_center),0.0517
KI67 1 in 200 run5.ndpi,Annotation (germinal_center),0.0566
KI67 1 in 200 run5.ndpi,Annotation (germinal_center),0.0596
KI67 1 in 200 run5.ndpi,Annotation (germinal_center),0.0602
KI67 1 in 200 run5.ndpi,Annotation (germinal_center),0.3086
KI67 1 in 200 run5.ndpi,Annotation (germinal_center),0.0587
KI67 1 in 200 run5.ndpi,Annotation (germinal_center),0.0492
KI67 1 in 200 run5.ndpi,Annotation (germinal_center),0.0424
KI67 1 in 200 run5.ndpi,Annotation (germinal_center),0.06
KI67 1 in 200 run5.ndpi,Annotation (germinal_center),0.0659
KI67 1 in 200 run5.ndpi,Annotation (germinal_center),0.0601
KI67 1 in 200 run5.ndpi,Annotation (germinal_center),0.0409
KI67 1 in 200 run5.ndpi,Annotation (germinal_center),0.0646
KI67 1 in 200 run5.ndpi,Annotation (germinal_center),0.0525
KI67 1 in 200 run5.ndpi,Annotation (germinal_center),0.0562
KI67 1 in 200 run5.ndpi,Annotation (germinal_center),0.0533
KI67 1 in 200 run5.ndpi,Annotation (germinal_center),0.0891
KI67 1 in 200 run5.ndpi,Annotation (germinal_center),0.1251
KI67 1 in 200 run5.ndpi,Annotation (germinal_center),0.0634
KI67 1 in 200 run5.ndpi,Annotation (germinal_center),0.047
KI67 1 in 200 run5.ndpi,Annotation (germinal_center),0.0661
KI67 1 in 200 run5.ndpi,Annotation (germinal_center),0.0529
KI67 1 in 200 run5.ndpi,Annotation (germinal_center),0.0582
KI67 1 in 200 run5.ndpi,Annotation (germinal_center),0.0632
KI67 1 in 200 run5.ndpi,Annotation (germinal_center),0.1358
KI67 1 in 200 run5.ndpi,Annotation (germinal_center),0.0541
KI67 1 in 200 run5.ndpi,Annotation (germinal_center),0.0311
KI67 1 in 200 run5.ndpi,Annotation (germinal_center),0.0492
KI67 1 in 200 run5.ndpi,Annotation (germinal_center),0.0508
KI67 1 in 200 run5.ndpi,Annotation (germinal_center),0.0418
KI67 1 in 200 run5.ndpi,Annotation (germinal_center),0.0597
KI67 1 in 200 run5.ndpi,Annotation (germinal_center),0.0561
KI67 1 in 200 run5.ndpi,Annotation (germinal_center),0.0502
KI67 1 in 200 run5.ndpi,Annotation (germinal_center),0.0287
KI67 1 in 200 run5.ndpi,Annotation (germinal_center),0.0476
KI67 1 in 200 run5.ndpi,Annotation (germinal_center),0.0749
KI67 1 in 200 run5.ndpi,Annotation (germinal_center),0.0626
KI67 1 in 200 run5.ndpi,Annotation (germinal_center),0.0557
KI67 1 in 200 run5.ndpi,Annotation (germinal_center),0.0537
KI67 1 in 200 run5.ndpi,Annotation (germinal_center),0.0548
KI67 1 in 200 run5.ndpi,Annotation (germinal_center),0.0602
KI67 1 in 200 run5.ndpi,Annotation (germinal_center),0.046
KI67 1 in 200 run5.ndpi,Annotation (germinal_center),0.0527
KI67 1 in 200 run5.ndpi,Annotation (germinal_center),0.0461
KI67 1 in 200 run5.ndpi,Annotation (germinal_center),0.0506
KI67 1 in 200 run5.ndpi,Annotation (germinal_center),0.0497
KI67 1 in 200 run5.ndpi,Annotation (germinal_center),0.0523
KI67 1 in 200 run5.ndpi,Annotation (germinal_center),0.0541
KI67 1 in 200 run5.ndpi,Annotation (germinal_center),0.05
KI67 1 in 200 run5.ndpi,Annotation (germinal_center),0.0627
KI67 1 in 200 run5.ndpi,Annotation (germinal_center),0.0596
KI67 1 in 200 run5.ndpi,Annotation (germinal_center),0.0578
KI67 1 in 200 run5.ndpi,Annotation (germinal_center),0.0522
KI67 1 in 200 run5.ndpi,Annotation (germinal_center),0.0582
KI67 1 in 200 run5.ndpi,Annotation (germinal_center),0.0621
KI67 1 in 200 run5.ndpi,Annotation (germinal_center),0.0581
KI67 1 in 200 run5.ndpi,Annotation (germinal_center),0.0528
KI67 1 in 200 run5.ndpi,Annotation (germinal_center),0.051
KI67 1 in 200 run5.ndpi,Annotation (germinal_center),0.0519
KI67 1 in 200 run5.ndpi,Annotation (germinal_center),0.0495
KI67 1 in 200 run5.ndpi,Annotation (germinal_center),0.0575
KI67 1 in 200 run5.ndpi,Annotation (germinal_center),0.0612
KI67 1 in 200 run5.ndpi,Annotation (germinal_center),0.0771
KI67 1 in 200 run5.ndpi,Annotation (germinal_center),0.0704
KI67 1 in 200 run5.ndpi,Annotation (germinal_center),0.0383
KI67 1 in 200 run5.ndpi,Annotation (germinal_center),0.0671
KI67 1 in 200 run5.ndpi,Annotation (germinal_center),0.0558
KI67 1 in 200 run5.ndpi,Annotation (germinal_center),0.0484
KI67 1 in 200 run5.ndpi,Annotation (germinal_center),0.0604
KI67 1 in 200 run5.ndpi,Annotation (germinal_center),0.069
KI67 1 in 200 run5.ndpi,Annotation (germinal_center),0.063
KI67 1 in 200 run5.ndpi,Annotation (germinal_center),0.0727
KI67 1 in 200 run5.ndpi,Annotation (germinal_center),0.0493
KI67 1 in 200 run5.ndpi,Annotation (germinal_center),0.0432
KI67 1 in 200 run5.ndpi,Annotation (germinal_center),0.0512
KI67 1 in 200 run5.ndpi,Annotation (germinal_center),0.0318
KI67 1 in 200 run5.ndpi,Annotation (germinal_center),0.0687
KI67 1 in 200 run5.ndpi,Annotation (germinal_center),0.0262
KI67 1 in 200 run5.ndpi,Annotation (germinal_center),0.052
KI67 1 in 200 run5.ndpi,Annotation (germinal_center),0.0549
KI67 1 in 200 run5.ndpi,Annotation (germinal_center),0.0493
KI67 1 in 200 run5.ndpi,Annotation (germinal_center),0.0601
KI67 1 in 200 run5.ndpi,Annotation (germinal_center),0.0479
KI67 1 in 200 run5.ndpi,Annotation (germinal_center),0.0601
KI67 1 in 200 run5.ndpi,Annotation (germinal_center),0.0501
KI67 1 in 200 run5.ndpi,Annotation (germinal_center),0.034
KI67 1 in 200 run5.ndpi,Annotation (germinal_center),0.0839
KI67 1 in 200 run5.ndpi,Annotation (germinal_center),0.05
KI67 1 in 200 run5.ndpi,Annotation (germinal_center),0.0527
KI67 1 in 200 run5.ndpi,Annotation (germinal_center),0.0635
KI67 1 in 200 run5.ndpi,Annotation (germinal_center),0.0504
KI67 1 in 200 run5.ndpi,Annotation (germinal_center),0.0467
KI67 1 in 200 run5.ndpi,Annotation (germinal_center),0.0548
KI67 1 in 200 run5.ndpi,Annotation (germinal_center),0.0589
KI67 1 in 200 run5.ndpi,Annotation (germinal_center),0.058
KI67 1 in 200 run5.ndpi,Annotation (germinal_center),0.0836
KI67 1 in 200 run5.ndpi,Annotation (germinal_center),0.0349
KI67 1 in 200 run5.ndpi,Annotation (germinal_center),0.05
KI67 1 in 200 run5.ndpi,Annotation (germinal_center),0.0587
KI67 1 in 200 run5.ndpi,Annotation (germinal_center),0.0566
KI67 1 in 200 run5.ndpi,Annotation (germinal_center),0.0636
KI67 1 in 200 run5.ndpi,Annotation (germinal_center),0.0341
KI67 1 in 200 run5.ndpi,Annotation (germinal_center),0.0527
KI67 1 in 200 run5.ndpi,Annotation (germinal_center),0.0536
KI67 1 in 200 run5.ndpi,Annotation (germinal_center),0.0457
KI67 1 in 200 run5.ndpi,Annotation (germinal_center),0.055
KI67 1 in 200 run5.ndpi,Annotation (germinal_center),0.0245
KI67 1 in 200 run5.ndpi,Annotation (germinal_center),0.0638
KI67 1 in 200 run5.ndpi,Annotation (germinal_center),0.0386
KI67 1 in 200 run5.ndpi,Annotation (germinal_center),0.0634
KI67 1 in 200 run5.ndpi,Annotation (germinal_center),0.0722
KI67 1 in 200 run5.ndpi,Annotation (germinal_center),0.0516
KI67 1 in 200 run5.ndpi,Annotation (germinal_center),0.0592
KI67 1 in 200 run5.ndpi,Annotation (germinal_center),0.0609
KI67 1 in 200 run5.ndpi,Annotation (germinal_center),0.0475
KI67 1 in 200 run5.ndpi,Annotation (germinal_center),0.0396
KI67 1 in 200 run5.ndpi,Annotation (germinal_center),0.0518
KI67 1 in 200 run5.ndpi,Annotation (germinal_center),0.0737
KI67 1 in 200 run5.ndpi,Annotation (germinal_center),0.0491
KI67 1 in 200 run5.ndpi,Annotation (germinal_center),0.0256
KI67 1 in 200 run5.ndpi,Annotation (germinal_center),0.0527
KI67 1 in 200 run5.ndpi,Annotation (germinal_center),0.0481
KI67 1 in 200 run5.ndpi,Annotation (germinal_center),0.0568
KI67 1 in 200 run5.ndpi,Annotation (germinal_center),0.0561
KI67 1 in 200 run5.ndpi,Annotation (germinal_center),0.0407
KI67 1 in 200 run5.ndpi,Annotation (germinal_center),0.0572
KI67 1 in 200 run5.ndpi,Annotation (germinal_center),0.0584
KI67 1 in 200 run5.ndpi,Annotation (germinal_center),0.0584
KI67 1 in 200 run5.ndpi,Annotation (germinal_center),0.02
KI67 1 in 200 run5.ndpi,Annotation (germinal_center),0.044
KI67 1 in 200 run5.ndpi,Annotation (germinal_center),0.0852
KI67 1 in 200 run5.ndpi,Annotation (germinal_center),0.0882
KI67 1 in 200 run5.ndpi,Annotation (germinal_center),0.0454
KI67 1 in 200 run5.ndpi,Annotation (germinal_center),0.0459
KI67 1 in 200 run5.ndpi,Annotation (germinal_center),0.0544
KI67 1 in 200 run5.ndpi,Annotation (germinal_center),0.0595
KI67 1 in 200 run5.ndpi,Annotation (germinal_center),0.0605
KI67 1 in 200 run5.ndpi,Annotation (germinal_center),0.0552
KI67 1 in 200 run5.ndpi,Annotation (germinal_center),0.0422
KI67 1 in 200 run5.ndpi,Annotation (germinal_center),0.0496
KI67 1 in 200 run5.ndpi,Annotation (germinal_center),0.0654
KI67 1 in 200 run5.ndpi,Annotation (germinal_center),0.0609
KI67 1 in 200 run5.ndpi,Annotation (germinal_center),0.0507
KI67 1 in 200 run5.ndpi,Annotation (germinal_center),0.0516
KI67 1 in 200 run5.ndpi,Annotation (germinal_center),0.0584
KI67 1 in 200 run5.ndpi,Annotation (germinal_center),0.0421
KI67 1 in 200 run5.ndpi,Annotation (germinal_center),0.0548
KI67 1 in 200 run5.ndpi,Annotation (germinal_center),0.0336
KI67 1 in 200 run5.ndpi,Annotation (germinal_center),0.0673
KI67 1 in 200 run5.ndpi,Annotation (germinal_center),0.0545
KI67 1 in 200 run5.ndpi,Annotation (germinal_center),0.0409
KI67 1 in 200 run5.ndpi,Annotation (germinal_center),0.0486
KI67 1 in 200 run5.ndpi,Annotation (germinal_center),0.0644
KI67 1 in 200 run5.ndpi,Annotation (germinal_center),0.034
KI67 1 in 200 run5.ndpi,Annotation (germinal_center),0.0309
KI67 1 in 200 run5.ndpi,Annotation (germinal_center),0.0361
KI67 1 in 200 run5.ndpi,Annotation (germinal_center),0.0608
KI67 1 in 200 run5.ndpi,Annotation (germinal_center),0.036
KI67 1 in 200 run5.ndpi,Annotation (germinal_center),0.0515
KI67 1 in 200 run5.ndpi,Annotation (germinal_center),0.0601
KI67 1 in 200 run5.ndpi,Annotation (germinal_center),0.0473
KI67 1 in 200 run5.ndpi,Annotation (germinal_center),0.0456
KI67 1 in 200 run5.ndpi,Annotation (germinal_center),0.0445
KI67 1 in 200 run5.ndpi,Annotation (germinal_center),0.0598
KI67 1 in 200 run5.ndpi,Annotation (germinal_center),0.0393
KI67 1 in 200 run5.ndpi,Annotation (germinal_center),0.0531
KI67 1 in 200 run5.ndpi,Annotation (germinal_center),0.0625
KI67 1 in 200 run5.ndpi,Annotation (germinal_center),0.0562
KI67 1 in 200 run5.ndpi,Annotation (germinal_center),0.0367
KI67 1 in 200 run5.ndpi,Annotation (germinal_center),0.0779
KI67 1 in 200 run5.ndpi,Annotation (germinal_center),0.0486
KI67 1 in 200 run5.ndpi,Annotation (germinal_center),0.0766
KI67 1 in 200 run5.ndpi,Annotation (germinal_center),0.0421
KI67 1 in 200 run5.ndpi,Annotation (germinal_center),0.0663
KI67 1 in 200 run5.ndpi,Annotation (germinal_center),0.063
KI67 1 in 200 run5.ndpi,Annotation (germinal_center),0.0704
KI67 1 in 200 run5.ndpi,Annotation (germinal_center),0.0464
KI67 1 in 200 run5.ndpi,Annotation (germinal_center),0.0573
KI67 1 in 200 run5.ndpi,Annotation (germinal_center),0.071
KI67 1 in 200 run5.ndpi,Annotation (germinal_center),0.0654
KI67 1 in 200 run5.ndpi,Annotation (germinal_center),0.0621
KI67 1 in 200 run5.ndpi,Annotation (germinal_center),0.0489
KI67 1 in 200 run5.ndpi,Annotation (germinal_center),0.0591
KI67 1 in 200 run5.ndpi,Annotation (germinal_center),0.0628
KI67 1 in 200 run5.ndpi,Annotation (germinal_center),0.0513
KI67 1 in 200 run5.ndpi,Annotation (germinal_center),0.0532
KI67 1 in 200 run5.ndpi,Annotation (germinal_center),0.0563
KI67 1 in 200 run5.ndpi,Annotation (germinal_center),0.0635
KI67 1 in 200 run5.ndpi,Annotation (germinal_center),0.0443
KI67 1 in 200 run5.ndpi,Annotation (germinal_center),0.0723
KI67 1 in 200 run5.ndpi,Annotation (germinal_center),0.0768
KI67 1 in 200 run5.ndpi,Annotation (germinal_center),0.07
KI67 1 in 200 run5.ndpi,Annotation (germinal_center),0.0654
KI67 1 in 200 run5.ndpi,Annotation (germinal_center),0.0651
KI67 1 in 200 run5.ndpi,Annotation (germinal_center),0.0354
KI67 1 in 200 run5.ndpi,Annotation (germinal_center),0.0554
KI67 1 in 200 run5.ndpi,Annotation (germinal_center),0.0902
KI67 1 in 200 run5.ndpi,Annotation (germinal_center),0.0602
KI67 1 in 200 run5.ndpi,Annotation (germinal_center),0.0618
KI67 1 in 200 run5.ndpi,Annotation (germinal_center),0.0622
KI67 1 in 200 run5.ndpi,Annotation (germinal_center),0.039
KI67 1 in 200 run5.ndpi,Annotation (germinal_center),0.0457
KI67 1 in 200 run5.ndpi,Annotation (germinal_center),0.0585
KI67 1 in 200 run5.ndpi,Annotation (germinal_center),0.069
KI67 1 in 200 run5.ndpi,Annotation (germinal_center),0.0469
KI67 1 in 200 run5.ndpi,Annotation (germinal_center),0.0744
KI67 1 in 200 run5.ndpi,Annotation (germinal_center),0.0738
KI67 1 in 200 run5.ndpi,Annotation (germinal_center),0.0723
KI67 1 in 200 run5.ndpi,Annotation (germinal_center),0.0527
KI67 1 in 200 run5.ndpi,Annotation (germinal_center),0.0739
KI67 1 in 200 run5.ndpi,Annotation (germinal_center),0.0522
KI67 1 in 200 run5.ndpi,Annotation (germinal_center),0.0649
KI67 1 in 200 run5.ndpi,Annotation (germinal_center),0.0682
KI67 1 in 200 run5.ndpi,Annotation (germinal_center),0.0653
KI67 1 in 200 run5.ndpi,Annotation (germinal_center),0.0361
KI67 1 in 200 run5.ndpi,Annotation (germinal_center),0.0608
KI67 1 in 200 run5.ndpi,Annotation (germinal_center),0.0592
KI67 1 in 200 run5.ndpi,Annotation (germinal_center),0.0775
KI67 1 in 200 run5.ndpi,Annotation (germinal_center),0.0466
KI67 1 in 200 run5.ndpi,Annotation (germinal_center),0.0684
KI67 1 in 200 run5.ndpi,Annotation (germinal_center),0.0714
KI67 1 in 200 run5.ndpi,Annotation (germinal_center),0.0472
KI67 1 in 200 run5.ndpi,Annotation (germinal_center),0.0349
KI67 1 in 200 run5.ndpi,Annotation (germinal_center),0.059
KI67 1 in 200 run5.ndpi,Annotation (germinal_center),0.0677
KI67 1 in 200 run5.ndpi,Annotation (germinal_center),0.0682
KI67 1 in 200 run5.ndpi,Annotation (germinal_center),0.0325
KI67 1 in 200 run5.ndpi,Annotation (germinal_center),0.0558
KI67 1 in 200 run5.ndpi,Annotation (germinal_center),0.0381
KI67 1 in 200 run5.ndpi,Annotation (germinal_center),0.0651
KI67 1 in 200 run5.ndpi,Annotation (germinal_center),0.0512
KI67 1 in 200 run5.ndpi,Annotation (germinal_center),0.046
KI67 1 in 200 run5.ndpi,Annotation (germinal_center),0.0422
KI67 1 in 200 run5.ndpi,Annotation (germinal_center),0.0572
KI67 1 in 200 run5.ndpi,Annotation (germinal_center),0.0295
KI67 1 in 200 run5.ndpi,Annotation (germinal_center),0.0498
KI67 1 in 200 run5.ndpi,Annotation (germinal_center),0.0577
KI67 1 in 200 run5.ndpi,Annotation (germinal_center),0.0906
KI67 1 in 200 run5.ndpi,Annotation (germinal_center),
KI67 1 in 200 run5.ndpi,Annotation (germinal_center),0.0541
KI67 1 in 200 run5.ndpi,Annotation (germinal_center),0.0585
KI67 1 in 200 run5.ndpi,Annotation (germinal_center),0.0488
KI67 1 in 200 run5.ndpi,Annotation (germinal_center),0.0446
KI67 1 in 200 run5.ndpi,Annotation (germinal_center),0.0787
KI67 1 in 200 run5.ndpi,Annotation (germinal_center),0.0743
KI67 1 in 200 run5.ndpi,Annotation (germinal_center),0.0294
KI67 1 in 200 run5.ndpi,Annotation (germinal_center),0.0862
KI67 1 in 200 run5.ndpi,Annotation (germinal_center),0.0602
KI67 1 in 200 run5.ndpi,Annotation (germinal_center),0.038
KI67 1 in 200 run5.ndpi,Annotation (germinal_center),0.0629
KI67 1 in 200 run5.ndpi,Annotation (germinal_center),0.0758
KI67 1 in 200 run5.ndpi,Annotation (germinal_center),0.0666
KI67 1 in 200 run5.ndpi,Annotation (germinal_center),0.0577
KI67 1 in 200 run5.ndpi,Annotation (germinal_center),0.0624
KI67 1 in 200 run5.ndpi,Annotation (germinal_center),0.0388
KI67 1 in 200 run5.ndpi,Annotation (germinal_center),0.0661
KI67 1 in 200 run5.ndpi,Annotation (germinal_center),0.031
KI67 1 in 200 run5.ndpi,Annotation (germinal_center),0.0369
KI67 1 in 200 run5.ndpi,Annotation (germinal_center),0.0617
KI67 1 in 200 run5.ndpi,Annotation (germinal_center),0.0682
KI67 1 in 200 run5.ndpi,Annotation (germinal_center),0.0569
KI67 1 in 200 run5.ndpi,Annotation (germinal_center),0.0759
KI67 1 in 200 run5.ndpi,Annotation (germinal_center),0.0418
KI67 1 in 200 run5.ndpi,Annotation (germinal_center),0.0342
KI67 1 in 200 run5.ndpi,Annotation (germinal_center),0.0172
KI67 1 in 200 run5.ndpi,Annotation (germinal_center),0.0985
KI67 1 in 200 run5.ndpi,Annotation (germinal_center),0.0791
KI67 1 in 200 run5.ndpi,Annotation (germinal_center),0.0933
KI67 1 in 200 run5.ndpi,Annotation (germinal_center),0.0809
KI67 1 in 200 run5.ndpi,Annotation (germinal_center),0.0664
KI67 1 in 200 run5.ndpi,Annotation (germinal_center),0.0569
KI67 1 in 200 run5.ndpi,Annotation (germinal_center),0.0617
KI67 1 in 200 run5.ndpi,Annotation (germinal_center),0.0675
KI67 1 in 200 run5.ndpi,Annotation (germinal_center),0.0868
KI67 1 in 200 run5.ndpi,Annotation (germinal_center),0.0579
KI67 1 in 200 run5.ndpi,Annotation (germinal_center),0.1021
KI67 1 in 200 run5.ndpi,Annotation (germinal_center),0.0422
KI67 1 in 200 run5.ndpi,Annotation (germinal_center),0.0691
KI67 1 in 200 run5.ndpi,Annotation (germinal_center),0.0716
KI67 1 in 200 run5.ndpi,Annotation (germinal_center),0.0786
KI67 1 in 200 run5.ndpi,Annotation (germinal_center),0.0428
KI67 1 in 200 run5.ndpi,Annotation (germinal_center),0.0557
KI67 1 in 200 run5.ndpi,Annotation (germinal_center),0.0894
KI67 1 in 200 run5.ndpi,Annotation (germinal_center),0.0743
KI67 1 in 200 run5.ndpi,Annotation (germinal_center),0.0567
KI67 1 in 200 run5.ndpi,Annotation (germinal_center),0.0663
KI67 1 in 200 run5.ndpi,Annotation (germinal_center),0.0593
KI67 1 in 200 run5.ndpi,Annotation (germinal_center),0.0443
KI67 1 in 200 run5.ndpi,Annotation (germinal_center),0.0632
KI67 1 in 200 run5.ndpi,Annotation (germinal_center),0.0799
KI67 1 in 200 run5.ndpi,Annotation (germinal_center),0.0683
KI67 1 in 200 run5.ndpi,Annotation (germinal_center),0.0783
KI67 1 in 200 run5.ndpi,Annotation (germinal_center),0.0619
KI67 1 in 200 run5.ndpi,Annotation (germinal_center),0.0658
KI67 1 in 200 run5.ndpi,Annotation (germinal_center),0.0423
KI67 1 in 200 run5.ndpi,Annotation (germinal_center),0.0422
KI67 1 in 200 run5.ndpi,Annotation (germinal_center),0.0729
KI67 1 in 200 run5.ndpi,Annotation (germinal_center),0.079
KI67 1 in 200 run5.ndpi,Annotation (germinal_center),0.0538
KI67 1 in 200 run5.ndpi,Annotation (germinal_center),0.0405
KI67 1 in 200 run5.ndpi,Annotation (germinal_center),0.0255
KI67 1 in 200 run5.ndpi,Annotation (germinal_center),0.0475
KI67 1 in 200 run5.ndpi,Annotation (germinal_center),0.0696
KI67 1 in 200 run5.ndpi,Annotation (germinal_center),0.0498
KI67 1 in 200 run5.ndpi,Annotation (germinal_center),0.0925
KI67 1 in 200 run5.ndpi,Annotation (germinal_center),0.0628
KI67 1 in 200 run5.ndpi,Annotation (germinal_center),0.0612
KI67 1 in 200 run5.ndpi,Annotation (germinal_center),0.0502
KI67 1 in 200 run5.ndpi,Annotation (germinal_center),0.0856
KI67 1 in 200 run5.ndpi,Annotation (germinal_center),0.0521
KI67 1 in 200 run5.ndpi,Annotation (germinal_center),0.0756
KI67 1 in 200 run5.ndpi,Annotation (germinal_center),0.0619
KI67 1 in 200 run5.ndpi,Annotation (germinal_center),0.0613
KI67 1 in 200 run5.ndpi,Annotation (germinal_center),0.0641
KI67 1 in 200 run5.ndpi,Annotation (germinal_center),0.0461
KI67 1 in 200 run5.ndpi,Annotation (germinal_center),0.0584
KI67 1 in 200 run5.ndpi,Annotation (germinal_center),0.0595
KI67 1 in 200 run5.ndpi,Annotation (germinal_center),0.0518
KI67 1 in 200 run5.ndpi,Annotation (germinal_center),0.0254
KI67 1 in 200 run5.ndpi,Annotation (germinal_center),0.0663
KI67 1 in 200 run5.ndpi,Annotation (germinal_center),0.0824
KI67 1 in 200 run5.ndpi,Annotation (germinal_center),0.0326
KI67 1 in 200 run5.ndpi,Annotation (germinal_center),0.0398
KI67 1 in 200 run5.ndpi,Annotation (germinal_center),0.0638
KI67 1 in 200 run5.ndpi,Annotation (germinal_center),0.0596
KI67 1 in 200 run5.ndpi,Annotation (germinal_center),0.0524
KI67 1 in 200 run5.ndpi,Annotation (germinal_center),0.0923
KI67 1 in 200 run5.ndpi,Annotation (germinal_center),0.0683
KI67 1 in 200 run5.ndpi,Annotation (germinal_center),0.0321
KI67 1 in 200 run5.ndpi,Annotation (germinal_center),0.0681
KI67 1 in 200 run5.ndpi,Annotation (germinal_center),0.0435
KI67 1 in 200 run5.ndpi,Annotation (germinal_center),0.0931
KI67 1 in 200 run5.ndpi,Annotation (germinal_center),0.0599
KI67 1 in 200 run5.ndpi,Annotation (germinal_center),0.0468
KI67 1 in 200 run5.ndpi,Annotation (germinal_center),0.064
KI67 1 in 200 run5.ndpi,Annotation (germinal_center),0.067
KI67 1 in 200 run5.ndpi,Annotation (germinal_center),0.0771
KI67 1 in 200 run5.ndpi,Annotation (germinal_center),0.049
KI67 1 in 200 run5.ndpi,Annotation (germinal_center),0.0631
KI67 1 in 200 run5.ndpi,Annotation (germinal_center),0.088
KI67 1 in 200 run5.ndpi,Annotation (germinal_center),0.0621
KI67 1 in 200 run5.ndpi,Annotation (germinal_center),0.0764
KI67 1 in 200 run5.ndpi,Annotation (germinal_center),0.0611
KI67 1 in 200 run5.ndpi,Annotation (germinal_center),0.0541
KI67 1 in 200 run5.ndpi,Annotation (germinal_center),0.0675
KI67 1 in 200 run5.ndpi,Annotation (germinal_center),0.0528
KI67 1 in 200 run5.ndpi,Annotation (germinal_center),0.0394
KI67 1 in 200 run5.ndpi,Annotation (germinal_center),0.0523
KI67 1 in 200 run5.ndpi,Annotation (germinal_center),0.0633
KI67 1 in 200 run5.ndpi,Annotation (germinal_center),0.0655
KI67 1 in 200 run5.ndpi,Annotation (germinal_center),0.0337
KI67 1 in 200 run5.ndpi,Annotation (germinal_center),0.0469
KI67 1 in 200 run5.ndpi,Annotation (germinal_center),0.0293
KI67 1 in 200 run5.ndpi,Annotation (germinal_center),0.0769
KI67 1 in 200 run5.ndpi,Annotation (germinal_center),0.0353
KI67 1 in 200 run5.ndpi,Annotation (germinal_center),0.0423
KI67 1 in 200 run5.ndpi,Annotation (germinal_center),0.0549
KI67 1 in 200 run5.ndpi,Annotation (germinal_center),0.0601
KI67 1 in 200 run5.ndpi,Annotation (germinal_center),0.0493
KI67 1 in 200 run5.ndpi,Annotation (germinal_center),0.0542
KI67 1 in 200 run5.ndpi,Annotation (germinal_center),0.0234
KI67 1 in 200 run5.ndpi,Annotation (germinal_center),0.0713
KI67 1 in 200 run5.ndpi,Annotation (germinal_center),0.041
KI67 1 in 200 run5.ndpi,Annotation (germinal_center),0.047
KI67 1 in 200 run5.ndpi,Annotation (germinal_center),0.0597
KI67 1 in 200 run5.ndpi,Annotation (germinal_center),0.0408
KI67 1 in 200 run5.ndpi,Annotation (germinal_center),0.0755
KI67 1 in 200 run5.ndpi,Annotation (germinal_center),0.0479
KI67 1 in 200 run5.ndpi,Annotation (germinal_center),0.0649
KI67 1 in 200 run5.ndpi,Annotation (germinal_center),0.0811
KI67 1 in 200 run5.ndpi,Annotation (germinal_center),0.0502
KI67 1 in 200 run5.ndpi,Annotation (germinal_center),0.0829
KI67 1 in 200 run5.ndpi,Annotation (germinal_center),0.0424
KI67 1 in 200 run5.ndpi,Annotation (germinal_center),0.0708
KI67 1 in 200 run5.ndpi,Annotation (germinal_center),0.0505
KI67 1 in 200 run5.ndpi,Annotation (germinal_center),0.0617
KI67 1 in 200 run5.ndpi,Annotation (germinal_center),0.0414
KI67 1 in 200 run5.ndpi,Annotation (germinal_center),0.046
KI67 1 in 200 run5.ndpi,Annotation (germinal_center),0.0575
KI67 1 in 200 run5.ndpi,Annotation (germinal_center),0.0729
KI67 1 in 200 run5.ndpi,Annotation (germinal_center),0.0727
KI67 1 in 200 run5.ndpi,Annotation (germinal_center),0.0324
KI67 1 in 200 run5.ndpi,Annotation (germinal_center),0.005
KI67 1 in 200 run5.ndpi,Annotation (germinal_center),0.0386
KI67 1 in 200 run5.ndpi,Annotation (germinal_center),0.0474
KI67 1 in 200 run5.ndpi,Annotation (germinal_center),0.0919
KI67 1 in 200 run5.ndpi,Annotation (germinal_center),0.0306
KI67 1 in 200 run5.ndpi,Annotation (germinal_center),0.0656
KI67 1 in 200 run5.ndpi,Annotation (germinal_center),0.0236
KI67 1 in 200 run5.ndpi,Annotation (germinal_center),0.0527
KI67 1 in 200 run5.ndpi,Annotation (germinal_center),0.0643
KI67 1 in 200 run5.ndpi,Annotation (germinal_center),0.0304
KI67 1 in 200 run5.ndpi,Annotation (germinal_center),0.0519
KI67 1 in 200 run5.ndpi,Annotation (germinal_center),0.062
KI67 1 in 200 run5.ndpi,Annotation (germinal_center),0.0415
KI67 1 in 200 run5.ndpi,Annotation (germinal_center),0.032
KI67 1 in 200 run5.ndpi,Annotation (germinal_center),0.0645
KI67 1 in 200 run5.ndpi,Annotation (germinal_center),0.0501
KI67 1 in 200 run5.ndpi,Annotation (germinal_center),0.0894
KI67 1 in 200 run5.ndpi,Annotation (germinal_center),0.0827
KI67 1 in 200 run5.ndpi,Annotation (germinal_center),0.084
KI67 1 in 200 run5.ndpi,Annotation (germinal_center),0.0889
KI67 1 in 200 run5.ndpi,Annotation (germinal_center),0.064
KI67 1 in 200 run5.ndpi,Annotation (germinal_center),0.0245
KI67 1 in 200 run5.ndpi,Annotation (germinal_center),0.0654
KI67 1 in 200 run5.ndpi,Annotation (germinal_center),0.0549
KI67 1 in 200 run5.ndpi,Annotation (germinal_center),0.0654
KI67 1 in 200 run5.ndpi,Annotation (germinal_center),0.0671
KI67 1 in 200 run5.ndpi,Annotation (germinal_center),0.0564
KI67 1 in 200 run5.ndpi,Annotation (germinal_center),0.0377
KI67 1 in 200 run5.ndpi,Annotation (germinal_center),0.0841
KI67 1 in 200 run5.ndpi,Annotation (germinal_center),0.0749
KI67 1 in 200 run5.ndpi,Annotation (germinal_center),0.0456
KI67 1 in 200 run5.ndpi,Annotation (germinal_center),0.0513
KI67 1 in 200 run5.ndpi,Annotation (germinal_center),0.0905
KI67 1 in 200 run5.ndpi,Annotation (germinal_center),0.0466
KI67 1 in 200 run5.ndpi,Annotation (germinal_center),0.0898
KI67 1 in 200 run5.ndpi,Annotation (germinal_center),0.0472
KI67 1 in 200 run5.ndpi,Annotation (germinal_center),0.0583
KI67 1 in 200 run5.ndpi,Annotation (germinal_center),0.0438
KI67 1 in 200 run5.ndpi,Annotation (germinal_center),0.0614
KI67 1 in 200 run5.ndpi,Annotation (germinal_center),0.0398
KI67 1 in 200 run5.ndpi,Annotation (germinal_center),0.0799
KI67 1 in 200 run5.ndpi,Annotation (germinal_center),0.0981
KI67 1 in 200 run5.ndpi,Annotation (germinal_center),0.0666
KI67 1 in 200 run5.ndpi,Annotation (germinal_center),0.0953
KI67 1 in 200 run5.ndpi,Annotation (germinal_center),0.0794
KI67 1 in 200 run5.ndpi,Annotation (germinal_center),0.0553
KI67 1 in 200 run5.ndpi,Annotation (germinal_center),0.0319
KI67 1 in 200 run5.ndpi,Annotation (germinal_center),0.0279
KI67 1 in 200 run5.ndpi,Annotation (germinal_center),0.0401
KI67 1 in 200 run5.ndpi,Annotation (germinal_center),0.0461
KI67 1 in 200 run5.ndpi,Annotation (germinal_center),0.0537
KI67 1 in 200 run5.ndpi,Annotation (germinal_center),0.0563
KI67 1 in 200 run5.ndpi,Annotation (germinal_center),0.0794
KI67 1 in 200 run5.ndpi,Annotation (germinal_center),0.0463
KI67 1 in 200 run5.ndpi,Annotation (germinal_center),0.0533
KI67 1 in 200 run5.ndpi,Annotation (germinal_center),0.0615
KI67 1 in 200 run5.ndpi,Annotation (germinal_center),0.0597
KI67 1 in 200 run5.ndpi,Annotation (germinal_center),0.0355
KI67 1 in 200 run5.ndpi,Annotation (germinal_center),0.1787
KI67 1 in 200 run5.ndpi,Annotation (germinal_center),0.0342
KI67 1 in 200 run5.ndpi,Annotation (germinal_center),0.0558
KI67 1 in 200 run5.ndpi,Annotation (germinal_center),0.0601
KI67 1 in 200 run5.ndpi,Annotation (germinal_center),0.0397
KI67 1 in 200 run5.ndpi,Annotation (germinal_center),0.0425
KI67 1 in 200 run5.ndpi,Annotation (germinal_center),0.0601
KI67 1 in 200 run5.ndpi,Annotation (germinal_center),0.0652
KI67 1 in 200 run5.ndpi,Annotation (germinal_center),0.0393
KI67 1 in 200 run5.ndpi,Annotation (germinal_center),0.0701
KI67 1 in 200 run5.ndpi,Annotation (germinal_center),0.0822
KI67 1 in 200 run5.ndpi,Annotation (germinal_center),0.0509
KI67 1 in 200 run5.ndpi,Annotation (germinal_center),0.0737
KI67 1 in 200 run5.ndpi,Annotation (germinal_center),0.0608
KI67 1 in 200 run5.ndpi,Annotation (germinal_center),0.0424
KI67 1 in 200 run5.ndpi,Annotation (germinal_center),0.034
KI67 1 in 200 run5.ndpi,Annotation (germinal_center),0.0538
KI67 1 in 200 run5.ndpi,Annotation (germinal_center),0.0683
KI67 1 in 200 run5.ndpi,Annotation (germinal_center),0.0448
KI67 1 in 200 run5.ndpi,Annotation (germinal_center),0.0728
KI67 1 in 200 run5.ndpi,Annotation (germinal_center),0.0613
KI67 1 in 200 run5.ndpi,Annotation (germinal_center),0.0437
KI67 1 in 200 run5.ndpi,Annotation (germinal_center),0.035
KI67 1 in 200 run5.ndpi,Annotation (germinal_center),0.0424
KI67 1 in 200 run5.ndpi,Annotation (germinal_center),0.0409
KI67 1 in 200 run5.ndpi,Annotation (germinal_center),0.0489
KI67 1 in 200 run5.ndpi,Annotation (germinal_center),0.06
KI67 1 in 200 run5.ndpi,Annotation (germinal_center),0.0635
KI67 1 in 200 run5.ndpi,Annotation (germinal_center),0.0779
KI67 1 in 200 run5.ndpi,Annotation (germinal_center),0.0599
KI67 1 in 200 run5.ndpi,Annotation (germinal_center),0.0397
KI67 1 in 200 run5.ndpi,Annotation (germinal_center),0.0687
KI67 1 in 200 run5.ndpi,Annotation (germinal_center),0.0797
KI67 1 in 200 run5.ndpi,Annotation (germinal_center),0.0739
KI67 1 in 200 run5.ndpi,Annotation (germinal_center),0.0596
KI67 1 in 200 run5.ndpi,Annotation (germinal_center),0.0295
KI67 1 in 200 run5.ndpi,Annotation (germinal_center),0.0276
KI67 1 in 200 run5.ndpi,Annotation (germinal_center),0.0516
KI67 1 in 200 run5.ndpi,Annotation (germinal_center),0.0351
KI67 1 in 200 run5.ndpi,Annotation (germinal_center),0.0601
KI67 1 in 200 run5.ndpi,Annotation (germinal_center),0.0637
KI67 1 in 200 run5.ndpi,Annotation (germinal_center),0.0294
KI67 1 in 200 run5.ndpi,Annotation (germinal_center),0.1379
KI67 1 in 200 run5.ndpi,Annotation (germinal_center),0.0678
KI67 1 in 200 run5.ndpi,Annotation (germinal_center),0.0557
KI67 1 in 200 run5.ndpi,Annotation (germinal_center),0.0756
KI67 1 in 200 run5.ndpi,Annotation (germinal_center),0.0375
KI67 1 in 200 run5.ndpi,Annotation (germinal_center),0.1009
KI67 1 in 200 run5.ndpi,Annotation (germinal_center),0.0325
KI67 1 in 200 run5.ndpi,Annotation (germinal_center),0.0671
KI67 1 in 200 run5.ndpi,Annotation (germinal_center),0.0622
KI67 1 in 200 run5.ndpi,Annotation (germinal_center),0.0603
KI67 1 in 200 run5.ndpi,Annotation (germinal_center),0.0571
KI67 1 in 200 run5.ndpi,Annotation (germinal_center),0.0628
KI67 1 in 200 run5.ndpi,Annotation (germinal_center),0.0817
KI67 1 in 200 run5.ndpi,Annotation (germinal_center),0.0549
KI67 1 in 200 run5.ndpi,Annotation (germinal_center),0.0385
KI67 1 in 200 run5.ndpi,Annotation (germinal_center),0.0504
KI67 1 in 200 run5.ndpi,Annotation (germinal_center),0.0704
KI67 1 in 200 run5.ndpi,Annotation (germinal_center),0.0342
KI67 1 in 200 run5.ndpi,Annotation (germinal_center),0.0235
KI67 1 in 200 run5.ndpi,Annotation (germinal_center),0.0655
KI67 1 in 200 run5.ndpi,Annotation (germinal_center),0.0397
KI67 1 in 200 run5.ndpi,Annotation (germinal_center),0.0527
KI67 1 in 200 run5.ndpi,Annotation (germinal_center),0.0915
KI67 1 in 200 run5.ndpi,Annotation (germinal_center),0.0769
KI67 1 in 200 run5.ndpi,Annotation (germinal_center),0.0477
KI67 1 in 200 run5.ndpi,Annotation (germinal_center),0.0419
KI67 1 in 200 run5.ndpi,Annotation (germinal_center),0.0748
KI67 1 in 200 run5.ndpi,Annotation (germinal_center),0.0638
KI67 1 in 200 run5.ndpi,Annotation (germinal_center),0.0745
KI67 1 in 200 run5.ndpi,Annotation (germinal_center),0.0687
KI67 1 in 200 run5.ndpi,Annotation (germinal_center),0.0484
KI67 1 in 200 run5.ndpi,Annotation (germinal_center),0.0436
KI67 1 in 200 run5.ndpi,Annotation (germinal_center),0.0589
KI67 1 in 200 run5.ndpi,Annotation (germinal_center),0.0577
KI67 1 in 200 run5.ndpi,Annotation (germinal_center),0.0339
KI67 1 in 200 run5.ndpi,Annotation (germinal_center),0.0567
KI67 1 in 200 run5.ndpi,Annotation (germinal_center),0.065
KI67 1 in 200 run5.ndpi,Annotation (germinal_center),0.0679
KI67 1 in 200 run5.ndpi,Annotation (germinal_center),0.0568
KI67 1 in 200 run5.ndpi,Annotation (germinal_center),0.0497
KI67 1 in 200 run5.ndpi,Annotation (germinal_center),0.0322
KI67 1 in 200 run5.ndpi,Annotation (germinal_center),0.0329
KI67 1 in 200 run5.ndpi,Annotation (germinal_center),0.036
KI67 1 in 200 run5.ndpi,Annotation (germinal_center),0.0633
KI67 1 in 200 run5.ndpi,Annotation (germinal_center),0.0477
KI67 1 in 200 run5.ndpi,Annotation (germinal_center),0.0626
KI67 1 in 200 run5.ndpi,Annotation (germinal_center),0.0385
KI67 1 in 200 run5.ndpi,Annotation (germinal_center),0.0627
KI67 1 in 200 run5.ndpi,Annotation (germinal_center),0.0623
KI67 1 in 200 run5.ndpi,Annotation (germinal_center),0.0359
KI67 1 in 200 run5.ndpi,Annotation (germinal_center),0.0587
KI67 1 in 200 run5.ndpi,Annotation (germinal_center),0.0607
KI67 1 in 200 run5.ndpi,Annotation (germinal_center),0.044
KI67 1 in 200 run5.ndpi,Annotation (germinal_center),0.0628
KI67 1 in 200 run5.ndpi,Annotation (germinal_center),0.0609
KI67 1 in 200 run5.ndpi,Annotation (germinal_center),0.0566
KI67 1 in 200 run5.ndpi,Annotation (germinal_center),0.0626
KI67 1 in 200 run5.ndpi,Annotation (germinal_center),0.0351
KI67 1 in 200 run5.ndpi,Annotation (germinal_center),0.0378
KI67 1 in 200 run5.ndpi,Annotation (germinal_center),0.0383
KI67 1 in 200 run5.ndpi,Annotation (germinal_center),0.0694
KI67 1 in 200 run5.ndpi,Annotation (germinal_center),0.0622
KI67 1 in 200 run5.ndpi,Annotation (germinal_center),0.0404
KI67 1 in 200 run5.ndpi,Annotation (germinal_center),0.0661
KI67 1 in 200 run5.ndpi,Annotation (germinal_center),0.0898
KI67 1 in 200 run5.ndpi,Annotation (germinal_center),0.1392
KI67 1 in 200 run5.ndpi,Annotation (germinal_center),0.0601
KI67 1 in 200 run5.ndpi,Annotation (germinal_center),0.0423
KI67 1 in 200 run5.ndpi,Annotation (germinal_center),0.0592
KI67 1 in 200 run5.ndpi,Annotation (germinal_center),0.0298
KI67 1 in 200 run5.ndpi,Annotation (germinal_center),0.0718
KI67 1 in 200 run5.ndpi,Annotation (germinal_center),0.034
KI67 1 in 200 run5.ndpi,Annotation (germinal_center),0.0902
KI67 1 in 200 run5.ndpi,Annotation (germinal_center),0.0362
KI67 1 in 200 run5.ndpi,Annotation (germinal_center),0.0526
KI67 1 in 200 run5.ndpi,Annotation (germinal_center),0.0647
KI67 1 in 200 run5.ndpi,Annotation (germinal_center),0.0721
KI67 1 in 200 run5.ndpi,Annotation (germinal_center),0.0542
KI67 1 in 200 run5.ndpi,Annotation (germinal_center),0.0536
KI67 1 in 200 run5.ndpi,Annotation (germinal_center),0.0606
KI67 1 in 200 run5.ndpi,Annotation (germinal_center),0.033
KI67 1 in 200 run5.ndpi,Annotation (germinal_center),0.0159
KI67 1 in 200 run5.ndpi,Annotation (germinal_center),0.0504
KI67 1 in 200 run5.ndpi,Annotation (germinal_center),0.0633
KI67 1 in 200 run5.ndpi,Annotation (germinal_center),0.0635
KI67 1 in 200 run5.ndpi,Annotation (germinal_center),0.1044
KI67 1 in 200 run5.ndpi,Annotation (germinal_center),0.0642
KI67 1 in 200 run5.ndpi,Annotation (germinal_center),0.0409
KI67 1 in 200 run5.ndpi,Annotation (germinal_center),0.0282
KI67 1 in 200 run5.ndpi,Annotation (germinal_center),0.0549
KI67 1 in 200 run5.ndpi,Annotation (germinal_center),0.0493
KI67 1 in 200 run5.ndpi,Annotation (germinal_center),0.0575
KI67 1 in 200 run5.ndpi,Annotation (germinal_center),0.0363
KI67 1 in 200 run5.ndpi,Annotation (germinal_center),0.0539
KI67 1 in 200 run5.ndpi,Annotation (germinal_center),0.0738
KI67 1 in 200 run5.ndpi,Annotation (germinal_center),0.0504
KI67 1 in 200 run5.ndpi,Annotation (germinal_center),0.0167
KI67 1 in 200 run5.ndpi,Annotation (germinal_center),0.048
KI67 1 in 200 run5.ndpi,Annotation (germinal_center),0.0492
KI67 1 in 200 run5.ndpi,Annotation (germinal_center),0.0557
KI67 1 in 200 run5.ndpi,Annotation (germinal_center),0.0751
KI67 1 in 200 run5.ndpi,Annotation (germinal_center),0.0221
KI67 1 in 200 run5.ndpi,Annotation (germinal_center),0.3438
KI67 1 in 200 run5.ndpi,Annotation (germinal_center),0.0451
KI67 1 in 200 run5.ndpi,Annotation (germinal_center),0.0592
KI67 1 in 200 run5.ndpi,Annotation (germinal_center),0.0738
KI67 1 in 200 run5.ndpi,Annotation (germinal_center),0.0554
KI67 1 in 200 run5.ndpi,Annotation (germinal_center),0.0767
KI67 1 in 200 run5.ndpi,Annotation (germinal_center),0.0867
KI67 1 in 200 run5.ndpi,Annotation (germinal_center),0.0565
KI67 1 in 200 run5.ndpi,Annotation (germinal_center),0.0278
KI67 1 in 200 run5.ndpi,Annotation (germinal_center),
KI67 1 in 200 run5.ndpi,Annotation (germinal_center),0.0407
KI67 1 in 200 run5.ndpi,Annotation (germinal_center),0.0536
KI67 1 in 200 run5.ndpi,Annotation (germinal_center),0.0514
KI67 1 in 200 run5.ndpi,Annotation (germinal_center),0.0898
KI67 1 in 200 run5.ndpi,Annotation (germinal_center),0.0576
KI67 1 in 200 run5.ndpi,Annotation (germinal_center),0.0394
KI67 1 in 200 run5.ndpi,Annotation (germinal_center),0.0597
KI67 1 in 200 run5.ndpi,Annotation (germinal_center),0.0609
KI67 1 in 200 run5.ndpi,Annotation (germinal_center),0.0856
KI67 1 in 200 run5.ndpi,Annotation (germinal_center),0.0543
KI67 1 in 200 run5.ndpi,Annotation (germinal_center),0.0585
KI67 1 in 200 run5.ndpi,Annotation (germinal_center),0.064
KI67 1 in 200 run5.ndpi,Annotation (germinal_center),0.062
KI67 1 in 200 run5.ndpi,Annotation (germinal_center),0.0565
KI67 1 in 200 run5.ndpi,Annotation (germinal_center),0.0529
KI67 1 in 200 run5.ndpi,Annotation (germinal_center),0.0713
KI67 1 in 200 run5.ndpi,Annotation (germinal_center),0.0624
KI67 1 in 200 run5.ndpi,Annotation (germinal_center),0.072
KI67 1 in 200 run5.ndpi,Annotation (germinal_center),0.0779
KI67 1 in 200 run5.ndpi,Annotation (germinal_center),0.0323
KI67 1 in 200 run5.ndpi,Annotation (germinal_center),0.0648
KI67 1 in 200 run5.ndpi,Annotation (germinal_center),0.0391
KI67 1 in 200 run5.ndpi,Annotation (germinal_center),0.0622
KI67 1 in 200 run5.ndpi,Annotation (germinal_center),0.0623
KI67 1 in 200 run5.ndpi,Annotation (germinal_center),0.0207
KI67 1 in 200 run5.ndpi,Annotation (germinal_center),0.0728
KI67 1 in 200 run5.ndpi,Annotation (germinal_center),0.0458
KI67 1 in 200 run5.ndpi,Annotation (germinal_center),0.0308
KI67 1 in 200 run5.ndpi,Annotation (germinal_center),0.0753
KI67 1 in 200 run5.ndpi,Annotation (germinal_center),0.0407
KI67 1 in 200 run5.ndpi,Annotation (germinal_center),0.0345
KI67 1 in 200 run5.ndpi,Annotation (germinal_center),0.1191
KI67 1 in 200 run5.ndpi,Annotation (germinal_center),0.0829
KI67 1 in 200 run5.ndpi,Annotation (germinal_center),0.0948
KI67 1 in 200 run5.ndpi,Annotation (germinal_center),0.0308
KI67 1 in 200 run5.ndpi,Annotation (germinal_center),0.06
KI67 1 in 200 run5.ndpi,Annotation (germinal_center),0.0698
KI67 1 in 200 run5.ndpi,Annotation (germinal_center),0.0564
KI67 1 in 200 run5.ndpi,Annotation (germinal_center),0.0826
KI67 1 in 200 run5.ndpi,Annotation (germinal_center),0.04
KI67 1 in 200 run5.ndpi,Annotation (germinal_center),0.0481
KI67 1 in 200 run5.ndpi,Annotation (germinal_center),0.2252
KI67 1 in 200 run5.ndpi,Annotation (germinal_center),0.0838
KI67 1 in 200 run5.ndpi,Annotation (germinal_center),0.0741
KI67 1 in 200 run5.ndpi,Annotation (germinal_center),0.067
KI67 1 in 200 run5.ndpi,Annotation (germinal_center),0.0827
KI67 1 in 200 run5.ndpi,Annotation (germinal_center),0.0373
KI67 1 in 200 run5.ndpi,Annotation (germinal_center),0.0342
KI67 1 in 200 run5.ndpi,Annotation (germinal_center),0.0339
KI67 1 in 200 run5.ndpi,Annotation (germinal_center),0.0739
KI67 1 in 200 run5.ndpi,Annotation (germinal_center),0.0697
KI67 1 in 200 run5.ndpi,Annotation (germinal_center),0.0795
KI67 1 in 200 run5.ndpi,Annotation (germinal_center),0.034
KI67 1 in 200 run5.ndpi,Annotation (germinal_center),0.1032
KI67 1 in 200 run5.ndpi,Annotation (germinal_center),0.0485
KI67 1 in 200 run5.ndpi,Annotation (germinal_center),0.0715
KI67 1 in 200 run5.ndpi,Annotation (germinal_center),0.1203
KI67 1 in 200 run5.ndpi,Annotation (germinal_center),0.0859
KI67 1 in 200 run5.ndpi,Annotation (germinal_center),0.0447
KI67 1 in 200 run5.ndpi,Annotation (germinal_center),0.0515
KI67 1 in 200 run5.ndpi,Annotation (germinal_center),0.0846
KI67 1 in 200 run5.ndpi,Annotation (germinal_center),0.0783
KI67 1 in 200 run5.ndpi,Annotation (germinal_center),0.0411
KI67 1 in 200 run5.ndpi,Annotation (germinal_center),0.0638
KI67 1 in 200 run5.ndpi,Annotation (germinal_center),0.0717
KI67 1 in 200 run5.ndpi,Annotation (germinal_center),0.1483
KI67 1 in 200 run5.ndpi,Annotation (germinal_center),0.0352
KI67 1 in 200 run5.ndpi,Annotation (germinal_center),0.0747
KI67 1 in 200 run5.ndpi,Annotation (germinal_center),0.0669
KI67 1 in 200 run5.ndpi,Annotation (germinal_center),0.0443
KI67 1 in 200 run5.ndpi,Annotation (germinal_center),0.0619
KI67 1 in 200 run5.ndpi,Annotation (germinal_center),0.0662
KI67 1 in 200 run5.ndpi,Annotation (germinal_center),0.0872
KI67 1 in 200 run5.ndpi,Annotation (germinal_center),0.0861
KI67 1 in 200 run5.ndpi,Annotation (germinal_center),0.0927
KI67 1 in 200 run5.ndpi,Annotation (germinal_center),0.133
KI67 1 in 200 run5.ndpi,Annotation (germinal_center),0.0473
KI67 1 in 200 run5.ndpi,Annotation (germinal_center),0.0627
KI67 1 in 200 run5.ndpi,Annotation (germinal_center),0.0596
KI67 1 in 200 run5.ndpi,Annotation (germinal_center),0.0816
KI67 1 in 200 run5.ndpi,Annotation (germinal_center),0.0549
KI67 1 in 200 run5.ndpi,Annotation (germinal_center),0.0589
KI67 1 in 200 run5.ndpi,Annotation (germinal_center),0.0686
KI67 1 in 200 run5.ndpi,Annotation (germinal_center),0.0429
KI67 1 in 200 run5.ndpi,Annotation (germinal_center),0.0365
KI67 1 in 200 run5.ndpi,Annotation (germinal_center),0.0356
KI67 1 in 200 run5.ndpi,Annotation (germinal_center),0.0828
KI67 1 in 200 run5.ndpi,Annotation (germinal_center),0.0801
KI67 1 in 200 run5.ndpi,Annotation (germinal_center),0.0749
KI67 1 in 200 run5.ndpi,Annotation (germinal_center),0.0396
KI67 1 in 200 run5.ndpi,Annotation (germinal_center),0.0644
KI67 1 in 200 run5.ndpi,Annotation (germinal_center),0.1001
KI67 1 in 200 run5.ndpi,Annotation (germinal_center),0.0677
KI67 1 in 200 run5.ndpi,Annotation (germinal_center),0.0563
KI67 1 in 200 run5.ndpi,Annotation (germinal_center),0.0432
KI67 1 in 200 run5.ndpi,Annotation (germinal_center),0.0636
KI67 1 in 200 run5.ndpi,Annotation (germinal_center),0.0817
KI67 1 in 200 run5.ndpi,Annotation (germinal_center),0.0885
KI67 1 in 200 run5.ndpi,Annotation (germinal_center),0.068
KI67 1 in 200 run5.ndpi,Annotation (germinal_center),0.0695
KI67 1 in 200 run5.ndpi,Annotation (germinal_center),0.0692
KI67 1 in 200 run5.ndpi,Annotation (germinal_center),0.0576
KI67 1 in 200 run5.ndpi,Annotation (germinal_center),0.0679
KI67 1 in 200 run5.ndpi,Annotation (germinal_center),0.0748
KI67 1 in 200 run5.ndpi,Annotation (germinal_center),0.0576
KI67 1 in 200 run5.ndpi,Annotation (germinal_center),0.047
KI67 1 in 200 run5.ndpi,Annotation (germinal_center),0.0772
KI67 1 in 200 run5.ndpi,Annotation (germinal_center),0.0787
KI67 1 in 200 run5.ndpi,Annotation (germinal_center),0.0408
KI67 1 in 200 run5.ndpi,Annotation (germinal_center),0.0581
KI67 1 in 200 run5.ndpi,Annotation (germinal_center),0.0807
KI67 1 in 200 run5.ndpi,Annotation (germinal_center),0.065
KI67 1 in 200 run5.ndpi,Annotation (germinal_center),0.0629
KI67 1 in 200 run5.ndpi,Annotation (germinal_center),0.085
KI67 1 in 200 run5.ndpi,Annotation (germinal_center),0.0489
KI67 1 in 200 run5.ndpi,Annotation (germinal_center),0.081
KI67 1 in 200 run5.ndpi,Annotation (germinal_center),0.041
KI67 1 in 200 run5.ndpi,Annotation (germinal_center),0.065
KI67 1 in 200 run5.ndpi,Annotation (germinal_center),0.035
KI67 1 in 200 run5.ndpi,Annotation (germinal_center),0.0684
KI67 1 in 200 run5.ndpi,Annotation (germinal_center),0.0567
KI67 1 in 200 run5.ndpi,Annotation (germinal_center),0.0674
KI67 1 in 200 run5.ndpi,Annotation (germinal_center),0.0302
KI67 1 in 200 run5.ndpi,Annotation (germinal_center),0.0853
KI67 1 in 200 run5.ndpi,Annotation (germinal_center),0.0515
KI67 1 in 200 run5.ndpi,Annotation (germinal_center),0.0859
KI67 1 in 200 run5.ndpi,Annotation (germinal_center),0.0426
KI67 1 in 200 run5.ndpi,Annotation (germinal_center),0.0762
KI67 1 in 200 run5.ndpi,Annotation (germinal_center),0.0489
KI67 1 in 200 run5.ndpi,Annotation (germinal_center),0.0402
KI67 1 in 200 run5.ndpi,Annotation (germinal_center),0.0795
KI67 1 in 200 run5.ndpi,Annotation (germinal_center),0.069
KI67 1 in 200 run5.ndpi,Annotation (germinal_center),0.0407
KI67 1 in 200 run5.ndpi,Annotation (germinal_center),0.0803
KI67 1 in 200 run5.ndpi,Annotation (germinal_center),0.068
KI67 1 in 200 run5.ndpi,Annotation (germinal_center),0.0278
KI67 1 in 200 run5.ndpi,Annotation (germinal_center),0.0574
KI67 1 in 200 run5.ndpi,Annotation (germinal_center),0.0622
KI67 1 in 200 run5.ndpi,Annotation (germinal_center),0.0776
KI67 1 in 200 run5.ndpi,Annotation (germinal_center),0.047
KI67 1 in 200 run5.ndpi,Annotation (germinal_center),0.0414
KI67 1 in 200 run5.ndpi,Annotation (germinal_center),0.0713
KI67 1 in 200 run5.ndpi,Annotation (germinal_center),0.064
KI67 1 in 200 run5.ndpi,Annotation (germinal_center),0.0426
KI67 1 in 200 run5.ndpi,Annotation (germinal_center),0.0324
KI67 1 in 200 run5.ndpi,Annotation (germinal_center),0.0554
KI67 1 in 200 run5.ndpi,Annotation (germinal_center),0.0424
KI67 1 in 200 run5.ndpi,Annotation (germinal_center),0.0403
KI67 1 in 200 run5.ndpi,Annotation (germinal_center),0.0549
KI67 1 in 200 run5.ndpi,Annotation (germinal_center),0.0464
KI67 1 in 200 run5.ndpi,Annotation (germinal_center),0.0397
KI67 1 in 200 run5.ndpi,Annotation (germinal_center),0.0704
KI67 1 in 200 run5.ndpi,Annotation (germinal_center),0.0752
KI67 1 in 200 run5.ndpi,Annotation (germinal_center),0.0352
KI67 1 in 200 run5.ndpi,Annotation (germinal_center),0.0366
KI67 1 in 200 run5.ndpi,Annotation (germinal_center),0.0396
KI67 1 in 200 run5.ndpi,Annotation (germinal_center),0.0954
KI67 1 in 200 run5.ndpi,Annotation (germinal_center),0.0504
KI67 1 in 200 run5.ndpi,Annotation (germinal_center),0.0533
KI67 1 in 200 run5.ndpi,Annotation (germinal_center),0.0318
KI67 1 in 200 run5.ndpi,Annotation (germinal_center),0.0666
KI67 1 in 200 run5.ndpi,Annotation (germinal_center),0.0541
KI67 1 in 200 run5.ndpi,Annotation (germinal_center),0.0858
KI67 1 in 200 run5.ndpi,Annotation (germinal_center),0.0383
KI67 1 in 200 run5.ndpi,Annotation (germinal_center),0.0579
KI67 1 in 200 run5.ndpi,Annotation (germinal_center),0.0748
KI67 1 in 200 run5.ndpi,Annotation (germinal_center),0.0532
KI67 1 in 200 run5.ndpi,Annotation (germinal_center),0.0572
KI67 1 in 200 run5.ndpi,Annotation (germinal_center),0.0344
KI67 1 in 200 run5.ndpi,Annotation (germinal_center),0.0674
KI67 1 in 200 run5.ndpi,Annotation (germinal_center),0.0601
KI67 1 in 200 run5.ndpi,Annotation (germinal_center),0.0627
KI67 1 in 200 run5.ndpi,Annotation (germinal_center),0.0227
KI67 1 in 200 run5.ndpi,Annotation (germinal_center),0.0732
KI67 1 in 200 run5.ndpi,Annotation (germinal_center),0.0642
KI67 1 in 200 run5.ndpi,Annotation (germinal_center),0.0593
KI67 1 in 200 run5.ndpi,Annotation (germinal_center),0.0399
KI67 1 in 200 run5.ndpi,Annotation (germinal_center),0.0666
KI67 1 in 200 run5.ndpi,Annotation (germinal_center),0.0771
KI67 1 in 200 run5.ndpi,Annotation (germinal_center),0.0788
KI67 1 in 200 run5.ndpi,Annotation (germinal_center),0.0719
KI67 1 in 200 run5.ndpi,Annotation (germinal_center),0.0481
KI67 1 in 200 run5.ndpi,Annotation (germinal_center),0.0539
KI67 1 in 200 run5.ndpi,Annotation (germinal_center),0.0495
KI67 1 in 200 run5.ndpi,Annotation (germinal_center),0.0483
KI67 1 in 200 run5.ndpi,Annotation (germinal_center),0.1654
KI67 1 in 200 run5.ndpi,Annotation (germinal_center),0.0896
KI67 1 in 200 run5.ndpi,Annotation (germinal_center),0.0358
KI67 1 in 200 run5.ndpi,Annotation (germinal_center),0.0591
KI67 1 in 200 run5.ndpi,Annotation (germinal_center),0.0469
KI67 1 in 200 run5.ndpi,Annotation (germinal_center),0.048
KI67 1 in 200 run5.ndpi,Annotation (germinal_center),0.0344
KI67 1 in 200 run5.ndpi,Annotation (germinal_center),0.0762
KI67 1 in 200 run5.ndpi,Annotation (germinal_center),0.0563
KI67 1 in 200 run5.ndpi,Annotation (germinal_center),0.0561
KI67 1 in 200 run5.ndpi,Annotation (germinal_center),0.0732
KI67 1 in 200 run5.ndpi,Annotation (germinal_center),0.0672
KI67 1 in 200 run5.ndpi,Annotation (germinal_center),0.035
KI67 1 in 200 run5.ndpi,Annotation (germinal_center),0.058
KI67 1 in 200 run5.ndpi,Annotation (germinal_center),0.0868
KI67 1 in 200 run5.ndpi,Annotation (germinal_center),0.0561
KI67 1 in 200 run5.ndpi,Annotation (germinal_center),0.034
KI67 1 in 200 run5.ndpi,Annotation (germinal_center),0.0192
KI67 1 in 200 run5.ndpi,Annotation (germinal_center),0.0332
KI67 1 in 200 run5.ndpi,Annotation (germinal_center),0.0396
KI67 1 in 200 run5.ndpi,Annotation (germinal_center),0.049
KI67 1 in 200 run5.ndpi,Annotation (germinal_center),0.0383
KI67 1 in 200 run5.ndpi,Annotation (germinal_center),0.0672
KI67 1 in 200 run5.ndpi,Annotation (germinal_center),0.0774
KI67 1 in 200 run5.ndpi,Annotation (germinal_center),0.0729
KI67 1 in 200 run5.ndpi,Annotation (germinal_center),0.084
KI67 1 in 200 run5.ndpi,Annotation (germinal_center),0.1196
KI67 1 in 200 run5.ndpi,Annotation (germinal_center),0.0296
KI67 1 in 200 run5.ndpi,Annotation (germinal_center),0.0659
KI67 1 in 200 run5.ndpi,Annotation (germinal_center),0.0575
KI67 1 in 200 run5.ndpi,Annotation (germinal_center),0.0704
KI67 1 in 200 run5.ndpi,Annotation (germinal_center),0.0651
KI67 1 in 200 run5.ndpi,Annotation (germinal_center),0.0348
KI67 1 in 200 run5.ndpi,Annotation (germinal_center),0.0897
KI67 1 in 200 run5.ndpi,Annotation (germinal_center),0.0514
KI67 1 in 200 run5.ndpi,Annotation (germinal_center),0.0349
KI67 1 in 200 run5.ndpi,Annotation (germinal_center),0.072
KI67 1 in 200 run5.ndpi,Annotation (germinal_center),0.0391
KI67 1 in 200 run5.ndpi,Annotation (germinal_center),0.0644
KI67 1 in 200 run5.ndpi,Annotation (germinal_center),0.0388
KI67 1 in 200 run5.ndpi,Annotation (germinal_center),0.0718
KI67 1 in 200 run5.ndpi,Annotation (germinal_center),0.0581
KI67 1 in 200 run5.ndpi,Annotation (germinal_center),0.04
KI67 1 in 200 run5.ndpi,Annotation (germinal_center),0.0304
KI67 1 in 200 run5.ndpi,Annotation (germinal_center),0.0585
KI67 1 in 200 run5.ndpi,Annotation (germinal_center),0.0394
KI67 1 in 200 run5.ndpi,Annotation (germinal_center),0.0336
KI67 1 in 200 run5.ndpi,Annotation (germinal_center),0.0274
KI67 1 in 200 run5.ndpi,Annotation (germinal_center),0.0413
KI67 1 in 200 run5.ndpi,Annotation (germinal_center),0.0427
KI67 1 in 200 run5.ndpi,Annotation (germinal_center),0.0415
KI67 1 in 200 run5.ndpi,Annotation (germinal_center),0.0817
KI67 1 in 200 run5.ndpi,Annotation (germinal_center),0.0411
KI67 1 in 200 run5.ndpi,Annotation (germinal_center),0.0322
KI67 1 in 200 run5.ndpi,Annotation (germinal_center),0.0354
KI67 1 in 200 run5.ndpi,Annotation (germinal_center),0.0517
KI67 1 in 200 run5.ndpi,Annotation (germinal_center),0.0607
KI67 1 in 200 run5.ndpi,Annotation (germinal_center),0.0427
KI67 1 in 200 run5.ndpi,Annotation (germinal_center),0.0344
KI67 1 in 200 run5.ndpi,Annotation (germinal_center),0.0389
KI67 1 in 200 run5.ndpi,Annotation (germinal_center),0.0334
KI67 1 in 200 run5.ndpi,Annotation (germinal_center),0.0355
KI67 1 in 200 run5.ndpi,Annotation (germinal_center),0.0533
KI67 1 in 200 run5.ndpi,Annotation (germinal_center),0.0405
KI67 1 in 200 run5.ndpi,Annotation (germinal_center),0.0546
KI67 1 in 200 run5.ndpi,Annotation (germinal_center),0.0507
KI67 1 in 200 run5.ndpi,Annotation (germinal_center),0.0259
KI67 1 in 200 run5.ndpi,Annotation (germinal_center),0.0381
KI67 1 in 200 run5.ndpi,Annotation (germinal_center),0.0263
KI67 1 in 200 run5.ndpi,Annotation (germinal_center),0.0443
KI67 1 in 200 run5.ndpi,Annotation (germinal_center),0.0248
KI67 1 in 200 run5.ndpi,Annotation (germinal_center),0.0544
KI67 1 in 200 run5.ndpi,Annotation (germinal_center),0.0243
KI67 1 in 200 run5.ndpi,Annotation (germinal_center),0.0765
KI67 1 in 200 run5.ndpi,Annotation (germinal_center),0.0333
KI67 1 in 200 run5.ndpi,Annotation (germinal_center),0.0459
KI67 1 in 200 run5.ndpi,Annotation (germinal_center),0.033
KI67 1 in 200 run5.ndpi,Annotation (germinal_center),0.042
KI67 1 in 200 run5.ndpi,Annotation (germinal_center),0.0326
KI67 1 in 200 run5.ndpi,Annotation (germinal_center),0.0415
KI67 1 in 200 run5.ndpi,Annotation (germinal_center),0.0485
KI67 1 in 200 run5.ndpi,Annotation (germinal_center),0.0799
KI67 1 in 200 run5.ndpi,Annotation (germinal_center),0.0491
KI67 1 in 200 run5.ndpi,Annotation (germinal_center),0.0857
KI67 1 in 200 run5.ndpi,Annotation (germinal_center),0.0312
KI67 1 in 200 run5.ndpi,Annotation (germinal_center),0.0635
KI67 1 in 200 run5.ndpi,Annotation (germinal_center),0.0411
KI67 1 in 200 run5.ndpi,Annotation (germinal_center),0.0303
KI67 1 in 200 run5.ndpi,Annotation (germinal_center),0.0468
KI67 1 in 200 run5.ndpi,Annotation (germinal_center),0.0363
KI67 1 in 200 run5.ndpi,Annotation (germinal_center),0.0537
KI67 1 in 200 run5.ndpi,Annotation (germinal_center),0.0398
KI67 1 in 200 run5.ndpi,Annotation (germinal_center),0.1069
KI67 1 in 200 run5.ndpi,Annotation (germinal_center),0.0631
KI67 1 in 200 run5.ndpi,Annotation (germinal_center),0.0787
KI67 1 in 200 run5.ndpi,Annotation (germinal_center),0.081
KI67 1 in 200 run5.ndpi,Annotation (germinal_center),0.0436
KI67 1 in 200 run5.ndpi,Annotation (germinal_center),0.0415
KI67 1 in 200 run5.ndpi,Annotation (germinal_center),0.0358
KI67 1 in 200 run5.ndpi,Annotation (germinal_center),0.054
KI67 1 in 200 run5.ndpi,Annotation (germinal_center),0.0514
KI67 1 in 200 run5.ndpi,Annotation (germinal_center),0.0627
KI67 1 in 200 run5.ndpi,Annotation (germinal_center),0.057
KI67 1 in 200 run5.ndpi,Annotation (germinal_center),0.0362
KI67 1 in 200 run5.ndpi,Annotation (germinal_center),0.0294
KI67 1 in 200 run5.ndpi,Annotation (germinal_center),0.0585
KI67 1 in 200 run5.ndpi,Annotation (germinal_center),0.0527
KI67 1 in 200 run5.ndpi,Annotation (germinal_center),0.0779
KI67 1 in 200 run5.ndpi,Annotation (germinal_center),0.0336
KI67 1 in 200 run5.ndpi,Annotation (germinal_center),0.0462
KI67 1 in 200 run5.ndpi,Annotation (germinal_center),0.0578
KI67 1 in 200 run5.ndpi,Annotation (germinal_center),0.0535
KI67 1 in 200 run5.ndpi,Annotation (germinal_center),0.0554
KI67 1 in 200 run5.ndpi,Annotation (germinal_center),0.0335
KI67 1 in 200 run5.ndpi,Annotation (germinal_center),0.0651
KI67 1 in 200 run5.ndpi,Annotation (germinal_center),0.0388
KI67 1 in 200 run5.ndpi,Annotation (germinal_center),0.0361
KI67 1 in 200 run5.ndpi,Annotation (germinal_center),0.0576
KI67 1 in 200 run5.ndpi,Annotation (germinal_center),0.07
KI67 1 in 200 run5.ndpi,Annotation (germinal_center),0.051
KI67 1 in 200 run5.ndpi,Annotation (germinal_center),0.0464
KI67 1 in 200 run5.ndpi,Annotation (germinal_center),0.0535
KI67 1 in 200 run5.ndpi,Annotation (germinal_center),0.0506
KI67 1 in 200 run5.ndpi,Annotation (germinal_center),0.0602
KI67 1 in 200 run5.ndpi,Annotation (germinal_center),0.0287
KI67 1 in 200 run5.ndpi,Annotation (germinal_center),0.0475
KI67 1 in 200 run5.ndpi,Annotation (germinal_center),0.0855
KI67 1 in 200 run5.ndpi,Annotation (germinal_center),0.0872
KI67 1 in 200 run5.ndpi,Annotation (germinal_center),0.0836
KI67 1 in 200 run5.ndpi,Annotation (germinal_center),0.0693
KI67 1 in 200 run5.ndpi,Annotation (germinal_center),0.0488
KI67 1 in 200 run5.ndpi,Annotation (germinal_center),0.0469
KI67 1 in 200 run5.ndpi,Annotation (germinal_center),0.063
KI67 1 in 200 run5.ndpi,Annotation (germinal_center),0.0254
KI67 1 in 200 run5.ndpi,Annotation (germinal_center),0.0415
KI67 1 in 200 run5.ndpi,Annotation (germinal_center),0.037
KI67 1 in 200 run5.ndpi,Annotation (germinal_center),0.0437
KI67 1 in 200 run5.ndpi,Annotation (germinal_center),0.0502
KI67 1 in 200 run5.ndpi,Annotation (germinal_center),0.0482
KI67 1 in 200 run5.ndpi,Annotation (germinal_center),0.0771
KI67 1 in 200 run5.ndpi,Annotation (germinal_center),0.0487
KI67 1 in 200 run5.ndpi,Annotation (germinal_center),0.0429
KI67 1 in 200 run5.ndpi,Annotation (germinal_center),0.0736
KI67 1 in 200 run5.ndpi,Annotation (germinal_center),0.0658
KI67 1 in 200 run5.ndpi,Annotation (germinal_center),0.051
KI67 1 in 200 run5.ndpi,Annotation (germinal_center),0.0236
KI67 1 in 200 run5.ndpi,Annotation (germinal_center),0.0313
KI67 1 in 200 run5.ndpi,Annotation (germinal_center),0.0355
KI67 1 in 200 run5.ndpi,Annotation (germinal_center),0.0737
KI67 1 in 200 run5.ndpi,Annotation (germinal_center),0.0612
KI67 1 in 200 run5.ndpi,Annotation (germinal_center),0.0423
KI67 1 in 200 run5.ndpi,Annotation (germinal_center),0.0541
KI67 1 in 200 run5.ndpi,Annotation (germinal_center),0.0786
KI67 1 in 200 run5.ndpi,Annotation (germinal_center),0.0418
KI67 1 in 200 run5.ndpi,Annotation (germinal_center),0.0743
KI67 1 in 200 run5.ndpi,Annotation (germinal_center),0.0434
KI67 1 in 200 run5.ndpi,Annotation (germinal_center),0.0328
KI67 1 in 200 run5.ndpi,Annotation (germinal_center),0.055
KI67 1 in 200 run5.ndpi,Annotation (germinal_center),0.0481
KI67 1 in 200 run5.ndpi,Annotation (germinal_center),0.0714
KI67 1 in 200 run5.ndpi,Annotation (germinal_center),0.0749
KI67 1 in 200 run5.ndpi,Annotation (germinal_center),0.0932
KI67 1 in 200 run5.ndpi,Annotation (germinal_center),0.0661
KI67 1 in 200 run5.ndpi,Annotation (germinal_center),0.0407
KI67 1 in 200 run5.ndpi,Annotation (germinal_center),0.0308
KI67 1 in 200 run5.ndpi,Annotation (germinal_center),0.0528
KI67 1 in 200 run5.ndpi,Annotation (germinal_center),0.0548
KI67 1 in 200 run5.ndpi,Annotation (germinal_center),0.0399
KI67 1 in 200 run5.ndpi,Annotation (germinal_center),0.0884
KI67 1 in 200 run5.ndpi,Annotation (germinal_center),0.0621
KI67 1 in 200 run5.ndpi,Annotation (germinal_center),0.0705
KI67 1 in 200 run5.ndpi,Annotation (germinal_center),0.0904
KI67 1 in 200 run5.ndpi,Annotation (germinal_center),0.1281
KI67 1 in 200 run5.ndpi,Annotation (germinal_center),0.0628
KI67 1 in 200 run5.ndpi,Annotation (germinal_center),0.0672
KI67 1 in 200 run5.ndpi,Annotation (germinal_center),0.0325
KI67 1 in 200 run5.ndpi,Annotation (germinal_center),0.0486
KI67 1 in 200 run5.ndpi,Annotation (germinal_center),0.0903
KI67 1 in 200 run5.ndpi,Annotation (germinal_center),0.0375
KI67 1 in 200 run5.ndpi,Annotation (germinal_center),0.0345
KI67 1 in 200 run5.ndpi,Annotation (germinal_center),0.0348
KI67 1 in 200 run5.ndpi,Annotation (germinal_center),0.0481
KI67 1 in 200 run5.ndpi,Annotation (germinal_center),0.0322
KI67 1 in 200 run5.ndpi,Annotation (germinal_center),0.0697
KI67 1 in 200 run5.ndpi,Annotation (germinal_center),0.0439
KI67 1 in 200 run5.ndpi,Annotation (germinal_center),0.0557
KI67 1 in 200 run5.ndpi,Annotation (germinal_center),0.0327
KI67 1 in 200 run5.ndpi,Annotation (germinal_center),0.0527
KI67 1 in 200 run5.ndpi,Annotation (germinal_center),0.0422
KI67 1 in 200 run5.ndpi,Annotation (germinal_center),0.0675
KI67 1 in 200 run5.ndpi,Annotation (germinal_center),0.0643
KI67 1 in 200 run5.ndpi,Annotation (germinal_center),0.0448
KI67 1 in 200 run5.ndpi,Annotation (germinal_center),0.0534
KI67 1 in 200 run5.ndpi,Annotation (germinal_center),0.056
KI67 1 in 200 run5.ndpi,Annotation (germinal_center),0.0269
KI67 1 in 200 run5.ndpi,Annotation (germinal_center),0.071
KI67 1 in 200 run5.ndpi,Annotation (germinal_center),0.0358
KI67 1 in 200 run5.ndpi,Annotation (germinal_center),0.0426
KI67 1 in 200 run5.ndpi,Annotation (germinal_center),0.0419
KI67 1 in 200 run5.ndpi,Annotation (germinal_center),0.0674
KI67 1 in 200 run5.ndpi,Annotation (germinal_center),0.0624
KI67 1 in 200 run5.ndpi,Annotation (germinal_center),0.0447
KI67 1 in 200 run5.ndpi,Annotation (germinal_center),0.0347
KI67 1 in 200 run5.ndpi,Annotation (germinal_center),0.0443
KI67 1 in 200 run5.ndpi,Annotation (germinal_center),0.0539
KI67 1 in 200 run5.ndpi,Annotation (germinal_center),0.0461
KI67 1 in 200 run5.ndpi,Annotation (germinal_center),0.0587
KI67 1 in 200 run5.ndpi,Annotation (germinal_center),0.0526
KI67 1 in 200 run5.ndpi,Annotation (germinal_center),0.0675
KI67 1 in 200 run5.ndpi,Annotation (germinal_center),0.039
KI67 1 in 200 run5.ndpi,Annotation (germinal_center),0.0735
KI67 1 in 200 run5.ndpi,Annotation (germinal_center),0.0421
KI67 1 in 200 run5.ndpi,Annotation (germinal_center),0.0329
KI67 1 in 200 run5.ndpi,Annotation (germinal_center),0.0327
KI67 1 in 200 run5.ndpi,Annotation (germinal_center),0.0669
KI67 1 in 200 run5.ndpi,Annotation (germinal_center),0.035
KI67 1 in 200 run5.ndpi,Annotation (germinal_center),0.0477
KI67 1 in 200 run5.ndpi,Annotation (germinal_center),0.0663
KI67 1 in 200 run5.ndpi,Annotation (germinal_center),0.0449
KI67 1 in 200 run5.ndpi,Annotation (germinal_center),0.0353
KI67 1 in 200 run5.ndpi,Annotation (germinal_center),0.0564
KI67 1 in 200 run5.ndpi,Annotation (germinal_center),0.0767
KI67 1 in 200 run5.ndpi,Annotation (germinal_center),0.0614
KI67 1 in 200 run5.ndpi,Annotation (germinal_center),0.0843
KI67 1 in 200 run5.ndpi,Annotation (germinal_center),0.0553
KI67 1 in 200 run5.ndpi,Annotation (germinal_center),0.0391
KI67 1 in 200 run5.ndpi,Annotation (germinal_center),0.0292
KI67 1 in 200 run5.ndpi,Annotation (germinal_center),0.0414
KI67 1 in 200 run5.ndpi,Annotation (germinal_center),0.0492
KI67 1 in 200 run5.ndpi,Annotation (germinal_center),0.0479
KI67 1 in 200 run5.ndpi,Annotation (germinal_center),0.0492
KI67 1 in 200 run5.ndpi,Annotation (germinal_center),0.0549
KI67 1 in 200 run5.ndpi,Annotation (germinal_center),0.0505
KI67 1 in 200 run5.ndpi,Annotation (germinal_center),0.0418
KI67 1 in 200 run5.ndpi,Annotation (germinal_center),0.0905
KI67 1 in 200 run5.ndpi,Annotation (germinal_center),0.0434
KI67 1 in 200 run5.ndpi,Annotation (germinal_center),0.0477
KI67 1 in 200 run5.ndpi,Annotation (germinal_center),0.0309
KI67 1 in 200 run5.ndpi,Annotation (germinal_center),0.0595
KI67 1 in 200 run5.ndpi,Annotation (germinal_center),0.0696
KI67 1 in 200 run5.ndpi,Annotation (germinal_center),0.0436
KI67 1 in 200 run5.ndpi,Annotation (germinal_center),0.0715
KI67 1 in 200 run5.ndpi,Annotation (germinal_center),0.0372
KI67 1 in 200 run5.ndpi,Annotation (germinal_center),0.0398
KI67 1 in 200 run5.ndpi,Annotation (germinal_center),0.0533
KI67 1 in 200 run5.ndpi,Annotation (germinal_center),0.0693
KI67 1 in 200 run5.ndpi,Annotation (germinal_center),0.0566
KI67 1 in 200 run5.ndpi,Annotation (germinal_center),0.0513
KI67 1 in 200 run5.ndpi,Annotation (germinal_center),0.044
KI67 1 in 200 run5.ndpi,Annotation (germinal_center),0.0701
KI67 1 in 200 run5.ndpi,Annotation (germinal_center),0.0434
KI67 1 in 200 run5.ndpi,Annotation (germinal_center),0.0485
KI67 1 in 200 run5.ndpi,Annotation (germinal_center),0.0381
KI67 1 in 200 run5.ndpi,Annotation (germinal_center),0.0385
KI67 1 in 200 run5.ndpi,Annotation (germinal_center),0.0449
KI67 1 in 200 run5.ndpi,Annotation (germinal_center),0.0506
KI67 1 in 200 run5.ndpi,Annotation (germinal_center),0.0764
KI67 1 in 200 run5.ndpi,Annotation (germinal_center),0.0425
KI67 1 in 200 run5.ndpi,Annotation (germinal_center),0.0338
KI67 1 in 200 run5.ndpi,Annotation (germinal_center),0.0306
KI67 1 in 200 run5.ndpi,Annotation (germinal_center),0.0401
KI67 1 in 200 run5.ndpi,Annotation (germinal_center),0.0209
KI67 1 in 200 run5.ndpi,Annotation (germinal_center),0.0952
KI67 1 in 200 run5.ndpi,Annotation (germinal_center),0.0269
KI67 1 in 200 run5.ndpi,Annotation (germinal_center),0.0607
KI67 1 in 200 run5.ndpi,Annotation (germinal_center),0.0376
KI67 1 in 200 run5.ndpi,Annotation (germinal_center),0.0478
KI67 1 in 200 run5.ndpi,Annotation (germinal_center),0.0437
KI67 1 in 200 run5.ndpi,Annotation (germinal_center),0.0479
KI67 1 in 200 run5.ndpi,Annotation (germinal_center),0.0478
KI67 1 in 200 run5.ndpi,Annotation (germinal_center),0.0624
KI67 1 in 200 run5.ndpi,Annotation (germinal_center),0.1282
KI67 1 in 200 run5.ndpi,Annotation (germinal_center),0.0669
KI67 1 in 200 run5.ndpi,Annotation (germinal_center),0.0621
KI67 1 in 200 run5.ndpi,Annotation (germinal_center),0.0565
KI67 1 in 200 run5.ndpi,Annotation (germinal_center),0.0293
KI67 1 in 200 run5.ndpi,Annotation (germinal_center),0.0311
KI67 1 in 200 run5.ndpi,Annotation (germinal_center),0.0477
KI67 1 in 200 run5.ndpi,Annotation (germinal_center),0.039
KI67 1 in 200 run5.ndpi,Annotation (germinal_center),0.0983
KI67 1 in 200 run5.ndpi,Annotation (germinal_center),0.0517
KI67 1 in 200 run5.ndpi,Annotation (germinal_center),0.0354
KI67 1 in 200 run5.ndpi,Annotation (germinal_center),0.0381
KI67 1 in 200 run5.ndpi,Annotation (germinal_center),0.0221
KI67 1 in 200 run5.ndpi,Annotation (germinal_center),0.0546
KI67 1 in 200 run5.ndpi,Annotation (germinal_center),0.04
KI67 1 in 200 run5.ndpi,Annotation (germinal_center),0.067
KI67 1 in 200 run5.ndpi,Annotation (germinal_center),0.0636
KI67 1 in 200 run5.ndpi,Annotation (germinal_center),0.0459
KI67 1 in 200 run5.ndpi,Annotation (germinal_center),0.0371
KI67 1 in 200 run5.ndpi,Annotation (germinal_center),0.076
KI67 1 in 200 run5.ndpi,Annotation (germinal_center),0.0382
KI67 1 in 200 run5.ndpi,Annotation (germinal_center),0.0562
KI67 1 in 200 run5.ndpi,Annotation (germinal_center),0.0571
KI67 1 in 200 run5.ndpi,Annotation (germinal_center),0.0977
KI67 1 in 200 run5.ndpi,Annotation (germinal_center),0.0384
KI67 1 in 200 run5.ndpi,Annotation (germinal_center),0.0455
KI67 1 in 200 run5.ndpi,Annotation (germinal_center),0.0737
KI67 1 in 200 run5.ndpi,Annotation (germinal_center),0.0578
KI67 1 in 200 run5.ndpi,Annotation (germinal_center),0.0645
KI67 1 in 200 run5.ndpi,Annotation (germinal_center),0.0967
KI67 1 in 200 run5.ndpi,Annotation (germinal_center),0.0442
KI67 1 in 200 run5.ndpi,Annotation (germinal_center),0.0599
KI67 1 in 200 run5.ndpi,Annotation (germinal_center),0.0466
KI67 1 in 200 run5.ndpi,Annotation (germinal_center),0.0322
KI67 1 in 200 run5.ndpi,Annotation (germinal_center),0.0605
KI67 1 in 200 run5.ndpi,Annotation (germinal_center),0.0853
KI67 1 in 200 run5.ndpi,Annotation (germinal_center),0.0641
KI67 1 in 200 run5.ndpi,Annotation (germinal_center),0.061
KI67 1 in 200 run5.ndpi,Annotation (germinal_center),0.0902
KI67 1 in 200 run5.ndpi,Annotation (germinal_center),0.0259
KI67 1 in 200 run5.ndpi,Annotation (germinal_center),0.0425
KI67 1 in 200 run5.ndpi,Annotation (germinal_center),0.0565
KI67 1 in 200 run5.ndpi,Annotation (germinal_center),0.0284
KI67 1 in 200 run5.ndpi,Annotation (germinal_center),0.062
KI67 1 in 200 run5.ndpi,Annotation (germinal_center),0.0478
KI67 1 in 200 run5.ndpi,Annotation (germinal_center),0.0406
KI67 1 in 200 run5.ndpi,Annotation (germinal_center),0.0372
KI67 1 in 200 run5.ndpi,Annotation (germinal_center),0.0702
KI67 1 in 200 run5.ndpi,Annotation (germinal_center),0.0497
KI67 1 in 200 run5.ndpi,Annotation (germinal_center),0.0705
KI67 1 in 200 run5.ndpi,Annotation (germinal_center),0.0485
KI67 1 in 200 run5.ndpi,Annotation (germinal_center),0.0712
KI67 1 in 200 run5.ndpi,Annotation (germinal_center),0.0807
KI67 1 in 200 run5.ndpi,Annotation (germinal_center),0.0522
KI67 1 in 200 run5.ndpi,Annotation (germinal_center),0.0685
KI67 1 in 200 run5.ndpi,Annotation (germinal_center),0.0531
KI67 1 in 200 run5.ndpi,Annotation (germinal_center),0.0642
KI67 1 in 200 run5.ndpi,Annotation (germinal_center),0.053
KI67 1 in 200 run5.ndpi,Annotation (germinal_center),0.0457
KI67 1 in 200 run5.ndpi,Annotation (germinal_center),0.0622
KI67 1 in 200 run5.ndpi,Annotation (germinal_center),0.0336
KI67 1 in 200 run5.ndpi,Annotation (germinal_center),0.0395
KI67 1 in 200 run5.ndpi,Annotation (germinal_center),0.059
KI67 1 in 200 run5.ndpi,Annotation (germinal_center),0.0704
KI67 1 in 200 run5.ndpi,Annotation (germinal_center),0.0368
KI67 1 in 200 run5.ndpi,Annotation (germinal_center),0.0386
KI67 1 in 200 run5.ndpi,Annotation (germinal_center),0.0492
KI67 1 in 200 run5.ndpi,Annotation (germinal_center),0.0588
KI67 1 in 200 run5.ndpi,Annotation (germinal_center),0.0633
KI67 1 in 200 run5.ndpi,Annotation (germinal_center),0.037
KI67 1 in 200 run5.ndpi,Annotation (germinal_center),0.0734
KI67 1 in 200 run5.ndpi,Annotation (germinal_center),0.0302
KI67 1 in 200 run5.ndpi,Annotation (germinal_center),0.0711
KI67 1 in 200 run5.ndpi,Annotation (germinal_center),0.0681
KI67 1 in 200 run5.ndpi,Annotation (germinal_center),0.0531
KI67 1 in 200 run5.ndpi,Annotation (germinal_center),0.0804
KI67 1 in 200 run5.ndpi,Annotation (germinal_center),0.0323
KI67 1 in 200 run5.ndpi,Annotation (germinal_center),0.0489
KI67 1 in 200 run5.ndpi,Annotation (germinal_center),0.0442
KI67 1 in 200 run5.ndpi,Annotation (germinal_center),0.0735
KI67 1 in 200 run5.ndpi,Annotation (germinal_center),0.0734
KI67 1 in 200 run5.ndpi,Annotation (germinal_center),0.0857
KI67 1 in 200 run5.ndpi,Annotation (germinal_center),0.0382
KI67 1 in 200 run5.ndpi,Annotation (germinal_center),0.0629
KI67 1 in 200 run5.ndpi,Annotation (germinal_center),0.0698
KI67 1 in 200 run5.ndpi,Annotation (germinal_center),0.0618
KI67 1 in 200 run5.ndpi,Annotation (germinal_center),0.1058
KI67 1 in 200 run5.ndpi,Annotation (germinal_center),0.0518
KI67 1 in 200 run5.ndpi,Annotation (germinal_center),0.0439
KI67 1 in 200 run5.ndpi,Annotation (germinal_center),0.0546
KI67 1 in 200 run5.ndpi,Annotation (germinal_center),0.0549
KI67 1 in 200 run5.ndpi,Annotation (germinal_center),0.0417
KI67 1 in 200 run5.ndpi,Annotation (germinal_center),0.0792
KI67 1 in 200 run5.ndpi,Annotation (germinal_center),0.063
KI67 1 in 200 run5.ndpi,Annotation (germinal_center),0.0527
KI67 1 in 200 run5.ndpi,Annotation (germinal_center),0.0722
KI67 1 in 200 run5.ndpi,Annotation (germinal_center),0.0695
KI67 1 in 200 run5.ndpi,Annotation (germinal_center),0.0705
KI67 1 in 200 run5.ndpi,Annotation (germinal_center),0.0756
KI67 1 in 200 run5.ndpi,Annotation (germinal_center),0.0733
KI67 1 in 200 run5.ndpi,Annotation (germinal_center),0.0508
KI67 1 in 200 run5.ndpi,Annotation (germinal_center),0.0551
KI67 1 in 200 run5.ndpi,Annotation (germinal_center),0.0379
KI67 1 in 200 run5.ndpi,Annotation (germinal_center),0.0591
KI67 1 in 200 run5.ndpi,Annotation (germinal_center),0.061
KI67 1 in 200 run5.ndpi,Annotation (germinal_center),0.0471
KI67 1 in 200 run5.ndpi,Annotation (germinal_center),0.0501
KI67 1 in 200 run5.ndpi,Annotation (germinal_center),0.0572
KI67 1 in 200 run5.ndpi,Annotation (germinal_center),0.0608
KI67 1 in 200 run5.ndpi,Annotation (germinal_center),0.0239
KI67 1 in 200 run5.ndpi,Annotation (germinal_center),0.0552
KI67 1 in 200 run5.ndpi,Annotation (germinal_center),0.0411
KI67 1 in 200 run5.ndpi,Annotation (germinal_center),0.0558
KI67 1 in 200 run5.ndpi,Annotation (germinal_center),0.0555
KI67 1 in 200 run5.ndpi,Annotation (germinal_center),0.0455
KI67 1 in 200 run5.ndpi,Annotation (germinal_center),0.0256
KI67 1 in 200 run5.ndpi,Annotation (germinal_center),0.0301
KI67 1 in 200 run5.ndpi,Annotation (germinal_center),0.0634
KI67 1 in 200 run5.ndpi,Annotation (germinal_center),0.0459
KI67 1 in 200 run5.ndpi,Annotation (germinal_center),0.0724
KI67 1 in 200 run5.ndpi,Annotation (germinal_center),0.0542
KI67 1 in 200 run5.ndpi,Annotation (germinal_center),0.0413
KI67 1 in 200 run5.ndpi,Annotation (germinal_center),0.037
KI67 1 in 200 run5.ndpi,Annotation (germinal_center),0.0588
KI67 1 in 200 run5.ndpi,Annotation (germinal_center),0.0252
KI67 1 in 200 run5.ndpi,Annotation (germinal_center),0.0796
KI67 1 in 200 run5.ndpi,Annotation (germinal_center),0.0566
KI67 1 in 200 run5.ndpi,Annotation (germinal_center),0.0598
KI67 1 in 200 run5.ndpi,Annotation (germinal_center),0.0378
KI67 1 in 200 run5.ndpi,Annotation (germinal_center),
KI67 1 in 200 run5.ndpi,Annotation (germinal_center),0.0366
KI67 1 in 200 run5.ndpi,Annotation (germinal_center),0.0933
KI67 1 in 200 run5.ndpi,Annotation (germinal_center),0.0917
KI67 1 in 200 run5.ndpi,Annotation (germinal_center),0.0479
KI67 1 in 200 run5.ndpi,Annotation (germinal_center),
KI67 1 in 200 run5.ndpi,Annotation (germinal_center),0.043
KI67 1 in 200 run5.ndpi,Annotation (germinal_center),0.0282
KI67 1 in 200 run5.ndpi,Annotation (germinal_center),0.0234
KI67 1 in 200 run5.ndpi,Annotation (germinal_center),0.0539
KI67 1 in 200 run5.ndpi,Annotation (germinal_center),0.0426
KI67 1 in 200 run5.ndpi,Annotation (germinal_center),0.0665
KI67 1 in 200 run5.ndpi,Annotation (germinal_center),0.0608
KI67 1 in 200 run5.ndpi,Annotation (germinal_center),0.0759
KI67 1 in 200 run5.ndpi,Annotation (germinal_center),0.0563
KI67 1 in 200 run5.ndpi,Annotation (germinal_center),0.0544
KI67 1 in 200 run5.ndpi,Annotation (germinal_center),0.0528
KI67 1 in 200 run5.ndpi,Annotation (germinal_center),0.0507
KI67 1 in 200 run5.ndpi,Annotation (germinal_center),0.0433
KI67 1 in 200 run5.ndpi,Annotation (germinal_center),0.0307
KI67 1 in 200 run5.ndpi,Annotation (germinal_center),0.0722
KI67 1 in 200 run5.ndpi,Annotation (germinal_center),0.0707
KI67 1 in 200 run5.ndpi,Annotation (germinal_center),0.0626
KI67 1 in 200 run5.ndpi,Annotation (germinal_center),0.0481
KI67 1 in 200 run5.ndpi,Annotation (germinal_center),0.0492
KI67 1 in 200 run5.ndpi,Annotation (germinal_center),0.0676
KI67 1 in 200 run5.ndpi,Annotation (germinal_center),0.0645
KI67 1 in 200 run5.ndpi,Annotation (germinal_center),0.0589
KI67 1 in 200 run5.ndpi,Annotation (germinal_center),0.0408
KI67 1 in 200 run5.ndpi,Annotation (germinal_center),0.048
KI67 1 in 200 run5.ndpi,Annotation (germinal_center),0.0518
KI67 1 in 200 run5.ndpi,Annotation (germinal_center),0.047
KI67 1 in 200 run5.ndpi,Annotation (germinal_center),0.0731
KI67 1 in 200 run5.ndpi,Annotation (germinal_center),0.0674
KI67 1 in 200 run5.ndpi,Annotation (germinal_center),0.0723
KI67 1 in 200 run5.ndpi,Annotation (germinal_center),0.0571
KI67 1 in 200 run5.ndpi,Annotation (germinal_center),0.0413
KI67 1 in 200 run5.ndpi,Annotation (germinal_center),0.0657
KI67 1 in 200 run5.ndpi,Annotation (germinal_center),0.0418
KI67 1 in 200 run5.ndpi,Annotation (germinal_center),0.0373
KI67 1 in 200 run5.ndpi,Annotation (germinal_center),0.0781
KI67 1 in 200 run5.ndpi,Annotation (germinal_center),0.044
KI67 1 in 200 run5.ndpi,Annotation (germinal_center),0.041
KI67 1 in 200 run5.ndpi,Annotation (germinal_center),0.1058
KI67 1 in 200 run5.ndpi,Annotation (germinal_center),0.0565
KI67 1 in 200 run5.ndpi,Annotation (germinal_center),0.0401
KI67 1 in 200 run5.ndpi,Annotation (germinal_center),0.0571
KI67 1 in 200 run5.ndpi,Annotation (germinal_center),0.0585
KI67 1 in 200 run5.ndpi,Annotation (germinal_center),0.0176
KI67 1 in 200 run5.ndpi,Annotation (germinal_center),0.0593
KI67 1 in 200 run5.ndpi,Annotation (germinal_center),0.1378
KI67 1 in 200 run5.ndpi,Annotation (germinal_center),0.0464
KI67 1 in 200 run5.ndpi,Annotation (germinal_center),0.0522
KI67 1 in 200 run5.ndpi,Annotation (germinal_center),0.0468
KI67 1 in 200 run5.ndpi,Annotation (germinal_center),0.0671
KI67 1 in 200 run5.ndpi,Annotation (germinal_center),0.0356
KI67 1 in 200 run5.ndpi,Annotation (germinal_center),0.0707
KI67 1 in 200 run5.ndpi,Annotation (germinal_center),0.0357
KI67 1 in 200 run5.ndpi,Annotation (germinal_center),0.0386
KI67 1 in 200 run5.ndpi,Annotation (germinal_center),0.0496
KI67 1 in 200 run5.ndpi,Annotation (germinal_center),0.0531
KI67 1 in 200 run5.ndpi,Annotation (germinal_center),0.0775
KI67 1 in 200 run5.ndpi,Annotation (germinal_center),0.0398
KI67 1 in 200 run5.ndpi,Annotation (germinal_center),0.0418
KI67 1 in 200 run5.ndpi,Annotation (germinal_center),0.081
KI67 1 in 200 run5.ndpi,Annotation (germinal_center),0.0768
KI67 1 in 200 run5.ndpi,Annotation (germinal_center),0.0247
KI67 1 in 200 run5.ndpi,Annotation (germinal_center),0.0338
KI67 1 in 200 run5.ndpi,Annotation (germinal_center),0.0467
KI67 1 in 200 run5.ndpi,Annotation (germinal_center),0.0421
KI67 1 in 200 run5.ndpi,Annotation (germinal_center),0.0634
KI67 1 in 200 run5.ndpi,Annotation (germinal_center),0.0488
KI67 1 in 200 run5.ndpi,Annotation (germinal_center),0.0552
KI67 1 in 200 run5.ndpi,Annotation (germinal_center),0.0932
KI67 1 in 200 run5.ndpi,Annotation (germinal_center),0.0287
KI67 1 in 200 run5.ndpi,Annotation (germinal_center),0.0373
KI67 1 in 200 run5.ndpi,Annotation (germinal_center),0.0395
KI67 1 in 200 run5.ndpi,Annotation (germinal_center),0.0383
KI67 1 in 200 run5.ndpi,Annotation (germinal_center),0.0686
KI67 1 in 200 run5.ndpi,Annotation (germinal_center),0.0467
KI67 1 in 200 run5.ndpi,Annotation (germinal_center),0.0328
KI67 1 in 200 run5.ndpi,Annotation (germinal_center),0.026
KI67 1 in 200 run5.ndpi,Annotation (germinal_center),0.0601
KI67 1 in 200 run5.ndpi,Annotation (germinal_center),0.0444
KI67 1 in 200 run5.ndpi,Annotation (germinal_center),0.0374
KI67 1 in 200 run5.ndpi,Annotation (germinal_center),0.0239
KI67 1 in 200 run5.ndpi,Annotation (germinal_center),0.0569
KI67 1 in 200 run5.ndpi,Annotation (germinal_center),0.0289
KI67 1 in 200 run5.ndpi,Annotation (germinal_center),0.0364
KI67 1 in 200 run5.ndpi,Annotation (germinal_center),0.0298
KI67 1 in 200 run5.ndpi,Annotation (germinal_center),0.0607
KI67 1 in 200 run5.ndpi,Annotation (germinal_center),0.0355
KI67 1 in 200 run5.ndpi,Annotation (germinal_center),0.0411
KI67 1 in 200 run5.ndpi,Annotation (germinal_center),0.0229
KI67 1 in 200 run5.ndpi,Annotation (germinal_center),0.0287
KI67 1 in 200 run5.ndpi,Annotation (germinal_center),0.0316
KI67 1 in 200 run5.ndpi,Annotation (germinal_center),0.1301
KI67 1 in 200 run5.ndpi,Annotation (germinal_center),0.0532
KI67 1 in 200 run5.ndpi,Annotation (germinal_center),0.0259
KI67 1 in 200 run5.ndpi,Annotation (germinal_center),0.0364
KI67 1 in 200 run5.ndpi,Annotation (germinal_center),0.1151
KI67 1 in 200 run5.ndpi,Annotation (germinal_center),0.0483
KI67 1 in 200 run5.ndpi,Annotation (germinal_center),0.0944
KI67 1 in 200 run5.ndpi,Annotation (germinal_center),0.0672
KI67 1 in 200 run5.ndpi,Annotation (germinal_center),0.0421
KI67 1 in 200 run5.ndpi,Annotation (germinal_center),0.0527
KI67 1 in 200 run5.ndpi,Annotation (germinal_center),0.0985
KI67 1 in 200 run5.ndpi,Annotation (germinal_center),0.0982
KI67 1 in 200 run5.ndpi,Annotation (germinal_center),0.059
KI67 1 in 200 run5.ndpi,Annotation (germinal_center),0.0715
KI67 1 in 200 run5.ndpi,Annotation (germinal_center),0.0659
KI67 1 in 200 run5.ndpi,Annotation (germinal_center),0.0655
KI67 1 in 200 run5.ndpi,Annotation (germinal_center),0.0597
KI67 1 in 200 run5.ndpi,Annotation (germinal_center),0.0595
KI67 1 in 200 run5.ndpi,Annotation (germinal_center),0.0938
KI67 1 in 200 run5.ndpi,Annotation (germinal_center),0.0894
KI67 1 in 200 run5.ndpi,Annotation (germinal_center),0.0657
KI67 1 in 200 run5.ndpi,Annotation (germinal_center),0.0752
KI67 1 in 200 run5.ndpi,Annotation (germinal_center),0.0531
KI67 1 in 200 run5.ndpi,Annotation (germinal_center),0.0621
KI67 1 in 200 run5.ndpi,Annotation (germinal_center),0.0817
KI67 1 in 200 run5.ndpi,Annotation (germinal_center),0.0848
KI67 1 in 200 run5.ndpi,Annotation (germinal_center),0.081
KI67 1 in 200 run5.ndpi,Annotation (germinal_center),0.0788
KI67 1 in 200 run5.ndpi,Annotation (germinal_center),0.0972
KI67 1 in 200 run5.ndpi,Annotation (germinal_center),0.0652
KI67 1 in 200 run5.ndpi,Annotation (germinal_center),0.1331
KI67 1 in 200 run5.ndpi,Annotation (germinal_center),0.072
KI67 1 in 200 run5.ndpi,Annotation (germinal_center),0.0777
KI67 1 in 200 run5.ndpi,Annotation (germinal_center),0.0727
KI67 1 in 200 run5.ndpi,Annotation (germinal_center),
KI67 1 in 200 run5.ndpi,Annotation (germinal_center),0.0898
KI67 1 in 200 run5.ndpi,Annotation (germinal_center),0.0542
KI67 1 in 200 run5.ndpi,Annotation (germinal_center),0.0843
KI67 1 in 200 run5.ndpi,Annotation (germinal_center),0.0666
KI67 1 in 200 run5.ndpi,Annotation (germinal_center),0.0694
KI67 1 in 200 run5.ndpi,Annotation (germinal_center),0.0625
KI67 1 in 200 run5.ndpi,Annotation (germinal_center),0.0627
KI67 1 in 200 run5.ndpi,Annotation (germinal_center),0.0844
KI67 1 in 200 run5.ndpi,Annotation (germinal_center),0.0682
KI67 1 in 200 run5.ndpi,Annotation (germinal_center),0.0681
KI67 1 in 200 run5.ndpi,Annotation (germinal_center),0.0681
KI67 1 in 200 run5.ndpi,Annotation (germinal_center),0.0837
KI67 1 in 200 run5.ndpi,Annotation (germinal_center),0.0481
KI67 1 in 200 run5.ndpi,Annotation (germinal_center),0.089
KI67 1 in 200 run5.ndpi,Annotation (germinal_center),0.0619
KI67 1 in 200 run5.ndpi,Annotation (germinal_center),0.4229
KI67 1 in 200 run5.ndpi,Annotation (germinal_center),0.0531
KI67 1 in 200 run5.ndpi,Annotation (germinal_center),0.0559
KI67 1 in 200 run5.ndpi,Annotation (germinal_center),0.0876
KI67 1 in 200 run5.ndpi,Annotation (germinal_center),0.0838
KI67 1 in 200 run5.ndpi,Annotation (germinal_center),0.1004
KI67 1 in 200 run5.ndpi,Annotation (germinal_center),0.0528
KI67 1 in 200 run5.ndpi,Annotation (germinal_center),0.06
KI67 1 in 200 run5.ndpi,Annotation (germinal_center),0.0502
KI67 1 in 200 run5.ndpi,Annotation (germinal_center),0.0673
KI67 1 in 200 run5.ndpi,Annotation (germinal_center),0.0611
KI67 1 in 200 run5.ndpi,Annotation (germinal_center),0.0803
KI67 1 in 200 run5.ndpi,Annotation (germinal_center),0.0847
KI67 1 in 200 run5.ndpi,Annotation (germinal_center),0.0783
KI67 1 in 200 run5.ndpi,Annotation (germinal_center),0.0331
KI67 1 in 200 run5.ndpi,Annotation (germinal_center),0.0576
KI67 1 in 200 run5.ndpi,Annotation (germinal_center),0.0657
KI67 1 in 200 run5.ndpi,Annotation (germinal_center),0.0751
KI67 1 in 200 run5.ndpi,Annotation (germinal_center),0.0654
KI67 1 in 200 run5.ndpi,Annotation (germinal_center),0.045
KI67 1 in 200 run5.ndpi,Annotation (germinal_center),0.0741
KI67 1 in 200 run5.ndpi,Annotation (germinal_center),0.0796
KI67 1 in 200 run5.ndpi,Annotation (germinal_center),0.054
KI67 1 in 200 run5.ndpi,Annotation (germinal_center),0.018
KI67 1 in 200 run5.ndpi,Annotation (germinal_center),0.0933
KI67 1 in 200 run5.ndpi,Annotation (germinal_center),0.0507
KI67 1 in 200 run5.ndpi,Annotation (germinal_center),0.0695
KI67 1 in 200 run5.ndpi,Annotation (germinal_center),0.0665
KI67 1 in 200 run5.ndpi,Annotation (germinal_center),0.0908
KI67 1 in 200 run5.ndpi,Annotation (germinal_center),0.075
KI67 1 in 200 run5.ndpi,Annotation (germinal_center),0.0295
KI67 1 in 200 run5.ndpi,Annotation (germinal_center),0.0803
KI67 1 in 200 run5.ndpi,Annotation (germinal_center),0.042
KI67 1 in 200 run5.ndpi,Annotation (germinal_center),0.0552
KI67 1 in 200 run5.ndpi,Annotation (germinal_center),0.0548
KI67 1 in 200 run5.ndpi,Annotation (germinal_center),0.0558
KI67 1 in 200 run5.ndpi,Annotation (germinal_center),0.0473
KI67 1 in 200 run5.ndpi,Annotation (germinal_center),0.0889
KI67 1 in 200 run5.ndpi,Annotation (germinal_center),0.055
KI67 1 in 200 run5.ndpi,Annotation (germinal_center),0.0405
KI67 1 in 200 run5.ndpi,Annotation (germinal_center),0.047
KI67 1 in 200 run5.ndpi,Annotation (germinal_center),0.0623
KI67 1 in 200 run5.ndpi,Annotation (germinal_center),0.058
KI67 1 in 200 run5.ndpi,Annotation (germinal_center),0.0364
KI67 1 in 200 run5.ndpi,Annotation (germinal_center),0.0911
KI67 1 in 200 run5.ndpi,Annotation (germinal_center),0.0559
KI67 1 in 200 run5.ndpi,Annotation (germinal_center),0.0743
KI67 1 in 200 run5.ndpi,Annotation (germinal_center),0.1265
KI67 1 in 200 run5.ndpi,Annotation (germinal_center),0.0401
KI67 1 in 200 run5.ndpi,Annotation (germinal_center),0.0547
KI67 1 in 200 run5.ndpi,Annotation (germinal_center),0.0594
KI67 1 in 200 run5.ndpi,Annotation (germinal_center),0.0727
KI67 1 in 200 run5.ndpi,Annotation (germinal_center),0.0494
KI67 1 in 200 run5.ndpi,Annotation (germinal_center),0.0673
KI67 1 in 200 run5.ndpi,Annotation (germinal_center),0.0605
KI67 1 in 200 run5.ndpi,Annotation (germinal_center),0.0397
KI67 1 in 200 run5.ndpi,Annotation (germinal_center),0.0579
KI67 1 in 200 run5.ndpi,Annotation (germinal_center),0.0483
KI67 1 in 200 run5.ndpi,Annotation (germinal_center),0.053
KI67 1 in 200 run5.ndpi,Annotation (germinal_center),0.0674
KI67 1 in 200 run5.ndpi,Annotation (germinal_center),0.0775
KI67 1 in 200 run5.ndpi,Annotation (germinal_center),0.0558
KI67 1 in 200 run5.ndpi,Annotation (germinal_center),0.0412
KI67 1 in 200 run5.ndpi,Annotation (germinal_center),0.0356
KI67 1 in 200 run5.ndpi,Annotation (germinal_center),0.0392
KI67 1 in 200 run5.ndpi,Annotation (germinal_center),0.0387
KI67 1 in 200 run5.ndpi,Annotation (germinal_center),0.0793
KI67 1 in 200 run5.ndpi,Annotation (germinal_center),0.0456
KI67 1 in 200 run5.ndpi,Annotation (germinal_center),0.0878
KI67 1 in 200 run5.ndpi,Annotation (germinal_center),0.035
KI67 1 in 200 run5.ndpi,Annotation (germinal_center),0.0289
KI67 1 in 200 run5.ndpi,Annotation (germinal_center),0.0444
KI67 1 in 200 run5.ndpi,Annotation (germinal_center),0.0459
KI67 1 in 200 run5.ndpi,Annotation (germinal_center),0.0618
KI67 1 in 200 run5.ndpi,Annotation (germinal_center),0.0505
KI67 1 in 200 run5.ndpi,Annotation (germinal_center),0.0428
KI67 1 in 200 run5.ndpi,Annotation (germinal_center),0.0538
KI67 1 in 200 run5.ndpi,Annotation (germinal_center),0.0612
KI67 1 in 200 run5.ndpi,Annotation (germinal_center),0.0524
KI67 1 in 200 run5.ndpi,Annotation (germinal_center),0.0357
KI67 1 in 200 run5.ndpi,Annotation (germinal_center),0.0901
KI67 1 in 200 run5.ndpi,Annotation (germinal_center),0.0323
KI67 1 in 200 run5.ndpi,Annotation (germinal_center),0.072
KI67 1 in 200 run5.ndpi,Annotation (germinal_center),0.0661
KI67 1 in 200 run5.ndpi,Annotation (germinal_center),0.045
KI67 1 in 200 run5.ndpi,Annotation (germinal_center),0.0481
KI67 1 in 200 run5.ndpi,Annotation (germinal_center),0.0719
KI67 1 in 200 run5.ndpi,Annotation (germinal_center),0.0316
KI67 1 in 200 run5.ndpi,Annotation (germinal_center),0.0476
KI67 1 in 200 run5.ndpi,Annotation (germinal_center),0.021
KI67 1 in 200 run5.ndpi,Annotation (germinal_center),0.0641
KI67 1 in 200 run5.ndpi,Annotation (germinal_center),0.0586
KI67 1 in 200 run5.ndpi,Annotation (germinal_center),0.0536
KI67 1 in 200 run5.ndpi,Annotation (germinal_center),0.0465
KI67 1 in 200 run5.ndpi,Annotation (germinal_center),0.0268
KI67 1 in 200 run5.ndpi,Annotation (germinal_center),0.0471
KI67 1 in 200 run5.ndpi,Annotation (germinal_center),0.0158
KI67 1 in 200 run5.ndpi,Annotation (germinal_center),0.0691
KI67 1 in 200 run5.ndpi,Annotation (germinal_center),0.0703
KI67 1 in 200 run5.ndpi,Annotation (germinal_center),0.031
KI67 1 in 200 run5.ndpi,Annotation (germinal_center),0.039
KI67 1 in 200 run5.ndpi,Annotation (germinal_center),0.0309
KI67 1 in 200 run5.ndpi,Annotation (germinal_center),0.0606
KI67 1 in 200 run5.ndpi,Annotation (germinal_center),0.0364
KI67 1 in 200 run5.ndpi,Annotation (germinal_center),0.0566
KI67 1 in 200 run5.ndpi,Annotation (germinal_center),0.038
KI67 1 in 200 run5.ndpi,Annotation (germinal_center),0.0325
KI67 1 in 200 run5.ndpi,Annotation (germinal_center),0.138
KI67 1 in 200 run5.ndpi,Annotation (germinal_center),0.0286
KI67 1 in 200 run5.ndpi,Annotation (germinal_center),0.1057
KI67 1 in 200 run5.ndpi,Annotation (germinal_center),0.034
KI67 1 in 200 run5.ndpi,Annotation (germinal_center),0.0243
KI67 1 in 200 run5.ndpi,Annotation (germinal_center),0.0696
KI67 1 in 200 run5.ndpi,Annotation (germinal_center),0.0554
KI67 1 in 200 run5.ndpi,Annotation (germinal_center),0.0574
KI67 1 in 200 run5.ndpi,Annotation (germinal_center),0.0345
KI67 1 in 200 run5.ndpi,Annotation (germinal_center),0.0338
KI67 1 in 200 run5.ndpi,Annotation (germinal_center),0.0537
KI67 1 in 200 run5.ndpi,Annotation (germinal_center),0.0581
KI67 1 in 200 run5.ndpi,Annotation (germinal_center),0.0268
KI67 1 in 200 run5.ndpi,Annotation (germinal_center),0.0419
KI67 1 in 200 run5.ndpi,Annotation (germinal_center),0.0659
KI67 1 in 200 run5.ndpi,Annotation (germinal_center),0.0436
KI67 1 in 200 run5.ndpi,Annotation (germinal_center),0.0359
KI67 1 in 200 run5.ndpi,Annotation (germinal_center),0.3508
KI67 1 in 200 run5.ndpi,Annotation (germinal_center),0.0589
KI67 1 in 200 run5.ndpi,Annotation (germinal_center),0.0329
KI67 1 in 200 run5.ndpi,Annotation (germinal_center),0.0294
KI67 1 in 200 run5.ndpi,Annotation (germinal_center),0.034
KI67 1 in 200 run5.ndpi,Annotation (germinal_center),0.0335
KI67 1 in 200 run5.ndpi,Annotation (germinal_center),0.0197
KI67 1 in 200 run5.ndpi,Annotation (germinal_center),0.0388
KI67 1 in 200 run5.ndpi,Annotation (germinal_center),0.092
KI67 1 in 200 run5.ndpi,Annotation (germinal_center),0.0553
KI67 1 in 200 run5.ndpi,Annotation (germinal_center),0.0531
KI67 1 in 200 run5.ndpi,Annotation (germinal_center),0.0496
KI67 1 in 200 run5.ndpi,Annotation (germinal_center),0.0595
KI67 1 in 200 run5.ndpi,Annotation (germinal_center),0.0277
KI67 1 in 200 run5.ndpi,Annotation (germinal_center),0.0404
KI67 1 in 200 run5.ndpi,Annotation (germinal_center),0.0648
KI67 1 in 200 run5.ndpi,Annotation (germinal_center),0.0691
KI67 1 in 200 run5.ndpi,Annotation (germinal_center),0.0466
KI67 1 in 200 run5.ndpi,Annotation (germinal_center),0.0604
KI67 1 in 200 run5.ndpi,Annotation (germinal_center),0.0527
KI67 1 in 200 run5.ndpi,Annotation (germinal_center),0.0355
KI67 1 in 200 run5.ndpi,Annotation (germinal_center),0.0158
KI67 1 in 200 run5.ndpi,Annotation (germinal_center),0.0606
KI67 1 in 200 run5.ndpi,Annotation (germinal_center),0.0686
KI67 1 in 200 run5.ndpi,Annotation (germinal_center),0.0504
KI67 1 in 200 run5.ndpi,Annotation (germinal_center),0.038
KI67 1 in 200 run5.ndpi,Annotation (germinal_center),0.0379
KI67 1 in 200 run5.ndpi,Annotation (germinal_center),0.0907
KI67 1 in 200 run5.ndpi,Annotation (germinal_center),0.0351
KI67 1 in 200 run5.ndpi,Annotation (germinal_center),0.0262
KI67 1 in 200 run5.ndpi,Annotation (germinal_center),0.0713
KI67 1 in 200 run5.ndpi,Annotation (germinal_center),0.1111
KI67 1 in 200 run5.ndpi,Annotation (germinal_center),0.0891
KI67 1 in 200 run5.ndpi,Annotation (germinal_center),0.0414
KI67 1 in 200 run5.ndpi,Annotation (germinal_center),0.0533
KI67 1 in 200 run5.ndpi,Annotation (germinal_center),0.0552
KI67 1 in 200 run5.ndpi,Annotation (germinal_center),0.0418
KI67 1 in 200 run5.ndpi,Annotation (germinal_center),0.0738
KI67 1 in 200 run5.ndpi,Annotation (germinal_center),0.0369
KI67 1 in 200 run5.ndpi,Annotation (germinal_center),0.0609
KI67 1 in 200 run5.ndpi,Annotation (germinal_center),0.0562
KI67 1 in 200 run5.ndpi,Annotation (germinal_center),0.0634
KI67 1 in 200 run5.ndpi,Annotation (germinal_center),0.0367
KI67 1 in 200 run5.ndpi,Annotation (germinal_center),0.0373
KI67 1 in 200 run5.ndpi,Annotation (germinal_center),0.0766
KI67 1 in 200 run5.ndpi,Annotation (germinal_center),0.0383
KI67 1 in 200 run5.ndpi,Annotation (germinal_center),0.0703
KI67 1 in 200 run5.ndpi,Annotation (germinal_center),0.0536
KI67 1 in 200 run5.ndpi,Annotation (germinal_center),0.0289
KI67 1 in 200 run5.ndpi,Annotation (germinal_center),0.0552
KI67 1 in 200 run5.ndpi,Annotation (germinal_center),0.0424
KI67 1 in 200 run5.ndpi,Annotation (germinal_center),0.0357
KI67 1 in 200 run5.ndpi,Annotation (germinal_center),0.0693
KI67 1 in 200 run5.ndpi,Annotation (germinal_center),0.0468
KI67 1 in 200 run5.ndpi,Annotation (germinal_center),0.0735
KI67 1 in 200 run5.ndpi,Annotation (germinal_center),0.0962
KI67 1 in 200 run5.ndpi,Annotation (germinal_center),0.0738
KI67 1 in 200 run5.ndpi,Annotation (germinal_center),0.0702
KI67 1 in 200 run5.ndpi,Annotation (germinal_center),0.0467
KI67 1 in 200 run5.ndpi,Annotation (germinal_center),0.0356
KI67 1 in 200 run5.ndpi,Annotation (germinal_center),0.0686
KI67 1 in 200 run5.ndpi,Annotation (germinal_center),0.0402
KI67 1 in 200 run5.ndpi,Annotation (germinal_center),0.0281
KI67 1 in 200 run5.ndpi,Annotation (germinal_center),0.0687
KI67 1 in 200 run5.ndpi,Annotation (germinal_center),0.0367
KI67 1 in 200 run5.ndpi,Annotation (germinal_center),0.0611
KI67 1 in 200 run5.ndpi,Annotation (germinal_center),0.0407
KI67 1 in 200 run5.ndpi,Annotation (germinal_center),0.036
KI67 1 in 200 run5.ndpi,Annotation (germinal_center),0.0483
KI67 1 in 200 run5.ndpi,Annotation (germinal_center),0.0429
KI67 1 in 200 run5.ndpi,Annotation (germinal_center),0.0495
KI67 1 in 200 run5.ndpi,Annotation (germinal_center),0.035
KI67 1 in 200 run5.ndpi,Annotation (germinal_center),0.0465
KI67 1 in 200 run5.ndpi,Annotation (germinal_center),0.0493
KI67 1 in 200 run5.ndpi,Annotation (germinal_center),0.0337
KI67 1 in 200 run5.ndpi,Annotation (germinal_center),0.0508
KI67 1 in 200 run5.ndpi,Annotation (germinal_center),0.0409
KI67 1 in 200 run5.ndpi,Annotation (germinal_center),0.0531
KI67 1 in 200 run5.ndpi,Annotation (germinal_center),0.0932
KI67 1 in 200 run5.ndpi,Annotation (germinal_center),0.0921
KI67 1 in 200 run5.ndpi,Annotation (germinal_center),0.0313
KI67 1 in 200 run5.ndpi,Annotation (germinal_center),0.0276
KI67 1 in 200 run5.ndpi,Annotation (germinal_center),0.0578
KI67 1 in 200 run5.ndpi,Annotation (germinal_center),0.08
KI67 1 in 200 run5.ndpi,Annotation (germinal_center),0.0506
KI67 1 in 200 run5.ndpi,Annotation (germinal_center),0.038
KI67 1 in 200 run5.ndpi,Annotation (germinal_center),0.028
KI67 1 in 200 run5.ndpi,Annotation (germinal_center),0.0623
KI67 1 in 200 run5.ndpi,Annotation (germinal_center),0.0484
KI67 1 in 200 run5.ndpi,Annotation (germinal_center),0.0522
KI67 1 in 200 run5.ndpi,Annotation (germinal_center),0.0481
KI67 1 in 200 run5.ndpi,Annotation (germinal_center),0.0358
KI67 1 in 200 run5.ndpi,Annotation (germinal_center),0.0734
KI67 1 in 200 run5.ndpi,Annotation (germinal_center),0.0807
KI67 1 in 200 run5.ndpi,Annotation (germinal_center),0.0449
KI67 1 in 200 run5.ndpi,Annotation (germinal_center),0.0343
KI67 1 in 200 run5.ndpi,Annotation (germinal_center),0.0384
KI67 1 in 200 run5.ndpi,Annotation (germinal_center),0.0691
KI67 1 in 200 run5.ndpi,Annotation (germinal_center),0.0447
KI67 1 in 200 run5.ndpi,Annotation (germinal_center),0.0464
KI67 1 in 200 run5.ndpi,Annotation (germinal_center),0.0537
KI67 1 in 200 run5.ndpi,Annotation (germinal_center),0.0362
KI67 1 in 200 run5.ndpi,Annotation (germinal_center),0.036
KI67 1 in 200 run5.ndpi,Annotation (germinal_center),0.0529
KI67 1 in 200 run5.ndpi,Annotation (germinal_center),0.0472
KI67 1 in 200 run5.ndpi,Annotation (germinal_center),0.0758
KI67 1 in 200 run5.ndpi,Annotation (germinal_center),0.0493
KI67 1 in 200 run5.ndpi,Annotation (germinal_center),0.0751
KI67 1 in 200 run5.ndpi,Annotation (germinal_center),0.0457
KI67 1 in 200 run5.ndpi,Annotation (germinal_center),0.1048
KI67 1 in 200 run5.ndpi,Annotation (germinal_center),0.0666
KI67 1 in 200 run5.ndpi,Annotation (germinal_center),0.0711
KI67 1 in 200 run5.ndpi,Annotation (germinal_center),0.041
KI67 1 in 200 run5.ndpi,Annotation (germinal_center),0.0762
KI67 1 in 200 run5.ndpi,Annotation (germinal_center),0.0455
KI67 1 in 200 run5.ndpi,Annotation (germinal_center),0.07
KI67 1 in 200 run5.ndpi,Annotation (germinal_center),0.0294
KI67 1 in 200 run5.ndpi,Annotation (germinal_center),0.0414
KI67 1 in 200 run5.ndpi,Annotation (germinal_center),0.0431
KI67 1 in 200 run5.ndpi,Annotation (germinal_center),0.058
KI67 1 in 200 run5.ndpi,Annotation (germinal_center),0.0689
KI67 1 in 200 run5.ndpi,Annotation (germinal_center),0.0545
KI67 1 in 200 run5.ndpi,Annotation (germinal_center),0.0459
KI67 1 in 200 run5.ndpi,Annotation (germinal_center),0.0625
KI67 1 in 200 run5.ndpi,Annotation (germinal_center),0.0473
KI67 1 in 200 run5.ndpi,Annotation (germinal_center),0.0662
KI67 1 in 200 run5.ndpi,Annotation (germinal_center),0.0456
KI67 1 in 200 run5.ndpi,Annotation (germinal_center),0.0377
KI67 1 in 200 run5.ndpi,Annotation (germinal_center),0.043
KI67 1 in 200 run5.ndpi,Annotation (germinal_center),0.0404
KI67 1 in 200 run5.ndpi,Annotation (germinal_center),0.078
KI67 1 in 200 run5.ndpi,Annotation (germinal_center),0.0395
KI67 1 in 200 run5.ndpi,Annotation (germinal_center),0.0654
KI67 1 in 200 run5.ndpi,Annotation (germinal_center),0.0393
KI67 1 in 200 run5.ndpi,Annotation (germinal_center),0.0311
KI67 1 in 200 run5.ndpi,Annotation (germinal_center),0.0536
KI67 1 in 200 run5.ndpi,Annotation (germinal_center),0.0443
KI67 1 in 200 run5.ndpi,Annotation (germinal_center),0.0374
KI67 1 in 200 run5.ndpi,Annotation (germinal_center),0.0484
KI67 1 in 200 run5.ndpi,Annotation (germinal_center),0.0673
KI67 1 in 200 run5.ndpi,Annotation (germinal_center),0.0489
KI67 1 in 200 run5.ndpi,Annotation (germinal_center),0.0372
KI67 1 in 200 run5.ndpi,Annotation (germinal_center),0.0621
KI67 1 in 200 run5.ndpi,Annotation (germinal_center),0.0321
KI67 1 in 200 run5.ndpi,Annotation (germinal_center),0.0347
KI67 1 in 200 run5.ndpi,Annotation (germinal_center),0.0484
KI67 1 in 200 run5.ndpi,Annotation (germinal_center),0.0557
KI67 1 in 200 run5.ndpi,Annotation (germinal_center),0.0836
KI67 1 in 200 run5.ndpi,Annotation (germinal_center),0.0453
KI67 1 in 200 run5.ndpi,Annotation (germinal_center),0.0551
KI67 1 in 200 run5.ndpi,Annotation (germinal_center),0.0854
KI67 1 in 200 run5.ndpi,Annotation (germinal_center),0.0608
KI67 1 in 200 run5.ndpi,Annotation (germinal_center),0.0373
KI67 1 in 200 run5.ndpi,Annotation (germinal_center),0.077
KI67 1 in 200 run5.ndpi,Annotation (germinal_center),0.0241
KI67 1 in 200 run5.ndpi,Annotation (germinal_center),0.0195
KI67 1 in 200 run5.ndpi,Annotation (germinal_center),0.0432
KI67 1 in 200 run5.ndpi,Annotation (germinal_center),0.0476
KI67 1 in 200 run5.ndpi,Annotation (germinal_center),0.0345
KI67 1 in 200 run5.ndpi,Annotation (germinal_center),0.0941
KI67 1 in 200 run5.ndpi,Annotation (germinal_center),0.0413
KI67 1 in 200 run5.ndpi,Annotation (germinal_center),0.0501
KI67 1 in 200 run5.ndpi,Annotation (germinal_center),0.069
KI67 1 in 200 run5.ndpi,Annotation (germinal_center),0.0372
KI67 1 in 200 run5.ndpi,Annotation (germinal_center),0.0723
KI67 1 in 200 run5.ndpi,Annotation (germinal_center),0.0915
KI67 1 in 200 run5.ndpi,Annotation (germinal_center),0.0477
KI67 1 in 200 run5.ndpi,Annotation (germinal_center),0.0229
KI67 1 in 200 run5.ndpi,Annotation (germinal_center),0.0392
KI67 1 in 200 run5.ndpi,Annotation (germinal_center),0.0679
KI67 1 in 200 run5.ndpi,Annotation (germinal_center),0.0494
KI67 1 in 200 run5.ndpi,Annotation (germinal_center),0.0399
KI67 1 in 200 run5.ndpi,Annotation (germinal_center),0.0538
KI67 1 in 200 run5.ndpi,Annotation (germinal_center),0.0504
KI67 1 in 200 run5.ndpi,Annotation (germinal_center),0.0442
KI67 1 in 200 run5.ndpi,Annotation (germinal_center),0.0752
KI67 1 in 200 run5.ndpi,Annotation (germinal_center),0.036
KI67 1 in 200 run5.ndpi,Annotation (germinal_center),0.0394
KI67 1 in 200 run5.ndpi,Annotation (germinal_center),0.0355
KI67 1 in 200 run5.ndpi,Annotation (germinal_center),0.0819
KI67 1 in 200 run5.ndpi,Annotation (germinal_center),0.0475
KI67 1 in 200 run5.ndpi,Annotation (germinal_center),0.0495
KI67 1 in 200 run5.ndpi,Annotation (germinal_center),0.0325
KI67 1 in 200 run5.ndpi,Annotation (germinal_center),0.0424
KI67 1 in 200 run5.ndpi,Annotation (germinal_center),0.0644
KI67 1 in 200 run5.ndpi,Annotation (germinal_center),0.0467
KI67 1 in 200 run5.ndpi,Annotation (germinal_center),0.0485
KI67 1 in 200 run5.ndpi,Annotation (germinal_center),0.0828
KI67 1 in 200 run5.ndpi,Annotation (germinal_center),0.0527
KI67 1 in 200 run5.ndpi,Annotation (germinal_center),0.0925
KI67 1 in 200 run5.ndpi,Annotation (germinal_center),0.0634
KI67 1 in 200 run5.ndpi,Annotation (germinal_center),0.0568
KI67 1 in 200 run5.ndpi,Annotation (germinal_center),0.0514
KI67 1 in 200 run5.ndpi,Annotation (germinal_center),0.0326
KI67 1 in 200 run5.ndpi,Annotation (germinal_center),0.0488
KI67 1 in 200 run5.ndpi,Annotation (germinal_center),0.0488
KI67 1 in 200 run5.ndpi,Annotation (germinal_center),0.0579
KI67 1 in 200 run5.ndpi,Annotation (germinal_center),0.0699
KI67 1 in 200 run5.ndpi,Annotation (germinal_center),0.0495
KI67 1 in 200 run5.ndpi,Annotation (germinal_center),0.0491
KI67 1 in 200 run5.ndpi,Annotation (germinal_center),0.0623
KI67 1 in 200 run5.ndpi,Annotation (germinal_center),0.0426
KI67 1 in 200 run5.ndpi,Annotation (germinal_center),0.0516
KI67 1 in 200 run5.ndpi,Annotation (germinal_center),0.0455
KI67 1 in 200 run5.ndpi,Annotation (germinal_center),0.0248
KI67 1 in 200 run5.ndpi,Annotation (germinal_center),0.0328
KI67 1 in 200 run5.ndpi,Annotation (germinal_center),0.0365
KI67 1 in 200 run5.ndpi,Annotation (germinal_center),0.04
KI67 1 in 200 run5.ndpi,Annotation (germinal_center),0.0358
KI67 1 in 200 run5.ndpi,Annotation (germinal_center),0.0283
KI67 1 in 200 run5.ndpi,Annotation (germinal_center),0.0396
KI67 1 in 200 run5.ndpi,Annotation (germinal_center),0.0341
KI67 1 in 200 run5.ndpi,Annotation (germinal_center),0.058
KI67 1 in 200 run5.ndpi,Annotation (germinal_center),0.0466
KI67 1 in 200 run5.ndpi,Annotation (germinal_center),0.027
KI67 1 in 200 run5.ndpi,Annotation (germinal_center),0.032
KI67 1 in 200 run5.ndpi,Annotation (germinal_center),0.0267
KI67 1 in 200 run5.ndpi,Annotation (germinal_center),0.023
KI67 1 in 200 run5.ndpi,Annotation (germinal_center),0.0379
KI67 1 in 200 run5.ndpi,Annotation (germinal_center),0.0345
KI67 1 in 200 run5.ndpi,Annotation (germinal_center),0.0381
KI67 1 in 200 run5.ndpi,Annotation (germinal_center),0.0437
KI67 1 in 200 run5.ndpi,Annotation (germinal_center),0.0697
KI67 1 in 200 run5.ndpi,Annotation (germinal_center),0.0537
KI67 1 in 200 run5.ndpi,Annotation (germinal_center),0.0337
KI67 1 in 200 run5.ndpi,Annotation (germinal_center),0.0366
KI67 1 in 200 run5.ndpi,Annotation (germinal_center),0.021
KI67 1 in 200 run5.ndpi,Annotation (germinal_center),0.0468
KI67 1 in 200 run5.ndpi,Annotation (germinal_center),0.027
KI67 1 in 200 run5.ndpi,Annotation (germinal_center),0.0476
KI67 1 in 200 run5.ndpi,Annotation (germinal_center),0.025
KI67 1 in 200 run5.ndpi,Annotation (germinal_center),0.0375
KI67 1 in 200 run5.ndpi,Annotation (germinal_center),0.0621
KI67 1 in 200 run5.ndpi,Annotation (germinal_center),0.0333
KI67 1 in 200 run5.ndpi,Annotation (germinal_center),0.0441
KI67 1 in 200 run5.ndpi,Annotation (germinal_center),0.0486
KI67 1 in 200 run5.ndpi,Annotation (germinal_center),0.0837
KI67 1 in 200 run5.ndpi,Annotation (germinal_center),0.0313
KI67 1 in 200 run5.ndpi,Annotation (germinal_center),0.0361
KI67 1 in 200 run5.ndpi,Annotation (germinal_center),0.0491
KI67 1 in 200 run5.ndpi,Annotation (germinal_center),0.0188
KI67 1 in 200 run5.ndpi,Annotation (germinal_center),0.0578
KI67 1 in 200 run5.ndpi,Annotation (germinal_center),0.05
KI67 1 in 200 run5.ndpi,Annotation (germinal_center),0.0216
KI67 1 in 200 run5.ndpi,Annotation (germinal_center),0.0333
KI67 1 in 200 run5.ndpi,Annotation (germinal_center),0.0928
KI67 1 in 200 run5.ndpi,Annotation (germinal_center),0.043
KI67 1 in 200 run5.ndpi,Annotation (germinal_center),0.0392
KI67 1 in 200 run5.ndpi,Annotation (germinal_center),0.0291
KI67 1 in 200 run5.ndpi,Annotation (germinal_center),0.0395
KI67 1 in 200 run5.ndpi,Annotation (germinal_center),0.0287
KI67 1 in 200 run5.ndpi,Annotation (germinal_center),0.0497
KI67 1 in 200 run5.ndpi,Annotation (germinal_center),0.0434
KI67 1 in 200 run5.ndpi,Annotation (germinal_center),0.0331
KI67 1 in 200 run5.ndpi,Annotation (germinal_center),0.0359
KI67 1 in 200 run5.ndpi,Annotation (germinal_center),0.0247
KI67 1 in 200 run5.ndpi,Annotation (germinal_center),0.0668
KI67 1 in 200 run5.ndpi,Annotation (germinal_center),0.0559
KI67 1 in 200 run5.ndpi,Annotation (germinal_center),0.0504
KI67 1 in 200 run5.ndpi,Annotation (germinal_center),0.0575
KI67 1 in 200 run5.ndpi,Annotation (germinal_center),0.0376
KI67 1 in 200 run5.ndpi,Annotation (germinal_center),0.0635
KI67 1 in 200 run5.ndpi,Annotation (germinal_center),0.0341
KI67 1 in 200 run5.ndpi,Annotation (germinal_center),0.0485
KI67 1 in 200 run5.ndpi,Annotation (germinal_center),0.0823
KI67 1 in 200 run5.ndpi,Annotation (germinal_center),0.0817
KI67 1 in 200 run5.ndpi,Annotation (germinal_center),0.0283
KI67 1 in 200 run5.ndpi,Annotation (germinal_center),0.0733
KI67 1 in 200 run5.ndpi,Annotation (germinal_center),0.0678
KI67 1 in 200 run5.ndpi,Annotation (germinal_center),0.0485
KI67 1 in 200 run5.ndpi,Annotation (germinal_center),0.0413
KI67 1 in 200 run5.ndpi,Annotation (germinal_center),0.0335
KI67 1 in 200 run5.ndpi,Annotation (germinal_center),0.0722
KI67 1 in 200 run5.ndpi,Annotation (germinal_center),0.0572
KI67 1 in 200 run5.ndpi,Annotation (germinal_center),0.0705
KI67 1 in 200 run5.ndpi,Annotation (germinal_center),0.073
KI67 1 in 200 run5.ndpi,Annotation (germinal_center),0.0531
KI67 1 in 200 run5.ndpi,Annotation (germinal_center),0.0627
KI67 1 in 200 run5.ndpi,Annotation (germinal_center),0.0374
KI67 1 in 200 run5.ndpi,Annotation (germinal_center),0.0842
KI67 1 in 200 run5.ndpi,Annotation (germinal_center),0.06
KI67 1 in 200 run5.ndpi,Annotation (germinal_center),0.0668
KI67 1 in 200 run5.ndpi,Annotation (germinal_center),0.045
KI67 1 in 200 run5.ndpi,Annotation (germinal_center),0.0468
KI67 1 in 200 run5.ndpi,Annotation (germinal_center),0.0827
KI67 1 in 200 run5.ndpi,Annotation (germinal_center),0.0365
KI67 1 in 200 run5.ndpi,Annotation (germinal_center),0.0859
KI67 1 in 200 run5.ndpi,Annotation (germinal_center),0.0515
KI67 1 in 200 run5.ndpi,Annotation (germinal_center),0.0334
KI67 1 in 200 run5.ndpi,Annotation (germinal_center),0.0539
KI67 1 in 200 run5.ndpi,Annotation (germinal_center),0.0308
KI67 1 in 200 run5.ndpi,Annotation (germinal_center),0.0514
KI67 1 in 200 run5.ndpi,Annotation (germinal_center),0.066
KI67 1 in 200 run5.ndpi,Annotation (germinal_center),0.0877
KI67 1 in 200 run5.ndpi,Annotation (germinal_center),0.0626
KI67 1 in 200 run5.ndpi,Annotation (germinal_center),0.1241
KI67 1 in 200 run5.ndpi,Annotation (germinal_center),0.0558
KI67 1 in 200 run5.ndpi,Annotation (germinal_center),0.0611
KI67 1 in 200 run5.ndpi,Annotation (germinal_center),0.0318
KI67 1 in 200 run5.ndpi,Annotation (germinal_center),0.0345
KI67 1 in 200 run5.ndpi,Annotation (germinal_center),0.0409
KI67 1 in 200 run5.ndpi,Annotation (germinal_center),0.068
KI67 1 in 200 run5.ndpi,Annotation (germinal_center),0.0338
KI67 1 in 200 run5.ndpi,Annotation (germinal_center),0.0522
KI67 1 in 200 run5.ndpi,Annotation (germinal_center),0.0446
KI67 1 in 200 run5.ndpi,Annotation (germinal_center),0.0297
KI67 1 in 200 run5.ndpi,Annotation (germinal_center),0.0456
KI67 1 in 200 run5.ndpi,Annotation (germinal_center),0.0526
KI67 1 in 200 run5.ndpi,Annotation (germinal_center),0.0511
KI67 1 in 200 run5.ndpi,Annotation (germinal_center),0.0632
KI67 1 in 200 run5.ndpi,Annotation (germinal_center),0.0687
KI67 1 in 200 run5.ndpi,Annotation (germinal_center),0.0684
KI67 1 in 200 run5.ndpi,Annotation (germinal_center),0.057
KI67 1 in 200 run5.ndpi,Annotation (germinal_center),0.0567
KI67 1 in 200 run5.ndpi,Annotation (germinal_center),0.0301
KI67 1 in 200 run5.ndpi,Annotation (germinal_center),0.0388
KI67 1 in 200 run5.ndpi,Annotation (germinal_center),0.0816
KI67 1 in 200 run5.ndpi,Annotation (germinal_center),0.0412
KI67 1 in 200 run5.ndpi,Annotation (germinal_center),0.0374
KI67 1 in 200 run5.ndpi,Annotation (germinal_center),0.0749
KI67 1 in 200 run5.ndpi,Annotation (germinal_center),0.0481
KI67 1 in 200 run5.ndpi,Annotation (germinal_center),0.0316
KI67 1 in 200 run5.ndpi,Annotation (germinal_center),0.0553
KI67 1 in 200 run5.ndpi,Annotation (germinal_center),0.058
KI67 1 in 200 run5.ndpi,Annotation (germinal_center),0.0429
KI67 1 in 200 run5.ndpi,Annotation (germinal_center),0.0694
KI67 1 in 200 run5.ndpi,Annotation (germinal_center),0.0856
KI67 1 in 200 run5.ndpi,Annotation (germinal_center),0.0395
KI67 1 in 200 run5.ndpi,Annotation (germinal_center),0.028
KI67 1 in 200 run5.ndpi,Annotation (germinal_center),0.096
KI67 1 in 200 run5.ndpi,Annotation (germinal_center),0.0475
KI67 1 in 200 run5.ndpi,Annotation (germinal_center),0.0588
KI67 1 in 200 run5.ndpi,Annotation (germinal_center),0.0429
KI67 1 in 200 run5.ndpi,Annotation (germinal_center),0.0965
KI67 1 in 200 run5.ndpi,Annotation (germinal_center),0.044
KI67 1 in 200 run5.ndpi,Annotation (germinal_center),0.0462
KI67 1 in 200 run5.ndpi,Annotation (germinal_center),0.0481
KI67 1 in 200 run5.ndpi,Annotation (germinal_center),0.037
KI67 1 in 200 run5.ndpi,Annotation (germinal_center),0.0844
KI67 1 in 200 run5.ndpi,Annotation (germinal_center),0.0412
KI67 1 in 200 run5.ndpi,Annotation (germinal_center),0.0613
KI67 1 in 200 run5.ndpi,Annotation (germinal_center),0.0292
KI67 1 in 200 run5.ndpi,Annotation (germinal_center),0.0739
KI67 1 in 200 run5.ndpi,Annotation (germinal_center),0.0413
KI67 1 in 200 run5.ndpi,Annotation (germinal_center),0.0507
KI67 1 in 200 run5.ndpi,Annotation (germinal_center),0.0703
KI67 1 in 200 run5.ndpi,Annotation (germinal_center),0.0687
KI67 1 in 200 run5.ndpi,Annotation (germinal_center),0.0397
KI67 1 in 200 run5.ndpi,Annotation (germinal_center),0.044
KI67 1 in 200 run5.ndpi,Annotation (germinal_center),0.0629
KI67 1 in 200 run5.ndpi,Annotation (germinal_center),0.0385
KI67 1 in 200 run5.ndpi,Annotation (germinal_center),0.0504
KI67 1 in 200 run5.ndpi,Annotation (germinal_center),0.0542
KI67 1 in 200 run5.ndpi,Annotation (germinal_center),0.0609
KI67 1 in 200 run5.ndpi,Annotation (germinal_center),0.0497
KI67 1 in 200 run5.ndpi,Annotation (germinal_center),0.0602
KI67 1 in 200 run5.ndpi,Annotation (germinal_center),0.073
KI67 1 in 200 run5.ndpi,Annotation (germinal_center),0.0537
KI67 1 in 200 run5.ndpi,Annotation (germinal_center),0.0422
KI67 1 in 200 run5.ndpi,Annotation (germinal_center),0.0907
KI67 1 in 200 run5.ndpi,Annotation (germinal_center),0.0429
KI67 1 in 200 run5.ndpi,Annotation (germinal_center),0.0643
KI67 1 in 200 run5.ndpi,Annotation (germinal_center),0.0467
KI67 1 in 200 run5.ndpi,Annotation (germinal_center),0.0445
KI67 1 in 200 run5.ndpi,Annotation (germinal_center),0.0532
KI67 1 in 200 run5.ndpi,Annotation (germinal_center),0.0368
KI67 1 in 200 run5.ndpi,Annotation (germinal_center),0.0555
KI67 1 in 200 run5.ndpi,Annotation (germinal_center),0.0399
KI67 1 in 200 run5.ndpi,Annotation (germinal_center),0.0762
KI67 1 in 200 run5.ndpi,Annotation (germinal_center),0.0355
KI67 1 in 200 run5.ndpi,Annotation (germinal_center),0.0646
KI67 1 in 200 run5.ndpi,Annotation (germinal_center),0.0489
KI67 1 in 200 run5.ndpi,Annotation (germinal_center),0.0274
KI67 1 in 200 run5.ndpi,Annotation (germinal_center),0.0552
KI67 1 in 200 run5.ndpi,Annotation (germinal_center),0.0829
KI67 1 in 200 run5.ndpi,Annotation (germinal_center),0.0393
KI67 1 in 200 run5.ndpi,Annotation (germinal_center),0.0402
KI67 1 in 200 run5.ndpi,Annotation (germinal_center),0.1557
KI67 1 in 200 run5.ndpi,Annotation (germinal_center),0.0539
KI67 1 in 200 run5.ndpi,Annotation (germinal_center),0.0369
KI67 1 in 200 run5.ndpi,Annotation (germinal_center),0.087
KI67 1 in 200 run5.ndpi,Annotation (germinal_center),0.0663
KI67 1 in 200 run5.ndpi,Annotation (germinal_center),0.0612
KI67 1 in 200 run5.ndpi,Annotation (germinal_center),0.0571
KI67 1 in 200 run5.ndpi,Annotation (germinal_center),0.052
KI67 1 in 200 run5.ndpi,Annotation (germinal_center),0.0473
KI67 1 in 200 run5.ndpi,Annotation (germinal_center),0.0532
KI67 1 in 200 run5.ndpi,Annotation (germinal_center),0.0577
KI67 1 in 200 run5.ndpi,Annotation (germinal_center),0.046
KI67 1 in 200 run5.ndpi,Annotation (germinal_center),0.0351
KI67 1 in 200 run5.ndpi,Annotation (germinal_center),0.0665
KI67 1 in 200 run5.ndpi,Annotation (germinal_center),0.0433
KI67 1 in 200 run5.ndpi,Annotation (germinal_center),0.0656
KI67 1 in 200 run5.ndpi,Annotation (germinal_center),0.0661
KI67 1 in 200 run5.ndpi,Annotation (germinal_center),0.0715
KI67 1 in 200 run5.ndpi,Annotation (germinal_center),0.0537
KI67 1 in 200 run5.ndpi,Annotation (germinal_center),0.0478
KI67 1 in 200 run5.ndpi,Annotation (germinal_center),0.0466
KI67 1 in 200 run5.ndpi,Annotation (germinal_center),0.0851
KI67 1 in 200 run5.ndpi,Annotation (germinal_center),0.0596
KI67 1 in 200 run5.ndpi,Annotation (germinal_center),0.037
KI67 1 in 200 run5.ndpi,Annotation (germinal_center),0.0444
KI67 1 in 200 run5.ndpi,Annotation (germinal_center),0.0623
KI67 1 in 200 run5.ndpi,Annotation (germinal_center),0.0566
KI67 1 in 200 run5.ndpi,Annotation (germinal_center),0.0659
KI67 1 in 200 run5.ndpi,Annotation (germinal_center),0.0564
KI67 1 in 200 run5.ndpi,Annotation (germinal_center),0.0662
KI67 1 in 200 run5.ndpi,Annotation (germinal_center),0.0478
KI67 1 in 200 run5.ndpi,Annotation (germinal_center),0.0415
KI67 1 in 200 run5.ndpi,Annotation (germinal_center),0.0741
KI67 1 in 200 run5.ndpi,Annotation (germinal_center),0.0584
KI67 1 in 200 run5.ndpi,Annotation (germinal_center),0.0586
KI67 1 in 200 run5.ndpi,Annotation (germinal_center),0.0556
KI67 1 in 200 run5.ndpi,Annotation (germinal_center),0.0486
KI67 1 in 200 run5.ndpi,Annotation (germinal_center),0.0452
KI67 1 in 200 run5.ndpi,Annotation (germinal_center),0.042
KI67 1 in 200 run5.ndpi,Annotation (germinal_center),0.0547
KI67 1 in 200 run5.ndpi,Annotation (germinal_center),0.0305
KI67 1 in 200 run5.ndpi,Annotation (germinal_center),0.0684
KI67 1 in 200 run5.ndpi,Annotation (germinal_center),0.0456
KI67 1 in 200 run5.ndpi,Annotation (germinal_center),0.0273
KI67 1 in 200 run5.ndpi,Annotation (germinal_center),0.0397
KI67 1 in 200 run5.ndpi,Annotation (germinal_center),0.0384
KI67 1 in 200 run5.ndpi,Annotation (germinal_center),0.0538
KI67 1 in 200 run5.ndpi,Annotation (germinal_center),0.0344
KI67 1 in 200 run5.ndpi,Annotation (germinal_center),0.0541
KI67 1 in 200 run5.ndpi,Annotation (germinal_center),0.0529
KI67 1 in 200 run5.ndpi,Annotation (germinal_center),0.0607
KI67 1 in 200 run5.ndpi,Annotation (germinal_center),0.062
KI67 1 in 200 run5.ndpi,Annotation (germinal_center),0.0576
KI67 1 in 200 run5.ndpi,Annotation (germinal_center),0.0365
KI67 1 in 200 run5.ndpi,Annotation (germinal_center),0.0531
KI67 1 in 200 run5.ndpi,Annotation (germinal_center),0.0379
KI67 1 in 200 run5.ndpi,Annotation (germinal_center),0.0741
KI67 1 in 200 run5.ndpi,Annotation (germinal_center),0.0468
KI67 1 in 200 run5.ndpi,Annotation (germinal_center),0.0554
KI67 1 in 200 run5.ndpi,Annotation (germinal_center),0.0845
KI67 1 in 200 run5.ndpi,Annotation (germinal_center),0.0488
KI67 1 in 200 run5.ndpi,Annotation (germinal_center),0.0644
KI67 1 in 200 run5.ndpi,Annotation (germinal_center),0.0699
KI67 1 in 200 run5.ndpi,Annotation (germinal_center),0.0297
KI67 1 in 200 run5.ndpi,Annotation (germinal_center),0.0921
KI67 1 in 200 run5.ndpi,Annotation (germinal_center),0.0472
KI67 1 in 200 run5.ndpi,Annotation (germinal_center),0.0685
KI67 1 in 200 run5.ndpi,Annotation (germinal_center),0.0473
KI67 1 in 200 run5.ndpi,Annotation (germinal_center),0.0376
KI67 1 in 200 run5.ndpi,Annotation (germinal_center),0.0274
KI67 1 in 200 run5.ndpi,Annotation (germinal_center),0.0583
KI67 1 in 200 run5.ndpi,Annotation (germinal_center),0.0441
KI67 1 in 200 run5.ndpi,Annotation (germinal_center),0.0296
KI67 1 in 200 run5.ndpi,Annotation (germinal_center),0.0952
KI67 1 in 200 run5.ndpi,Annotation (germinal_center),
KI67 1 in 200 run5.ndpi,Annotation (germinal_center),0.0327
KI67 1 in 200 run5.ndpi,Annotation (germinal_center),0.0535
KI67 1 in 200 run5.ndpi,Annotation (germinal_center),0.0452
KI67 1 in 200 run5.ndpi,Annotation (germinal_center),0.0269
KI67 1 in 200 run5.ndpi,Annotation (germinal_center),0.0562
KI67 1 in 200 run5.ndpi,Annotation (germinal_center),0.0691
KI67 1 in 200 run5.ndpi,Annotation (germinal_center),0.0866
KI67 1 in 200 run5.ndpi,Annotation (germinal_center),0.0777
KI67 1 in 200 run5.ndpi,Annotation (germinal_center),0.0497
KI67 1 in 200 run5.ndpi,Annotation (germinal_center),0.0329
KI67 1 in 200 run5.ndpi,Annotation (germinal_center),0.044
KI67 1 in 200 run5.ndpi,Annotation (germinal_center),0.0528
KI67 1 in 200 run5.ndpi,Annotation (germinal_center),0.0428
KI67 1 in 200 run5.ndpi,Annotation (germinal_center),0.0741
KI67 1 in 200 run5.ndpi,Annotation (germinal_center),0.0799
KI67 1 in 200 run5.ndpi,Annotation (germinal_center),0.0891
KI67 1 in 200 run5.ndpi,Annotation (germinal_center),0.0417
KI67 1 in 200 run5.ndpi,Annotation (germinal_center),0.0586
KI67 1 in 200 run5.ndpi,Annotation (germinal_center),0.0337
KI67 1 in 200 run5.ndpi,Annotation (germinal_center),0.035
KI67 1 in 200 run5.ndpi,Annotation (germinal_center),0.0573
KI67 1 in 200 run5.ndpi,Annotation (germinal_center),0.0733
KI67 1 in 200 run5.ndpi,Annotation (germinal_center),0.0377
KI67 1 in 200 run5.ndpi,Annotation (germinal_center),0.0846
KI67 1 in 200 run5.ndpi,Annotation (germinal_center),0.0408
KI67 1 in 200 run5.ndpi,Annotation (germinal_center),0.0347
KI67 1 in 200 run5.ndpi,Annotation (germinal_center),0.0478
KI67 1 in 200 run5.ndpi,Annotation (germinal_center),0.037
KI67 1 in 200 run5.ndpi,Annotation (germinal_center),0.1034
KI67 1 in 200 run5.ndpi,Annotation (germinal_center),0.0285
KI67 1 in 200 run5.ndpi,Annotation (germinal_center),0.0429
KI67 1 in 200 run5.ndpi,Annotation (germinal_center),0.0496
KI67 1 in 200 run5.ndpi,Annotation (germinal_center),0.0297
KI67 1 in 200 run5.ndpi,Annotation (germinal_center),0.0486
KI67 1 in 200 run5.ndpi,Annotation (germinal_center),0.0292
KI67 1 in 200 run5.ndpi,Annotation (germinal_center),0.0588
KI67 1 in 200 run5.ndpi,Annotation (germinal_center),0.0575
KI67 1 in 200 run5.ndpi,Annotation (germinal_center),0.0255
KI67 1 in 200 run5.ndpi,Annotation (germinal_center),0.0531
KI67 1 in 200 run5.ndpi,Annotation (germinal_center),0.0456
KI67 1 in 200 run5.ndpi,Annotation (germinal_center),0.0399
KI67 1 in 200 run5.ndpi,Annotation (germinal_center),0.0459
KI67 1 in 200 run5.ndpi,Annotation (germinal_center),0.0645
KI67 1 in 200 run5.ndpi,Annotation (germinal_center),0.0273
KI67 1 in 200 run5.ndpi,Annotation (germinal_center),0.0532
KI67 1 in 200 run5.ndpi,Annotation (germinal_center),0.0526
KI67 1 in 200 run5.ndpi,Annotation (germinal_center),0.0346
KI67 1 in 200 run5.ndpi,Annotation (germinal_center),0.03
KI67 1 in 200 run5.ndpi,Annotation (germinal_center),0.0718
KI67 1 in 200 run5.ndpi,Annotation (germinal_center),0.0366
KI67 1 in 200 run5.ndpi,Annotation (germinal_center),0.0459
KI67 1 in 200 run5.ndpi,Annotation (germinal_center),0.0926
KI67 1 in 200 run5.ndpi,Annotation (germinal_center),0.0361
KI67 1 in 200 run5.ndpi,Annotation (germinal_center),0.0257
KI67 1 in 200 run5.ndpi,Annotation (germinal_center),0.0493
KI67 1 in 200 run5.ndpi,Annotation (germinal_center),0.0458
KI67 1 in 200 run5.ndpi,Annotation (germinal_center),0.0545
KI67 1 in 200 run5.ndpi,Annotation (germinal_center),0.0378
KI67 1 in 200 run5.ndpi,Annotation (germinal_center),0.0654
KI67 1 in 200 run5.ndpi,Annotation (germinal_center),0.0387
KI67 1 in 200 run5.ndpi,Annotation (germinal_center),0.0513
KI67 1 in 200 run5.ndpi,Annotation (germinal_center),0.0338
KI67 1 in 200 run5.ndpi,Annotation (germinal_center),0.0491
KI67 1 in 200 run5.ndpi,Annotation (germinal_center),0.041
KI67 1 in 200 run5.ndpi,Annotation (germinal_center),0.0353
KI67 1 in 200 run5.ndpi,Annotation (germinal_center),0.051
KI67 1 in 200 run5.ndpi,Annotation (germinal_center),0.0217
KI67 1 in 200 run5.ndpi,Annotation (germinal_center),0.0452
KI67 1 in 200 run5.ndpi,Annotation (germinal_center),0.0479
KI67 1 in 200 run5.ndpi,Annotation (germinal_center),0.1136
KI67 1 in 200 run5.ndpi,Annotation (germinal_center),0.0776
KI67 1 in 200 run5.ndpi,Annotation (germinal_center),0.0321
KI67 1 in 200 run5.ndpi,Annotation (germinal_center),0.0556
KI67 1 in 200 run5.ndpi,Annotation (germinal_center),0.0518
KI67 1 in 200 run5.ndpi,Annotation (germinal_center),0.1336
KI67 1 in 200 run5.ndpi,Annotation (germinal_center),0.041
KI67 1 in 200 run5.ndpi,Annotation (germinal_center),0.0489
KI67 1 in 200 run5.ndpi,Annotation (germinal_center),0.0363
KI67 1 in 200 run5.ndpi,Annotation (germinal_center),0.0453
KI67 1 in 200 run5.ndpi,Annotation (germinal_center),0.0713
KI67 1 in 200 run5.ndpi,Annotation (germinal_center),0.069
KI67 1 in 200 run5.ndpi,Annotation (germinal_center),0.0408
KI67 1 in 200 run5.ndpi,Annotation (germinal_center),0.0573
KI67 1 in 200 run5.ndpi,Annotation (germinal_center),0.0443
KI67 1 in 200 run5.ndpi,Annotation (germinal_center),0.0616
KI67 1 in 200 run5.ndpi,Annotation (germinal_center),0.0435
KI67 1 in 200 run5.ndpi,Annotation (germinal_center),0.0512
KI67 1 in 200 run5.ndpi,Annotation (germinal_center),0.0476
KI67 1 in 200 run5.ndpi,Annotation (germinal_center),0.0408
KI67 1 in 200 run5.ndpi,Annotation (germinal_center),0.0684
KI67 1 in 200 run5.ndpi,Annotation (germinal_center),0.0562
KI67 1 in 200 run5.ndpi,Annotation (germinal_center),0.028
KI67 1 in 200 run5.ndpi,Annotation (germinal_center),0.04
KI67 1 in 200 run5.ndpi,Annotation (germinal_center),0.0295
KI67 1 in 200 run5.ndpi,Annotation (germinal_center),0.0374
KI67 1 in 200 run5.ndpi,Annotation (germinal_center),0.0388
KI67 1 in 200 run5.ndpi,Annotation (germinal_center),0.0975
KI67 1 in 200 run5.ndpi,Annotation (germinal_center),0.0872
KI67 1 in 200 run5.ndpi,Annotation (germinal_center),0.0952
KI67 1 in 200 run5.ndpi,Annotation (germinal_center),0.0745
KI67 1 in 200 run5.ndpi,Annotation (germinal_center),0.0693
KI67 1 in 200 run5.ndpi,Annotation (germinal_center),0.0828
KI67 1 in 200 run5.ndpi,Annotation (germinal_center),0.0987
KI67 1 in 200 run5.ndpi,Annotation (germinal_center),0.1937
KI67 1 in 200 run5.ndpi,Annotation (germinal_center),0.0584
KI67 1 in 200 run5.ndpi,Annotation (germinal_center),0.0678
KI67 1 in 200 run5.ndpi,Annotation (germinal_center),0.0683
KI67 1 in 200 run5.ndpi,Annotation (germinal_center),0.0687
KI67 1 in 200 run5.ndpi,Annotation (germinal_center),0.0736
KI67 1 in 200 run5.ndpi,Annotation (germinal_center),0.0661
KI67 1 in 200 run5.ndpi,Annotation (germinal_center),0.0683
KI67 1 in 200 run5.ndpi,Annotation (germinal_center),0.0761
KI67 1 in 200 run5.ndpi,Annotation (germinal_center),0.068
KI67 1 in 200 run5.ndpi,Annotation (germinal_center),0.0873
KI67 1 in 200 run5.ndpi,Annotation (germinal_center),0.0653
KI67 1 in 200 run5.ndpi,Annotation (germinal_center),0.0648
KI67 1 in 200 run5.ndpi,Annotation (germinal_center),0.0603
KI67 1 in 200 run5.ndpi,Annotation (germinal_center),0.0658
KI67 1 in 200 run5.ndpi,Annotation (germinal_center),0.0614
KI67 1 in 200 run5.ndpi,Annotation (germinal_center),0.0706
KI67 1 in 200 run5.ndpi,Annotation (germinal_center),0.0426
KI67 1 in 200 run5.ndpi,Annotation (germinal_center),0.076
KI67 1 in 200 run5.ndpi,Annotation (germinal_center),0.0675
KI67 1 in 200 run5.ndpi,Annotation (germinal_center),0.0659
KI67 1 in 200 run5.ndpi,Annotation (germinal_center),0.0985
KI67 1 in 200 run5.ndpi,Annotation (germinal_center),0.0753
KI67 1 in 200 run5.ndpi,Annotation (germinal_center),0.0404
KI67 1 in 200 run5.ndpi,Annotation (germinal_center),0.0859
KI67 1 in 200 run5.ndpi,Annotation (germinal_center),0.0712
KI67 1 in 200 run5.ndpi,Annotation (germinal_center),0.0504
KI67 1 in 200 run5.ndpi,Annotation (germinal_center),0.0664
KI67 1 in 200 run5.ndpi,Annotation (germinal_center),0.0593
KI67 1 in 200 run5.ndpi,Annotation (germinal_center),0.0678
KI67 1 in 200 run5.ndpi,Annotation (germinal_center),0.0817
KI67 1 in 200 run5.ndpi,Annotation (germinal_center),0.06
KI67 1 in 200 run5.ndpi,Annotation (germinal_center),0.0672
KI67 1 in 200 run5.ndpi,Annotation (germinal_center),0.0656
KI67 1 in 200 run5.ndpi,Annotation (germinal_center),0.038
KI67 1 in 200 run5.ndpi,Annotation (germinal_center),0.0722
KI67 1 in 200 run5.ndpi,Annotation (germinal_center),0.0773
KI67 1 in 200 run5.ndpi,Annotation (germinal_center),0.0853
KI67 1 in 200 run5.ndpi,Annotation (germinal_center),0.0527
KI67 1 in 200 run5.ndpi,Annotation (germinal_center),0.0632
KI67 1 in 200 run5.ndpi,Annotation (germinal_center),0.0566
KI67 1 in 200 run5.ndpi,Annotation (germinal_center),0.0584
KI67 1 in 200 run5.ndpi,Annotation (germinal_center),0.0809
KI67 1 in 200 run5.ndpi,Annotation (germinal_center),0.0588
KI67 1 in 200 run5.ndpi,Annotation (germinal_center),0.076
KI67 1 in 200 run5.ndpi,Annotation (germinal_center),0.06
KI67 1 in 200 run5.ndpi,Annotation (germinal_center),0.0565
KI67 1 in 200 run5.ndpi,Annotation (germinal_center),0.0731
KI67 1 in 200 run5.ndpi,Annotation (germinal_center),0.0524
KI67 1 in 200 run5.ndpi,Annotation (germinal_center),0.0549
KI67 1 in 200 run5.ndpi,Annotation (germinal_center),0.0594
KI67 1 in 200 run5.ndpi,Annotation (germinal_center),0.0524
KI67 1 in 200 run5.ndpi,Annotation (germinal_center),0.0665
KI67 1 in 200 run5.ndpi,Annotation (germinal_center),0.0595
KI67 1 in 200 run5.ndpi,Annotation (germinal_center),0.0661
KI67 1 in 200 run5.ndpi,Annotation (germinal_center),0.5637
KI67 1 in 200 run5.ndpi,Annotation (germinal_center),0.07
KI67 1 in 200 run5.ndpi,Annotation (germinal_center),0.0652
KI67 1 in 200 run5.ndpi,Annotation (germinal_center),0.0658
KI67 1 in 200 run5.ndpi,Annotation (germinal_center),0.0753
KI67 1 in 200 run5.ndpi,Annotation (germinal_center),0.0362
KI67 1 in 200 run5.ndpi,Annotation (germinal_center),0.0642
KI67 1 in 200 run5.ndpi,Annotation (germinal_center),0.0707
KI67 1 in 200 run5.ndpi,Annotation (germinal_center),0.0568
KI67 1 in 200 run5.ndpi,Annotation (germinal_center),0.0665
KI67 1 in 200 run5.ndpi,Annotation (germinal_center),0.0504
KI67 1 in 200 run5.ndpi,Annotation (germinal_center),0.0594
KI67 1 in 200 run5.ndpi,Annotation (germinal_center),0.0796
KI67 1 in 200 run5.ndpi,Annotation (germinal_center),0.0806
KI67 1 in 200 run5.ndpi,Annotation (germinal_center),0.07
KI67 1 in 200 run5.ndpi,Annotation (germinal_center),0.0594
KI67 1 in 200 run5.ndpi,Annotation (germinal_center),0.0519
KI67 1 in 200 run5.ndpi,Annotation (germinal_center),0.0594
KI67 1 in 200 run5.ndpi,Annotation (germinal_center),0.0529
KI67 1 in 200 run5.ndpi,Annotation (germinal_center),0.0746
KI67 1 in 200 run5.ndpi,Annotation (germinal_center),0.0746
KI67 1 in 200 run5.ndpi,Annotation (germinal_center),0.078
KI67 1 in 200 run5.ndpi,Annotation (germinal_center),0.0548
KI67 1 in 200 run5.ndpi,Annotation (germinal_center),0.042
KI67 1 in 200 run5.ndpi,Annotation (germinal_center),0.0566
KI67 1 in 200 run5.ndpi,Annotation (germinal_center),0.0722
KI67 1 in 200 run5.ndpi,Annotation (germinal_center),0.068
KI67 1 in 200 run5.ndpi,Annotation (germinal_center),0.037
KI67 1 in 200 run5.ndpi,Annotation (germinal_center),0.066
KI67 1 in 200 run5.ndpi,Annotation (germinal_center),0.0671
KI67 1 in 200 run5.ndpi,Annotation (germinal_center),0.0664
KI67 1 in 200 run5.ndpi,Annotation (germinal_center),0.0369
KI67 1 in 200 run5.ndpi,Annotation (germinal_center),0.0652
KI67 1 in 200 run5.ndpi,Annotation (germinal_center),0.0431
KI67 1 in 200 run5.ndpi,Annotation (germinal_center),0.0435
KI67 1 in 200 run5.ndpi,Annotation (germinal_center),0.0388
KI67 1 in 200 run5.ndpi,Annotation (germinal_center),0.0737
KI67 1 in 200 run5.ndpi,Annotation (germinal_center),0.0867
KI67 1 in 200 run5.ndpi,Annotation (germinal_center),0.0945
KI67 1 in 200 run5.ndpi,Annotation (germinal_center),0.0648
KI67 1 in 200 run5.ndpi,Annotation (germinal_center),0.0776
KI67 1 in 200 run5.ndpi,Annotation (germinal_center),0.0798
KI67 1 in 200 run5.ndpi,Annotation (germinal_center),0.0556
KI67 1 in 200 run5.ndpi,Annotation (germinal_center),0.0669
KI67 1 in 200 run5.ndpi,Annotation (germinal_center),0.0705
KI67 1 in 200 run5.ndpi,Annotation (germinal_center),0.0642
KI67 1 in 200 run5.ndpi,Annotation (germinal_center),0.0566
KI67 1 in 200 run5.ndpi,Annotation (germinal_center),0.0547
KI67 1 in 200 run5.ndpi,Annotation (germinal_center),0.0491
KI67 1 in 200 run5.ndpi,Annotation (germinal_center),0.0867
KI67 1 in 200 run5.ndpi,Annotation (germinal_center),0.0341
KI67 1 in 200 run5.ndpi,Annotation (germinal_center),0.0541
KI67 1 in 200 run5.ndpi,Annotation (germinal_center),0.0688
KI67 1 in 200 run5.ndpi,Annotation (germinal_center),0.0721
KI67 1 in 200 run5.ndpi,Annotation (germinal_center),0.0596
KI67 1 in 200 run5.ndpi,Annotation (germinal_center),0.0969
KI67 1 in 200 run5.ndpi,Annotation (germinal_center),0.055
KI67 1 in 200 run5.ndpi,Annotation (germinal_center),0.0514
KI67 1 in 200 run5.ndpi,Annotation (germinal_center),0.0613
KI67 1 in 200 run5.ndpi,Annotation (germinal_center),0.0643
KI67 1 in 200 run5.ndpi,Annotation (germinal_center),0.0365
KI67 1 in 200 run5.ndpi,Annotation (germinal_center),0.0525
KI67 1 in 200 run5.ndpi,Annotation (germinal_center),0.0599
KI67 1 in 200 run5.ndpi,Annotation (germinal_center),0.0371
KI67 1 in 200 run5.ndpi,Annotation (germinal_center),0.0452
KI67 1 in 200 run5.ndpi,Annotation (germinal_center),0.038
KI67 1 in 200 run5.ndpi,Annotation (germinal_center),0.0414
KI67 1 in 200 run5.ndpi,Annotation (germinal_center),0.0421
KI67 1 in 200 run5.ndpi,Annotation (germinal_center),0.0535
KI67 1 in 200 run5.ndpi,Annotation (germinal_center),0.0682
KI67 1 in 200 run5.ndpi,Annotation (germinal_center),0.0589
KI67 1 in 200 run5.ndpi,Annotation (germinal_center),0.0382
KI67 1 in 200 run5.ndpi,Annotation (germinal_center),0.0465
KI67 1 in 200 run5.ndpi,Annotation (germinal_center),0.0421
KI67 1 in 200 run5.ndpi,Annotation (germinal_center),0.0605
KI67 1 in 200 run5.ndpi,Annotation (germinal_center),0.0627
KI67 1 in 200 run5.ndpi,Annotation (germinal_center),0.0433
KI67 1 in 200 run5.ndpi,Annotation (germinal_center),0.048
KI67 1 in 200 run5.ndpi,Annotation (germinal_center),0.0394
KI67 1 in 200 run5.ndpi,Annotation (germinal_center),0.0836
KI67 1 in 200 run5.ndpi,Annotation (germinal_center),0.0571
KI67 1 in 200 run5.ndpi,Annotation (germinal_center),0.0314
KI67 1 in 200 run5.ndpi,Annotation (germinal_center),0.0788
KI67 1 in 200 run5.ndpi,Annotation (germinal_center),0.0581
KI67 1 in 200 run5.ndpi,Annotation (germinal_center),0.075
KI67 1 in 200 run5.ndpi,Annotation (germinal_center),0.0338
KI67 1 in 200 run5.ndpi,Annotation (germinal_center),0.0659
KI67 1 in 200 run5.ndpi,Annotation (germinal_center),0.0381
KI67 1 in 200 run5.ndpi,Annotation (germinal_center),0.038
KI67 1 in 200 run5.ndpi,Annotation (germinal_center),0.0599
KI67 1 in 200 run5.ndpi,Annotation (germinal_center),0.0494
KI67 1 in 200 run5.ndpi,Annotation (germinal_center),0.0518
KI67 1 in 200 run5.ndpi,Annotation (germinal_center),0.0875
KI67 1 in 200 run5.ndpi,Annotation (germinal_center),0.0627
KI67 1 in 200 run5.ndpi,Annotation (germinal_center),0.0386
KI67 1 in 200 run5.ndpi,Annotation (germinal_center),0.0791
KI67 1 in 200 run5.ndpi,Annotation (germinal_center),0.1114
KI67 1 in 200 run5.ndpi,Annotation (germinal_center),0.0389
KI67 1 in 200 run5.ndpi,Annotation (germinal_center),0.0542
KI67 1 in 200 run5.ndpi,Annotation (germinal_center),0.0677
KI67 1 in 200 run5.ndpi,Annotation (germinal_center),0.0638
KI67 1 in 200 run5.ndpi,Annotation (germinal_center),0.0644
KI67 1 in 200 run5.ndpi,Annotation (germinal_center),0.0392
KI67 1 in 200 run5.ndpi,Annotation (germinal_center),0.0684
KI67 1 in 200 run5.ndpi,Annotation (germinal_center),0.0353
KI67 1 in 200 run5.ndpi,Annotation (germinal_center),0.0752
KI67 1 in 200 run5.ndpi,Annotation (germinal_center),0.0641
KI67 1 in 200 run5.ndpi,Annotation (germinal_center),0.0373
KI67 1 in 200 run5.ndpi,Annotation (germinal_center),0.0276
KI67 1 in 200 run5.ndpi,Annotation (germinal_center),0.078
KI67 1 in 200 run5.ndpi,Annotation (germinal_center),0.0297
KI67 1 in 200 run5.ndpi,Annotation (germinal_center),0.0559
KI67 1 in 200 run5.ndpi,Annotation (germinal_center),0.0718
KI67 1 in 200 run5.ndpi,Annotation (germinal_center),0.0366
KI67 1 in 200 run5.ndpi,Annotation (germinal_center),0.0705
KI67 1 in 200 run5.ndpi,Annotation (germinal_center),0.0325
KI67 1 in 200 run5.ndpi,Annotation (germinal_center),0.0408
KI67 1 in 200 run5.ndpi,Annotation (germinal_center),0.0451
KI67 1 in 200 run5.ndpi,Annotation (germinal_center),0.0383
KI67 1 in 200 run5.ndpi,Annotation (germinal_center),0.0996
KI67 1 in 200 run5.ndpi,Annotation (germinal_center),0.0513
KI67 1 in 200 run5.ndpi,Annotation (germinal_center),0.0343
KI67 1 in 200 run5.ndpi,Annotation (germinal_center),0.0387
KI67 1 in 200 run5.ndpi,Annotation (germinal_center),0.0775
KI67 1 in 200 run5.ndpi,Annotation (germinal_center),0.069
KI67 1 in 200 run5.ndpi,Annotation (germinal_center),0.0545
KI67 1 in 200 run5.ndpi,Annotation (germinal_center),0.0633
KI67 1 in 200 run5.ndpi,Annotation (germinal_center),0.0476
KI67 1 in 200 run5.ndpi,Annotation (germinal_center),0.0778
KI67 1 in 200 run5.ndpi,Annotation (germinal_center),0.0638
KI67 1 in 200 run5.ndpi,Annotation (germinal_center),0.0877
KI67 1 in 200 run5.ndpi,Annotation (germinal_center),0.0419
KI67 1 in 200 run5.ndpi,Annotation (germinal_center),0.0658
KI67 1 in 200 run5.ndpi,Annotation (germinal_center),0.067
KI67 1 in 200 run5.ndpi,Annotation (germinal_center),0.0584
KI67 1 in 200 run5.ndpi,Annotation (germinal_center),0.0424
KI67 1 in 200 run5.ndpi,Annotation (germinal_center),0.0426
KI67 1 in 200 run5.ndpi,Annotation (germinal_center),0.0658
KI67 1 in 200 run5.ndpi,Annotation (germinal_center),0.0608
KI67 1 in 200 run5.ndpi,Annotation (germinal_center),0.0503
KI67 1 in 200 run5.ndpi,Annotation (germinal_center),0.0745
KI67 1 in 200 run5.ndpi,Annotation (germinal_center),0.083
KI67 1 in 200 run5.ndpi,Annotation (germinal_center),0.0252
KI67 1 in 200 run5.ndpi,Annotation (germinal_center),0.0431
KI67 1 in 200 run5.ndpi,Annotation (germinal_center),0.064
KI67 1 in 200 run5.ndpi,Annotation (germinal_center),0.0445
KI67 1 in 200 run5.ndpi,Annotation (germinal_center),0.0721
KI67 1 in 200 run5.ndpi,Annotation (germinal_center),0.0284
KI67 1 in 200 run5.ndpi,Annotation (germinal_center),0.0612
KI67 1 in 200 run5.ndpi,Annotation (germinal_center),0.0465
KI67 1 in 200 run5.ndpi,Annotation (germinal_center),0.0527
KI67 1 in 200 run5.ndpi,Annotation (germinal_center),0.0445
KI67 1 in 200 run5.ndpi,Annotation (germinal_center),0.0386
KI67 1 in 200 run5.ndpi,Annotation (germinal_center),0.0826
KI67 1 in 200 run5.ndpi,Annotation (germinal_center),0.035
KI67 1 in 200 run5.ndpi,Annotation (germinal_center),0.0919
KI67 1 in 200 run5.ndpi,Annotation (germinal_center),0.0557
KI67 1 in 200 run5.ndpi,Annotation (germinal_center),0.0338
KI67 1 in 200 run5.ndpi,Annotation (germinal_center),0.0285
KI67 1 in 200 run5.ndpi,Annotation (germinal_center),0.0355
KI67 1 in 200 run5.ndpi,Annotation (germinal_center),0.0864
KI67 1 in 200 run5.ndpi,Annotation (germinal_center),0.0656
KI67 1 in 200 run5.ndpi,Annotation (germinal_center),0.0808
KI67 1 in 200 run5.ndpi,Annotation (germinal_center),0.0357
KI67 1 in 200 run5.ndpi,Annotation (germinal_center),0.0319
KI67 1 in 200 run5.ndpi,Annotation (germinal_center),0.0261
KI67 1 in 200 run5.ndpi,Annotation (germinal_center),0.0529
KI67 1 in 200 run5.ndpi,Annotation (germinal_center),0.0589
KI67 1 in 200 run5.ndpi,Annotation (germinal_center),0.0496
KI67 1 in 200 run5.ndpi,Annotation (germinal_center),0.0306
KI67 1 in 200 run5.ndpi,Annotation (germinal_center),0.0742
KI67 1 in 200 run5.ndpi,Annotation (germinal_center),0.08
KI67 1 in 200 run5.ndpi,Annotation (germinal_center),0.0309
KI67 1 in 200 run5.ndpi,Annotation (germinal_center),0.0399
KI67 1 in 200 run5.ndpi,Annotation (germinal_center),0.0199
KI67 1 in 200 run5.ndpi,Annotation (germinal_center),0.0384
KI67 1 in 200 run5.ndpi,Annotation (germinal_center),0.0593
KI67 1 in 200 run5.ndpi,Annotation (germinal_center),0.0344
KI67 1 in 200 run5.ndpi,Annotation (germinal_center),0.1032
KI67 1 in 200 run5.ndpi,Annotation (germinal_center),0.0647
KI67 1 in 200 run5.ndpi,Annotation (germinal_center),0.0423
KI67 1 in 200 run5.ndpi,Annotation (germinal_center),0.0582
KI67 1 in 200 run5.ndpi,Annotation (germinal_center),0.044
KI67 1 in 200 run5.ndpi,Annotation (germinal_center),0.0346
KI67 1 in 200 run5.ndpi,Annotation (germinal_center),0.0329
KI67 1 in 200 run5.ndpi,Annotation (germinal_center),0.077
KI67 1 in 200 run5.ndpi,Annotation (germinal_center),0.0879
KI67 1 in 200 run5.ndpi,Annotation (germinal_center),0.0347
KI67 1 in 200 run5.ndpi,Annotation (germinal_center),0.0518
KI67 1 in 200 run5.ndpi,Annotation (germinal_center),0.0748
KI67 1 in 200 run5.ndpi,Annotation (germinal_center),0.0456
KI67 1 in 200 run5.ndpi,Annotation (germinal_center),0.027
KI67 1 in 200 run5.ndpi,Annotation (germinal_center),0.0373
KI67 1 in 200 run5.ndpi,Annotation (germinal_center),0.0534
KI67 1 in 200 run5.ndpi,Annotation (germinal_center),0.0437
KI67 1 in 200 run5.ndpi,Annotation (germinal_center),0.0564
KI67 1 in 200 run5.ndpi,Annotation (germinal_center),0.0548
KI67 1 in 200 run5.ndpi,Annotation (germinal_center),0.0417
KI67 1 in 200 run5.ndpi,Annotation (germinal_center),0.0404
KI67 1 in 200 run5.ndpi,Annotation (germinal_center),0.055
KI67 1 in 200 run5.ndpi,Annotation (germinal_center),0.0449
KI67 1 in 200 run5.ndpi,Annotation (germinal_center),0.0388
KI67 1 in 200 run5.ndpi,Annotation (germinal_center),0.0376
KI67 1 in 200 run5.ndpi,Annotation (germinal_center),0.0545
KI67 1 in 200 run5.ndpi,Annotation (germinal_center),0.0377
KI67 1 in 200 run5.ndpi,Annotation (germinal_center),0.0509
KI67 1 in 200 run5.ndpi,Annotation (germinal_center),0.0379
KI67 1 in 200 run5.ndpi,Annotation (germinal_center),0.0407
KI67 1 in 200 run5.ndpi,Annotation (germinal_center),0.1029
KI67 1 in 200 run5.ndpi,Annotation (germinal_center),0.057
KI67 1 in 200 run5.ndpi,Annotation (germinal_center),0.0518
KI67 1 in 200 run5.ndpi,Annotation (germinal_center),0.0856
KI67 1 in 200 run5.ndpi,Annotation (germinal_center),0.0319
KI67 1 in 200 run5.ndpi,Annotation (germinal_center),0.0375
KI67 1 in 200 run5.ndpi,Annotation (germinal_center),0.0471
KI67 1 in 200 run5.ndpi,Annotation (germinal_center),0.0662
KI67 1 in 200 run5.ndpi,Annotation (germinal_center),0.0332
KI67 1 in 200 run5.ndpi,Annotation (germinal_center),0.0529
KI67 1 in 200 run5.ndpi,Annotation (germinal_center),0.0337
KI67 1 in 200 run5.ndpi,Annotation (germinal_center),0.0489
KI67 1 in 200 run5.ndpi,Annotation (germinal_center),0.0396
KI67 1 in 200 run5.ndpi,Annotation (germinal_center),0.0649
KI67 1 in 200 run5.ndpi,Annotation (germinal_center),0.0294
KI67 1 in 200 run5.ndpi,Annotation (germinal_center),0.067
KI67 1 in 200 run5.ndpi,Annotation (germinal_center),0.0702
KI67 1 in 200 run5.ndpi,Annotation (germinal_center),0.0384
KI67 1 in 200 run5.ndpi,Annotation (germinal_center),0.0499
KI67 1 in 200 run5.ndpi,Annotation (germinal_center),0.114
KI67 1 in 200 run5.ndpi,Annotation (germinal_center),0.0621
KI67 1 in 200 run5.ndpi,Annotation (germinal_center),0.0509
KI67 1 in 200 run5.ndpi,Annotation (germinal_center),0.031
KI67 1 in 200 run5.ndpi,Annotation (germinal_center),0.0379
KI67 1 in 200 run5.ndpi,Annotation (germinal_center),0.0959
KI67 1 in 200 run5.ndpi,Annotation (germinal_center),0.0535
KI67 1 in 200 run5.ndpi,Annotation (germinal_center),0.0522
KI67 1 in 200 run5.ndpi,Annotation (germinal_center),0.0392
KI67 1 in 200 run5.ndpi,Annotation (germinal_center),0.0404
KI67 1 in 200 run5.ndpi,Annotation (germinal_center),0.0392
KI67 1 in 200 run5.ndpi,Annotation (germinal_center),0.0485
KI67 1 in 200 run5.ndpi,Annotation (germinal_center),0.0337
KI67 1 in 200 run5.ndpi,Annotation (germinal_center),0.0536
KI67 1 in 200 run5.ndpi,Annotation (germinal_center),0.04
KI67 1 in 200 run5.ndpi,Annotation (germinal_center),0.0324
KI67 1 in 200 run5.ndpi,Annotation (germinal_center),0.0741
KI67 1 in 200 run5.ndpi,Annotation (germinal_center),0.0823
KI67 1 in 200 run5.ndpi,Annotation (germinal_center),0.0587
KI67 1 in 200 run5.ndpi,Annotation (germinal_center),0.0792
KI67 1 in 200 run5.ndpi,Annotation (germinal_center),0.0801
KI67 1 in 200 run5.ndpi,Annotation (germinal_center),0.0456
KI67 1 in 200 run5.ndpi,Annotation (germinal_center),0.0565
KI67 1 in 200 run5.ndpi,Annotation (germinal_center),0.0782
KI67 1 in 200 run5.ndpi,Annotation (germinal_center),0.0395
KI67 1 in 200 run5.ndpi,Annotation (germinal_center),0.0584
KI67 1 in 200 run5.ndpi,Annotation (germinal_center),0.035
KI67 1 in 200 run5.ndpi,Annotation (germinal_center),0.0608
KI67 1 in 200 run5.ndpi,Annotation (germinal_center),0.0663
KI67 1 in 200 run5.ndpi,Annotation (germinal_center),0.0368
KI67 1 in 200 run5.ndpi,Annotation (germinal_center),0.0687
KI67 1 in 200 run5.ndpi,Annotation (germinal_center),0.0302
KI67 1 in 200 run5.ndpi,Annotation (germinal_center),0.0449
KI67 1 in 200 run5.ndpi,Annotation (germinal_center),0.0771
KI67 1 in 200 run5.ndpi,Annotation (germinal_center),0.0573
KI67 1 in 200 run5.ndpi,Annotation (germinal_center),0.0264
KI67 1 in 200 run5.ndpi,Annotation (germinal_center),0.0955
KI67 1 in 200 run5.ndpi,Annotation (germinal_center),0.0519
KI67 1 in 200 run5.ndpi,Annotation (germinal_center),0.0356
KI67 1 in 200 run5.ndpi,Annotation (germinal_center),0.0577
KI67 1 in 200 run5.ndpi,Annotation (germinal_center),0.047
KI67 1 in 200 run5.ndpi,Annotation (germinal_center),0.0635
KI67 1 in 200 run5.ndpi,Annotation (germinal_center),0.0469
KI67 1 in 200 run5.ndpi,Annotation (germinal_center),0.0666
KI67 1 in 200 run5.ndpi,Annotation (germinal_center),0.0524
KI67 1 in 200 run5.ndpi,Annotation (germinal_center),0.046
KI67 1 in 200 run5.ndpi,Annotation (germinal_center),0.0299
KI67 1 in 200 run5.ndpi,Annotation (germinal_center),0.0569
KI67 1 in 200 run5.ndpi,Annotation (germinal_center),0.0435
KI67 1 in 200 run5.ndpi,Annotation (germinal_center),0.0375
KI67 1 in 200 run5.ndpi,Annotation (germinal_center),0.0477
KI67 1 in 200 run5.ndpi,Annotation (germinal_center),0.0865
KI67 1 in 200 run5.ndpi,Annotation (germinal_center),0.0331
KI67 1 in 200 run5.ndpi,Annotation (germinal_center),0.0425
KI67 1 in 200 run5.ndpi,Annotation (germinal_center),0.0495
KI67 1 in 200 run5.ndpi,Annotation (germinal_center),0.039
KI67 1 in 200 run5.ndpi,Annotation (germinal_center),0.0335
KI67 1 in 200 run5.ndpi,Annotation (germinal_center),0.0309
KI67 1 in 200 run5.ndpi,Annotation (germinal_center),0.0587
KI67 1 in 200 run5.ndpi,Annotation (germinal_center),0.0526
KI67 1 in 200 run5.ndpi,Annotation (germinal_center),0.0698
KI67 1 in 200 run5.ndpi,Annotation (germinal_center),0.058
KI67 1 in 200 run5.ndpi,Annotation (germinal_center),0.0345
KI67 1 in 200 run5.ndpi,Annotation (germinal_center),0.0512
KI67 1 in 200 run5.ndpi,Annotation (germinal_center),0.028
KI67 1 in 200 run5.ndpi,Annotation (germinal_center),0.0446
KI67 1 in 200 run5.ndpi,Annotation (germinal_center),0.0477
KI67 1 in 200 run5.ndpi,Annotation (germinal_center),0.0474
KI67 1 in 200 run5.ndpi,Annotation (germinal_center),0.038
KI67 1 in 200 run5.ndpi,Annotation (germinal_center),0.0352
KI67 1 in 200 run5.ndpi,Annotation (germinal_center),0.0405
KI67 1 in 200 run5.ndpi,Annotation (germinal_center),0.0411
KI67 1 in 200 run5.ndpi,Annotation (germinal_center),0.0594
KI67 1 in 200 run5.ndpi,Annotation (germinal_center),0.0632
KI67 1 in 200 run5.ndpi,Annotation (germinal_center),0.0387
KI67 1 in 200 run5.ndpi,Annotation (germinal_center),0.0403
KI67 1 in 200 run5.ndpi,Annotation (germinal_center),0.0493
KI67 1 in 200 run5.ndpi,Annotation (germinal_center),0.0632
KI67 1 in 200 run5.ndpi,Annotation (germinal_center),0.0777
KI67 1 in 200 run5.ndpi,Annotation (germinal_center),0.0367
KI67 1 in 200 run5.ndpi,Annotation (germinal_center),0.0323
KI67 1 in 200 run5.ndpi,Annotation (germinal_center),0.0503
KI67 1 in 200 run5.ndpi,Annotation (germinal_center),0.0481
KI67 1 in 200 run5.ndpi,Annotation (germinal_center),0.0359
KI67 1 in 200 run5.ndpi,Annotation (germinal_center),0.031
KI67 1 in 200 run5.ndpi,Annotation (germinal_center),0.0345
KI67 1 in 200 run5.ndpi,Annotation (germinal_center),0.0369
KI67 1 in 200 run5.ndpi,Annotation (germinal_center),0.0442
KI67 1 in 200 run5.ndpi,Annotation (germinal_center),0.0467
KI67 1 in 200 run5.ndpi,Annotation (germinal_center),0.0557
KI67 1 in 200 run5.ndpi,Annotation (germinal_center),0.0261
KI67 1 in 200 run5.ndpi,Annotation (germinal_center),0.0447
KI67 1 in 200 run5.ndpi,Annotation (germinal_center),0.026
KI67 1 in 200 run5.ndpi,Annotation (germinal_center),0.0551
KI67 1 in 200 run5.ndpi,Annotation (germinal_center),0.0385
KI67 1 in 200 run5.ndpi,Annotation (germinal_center),0.0545
KI67 1 in 200 run5.ndpi,Annotation (germinal_center),0.0631
KI67 1 in 200 run5.ndpi,Annotation (germinal_center),0.0888
KI67 1 in 200 run5.ndpi,Annotation (germinal_center),0.0545
KI67 1 in 200 run5.ndpi,Annotation (germinal_center),0.0419
KI67 1 in 200 run5.ndpi,Annotation (germinal_center),0.0244
KI67 1 in 200 run5.ndpi,Annotation (germinal_center),0.065
KI67 1 in 200 run5.ndpi,Annotation (germinal_center),0.0657
KI67 1 in 200 run5.ndpi,Annotation (germinal_center),0.0896
KI67 1 in 200 run5.ndpi,Annotation (germinal_center),0.0613
KI67 1 in 200 run5.ndpi,Annotation (germinal_center),0.0509
KI67 1 in 200 run5.ndpi,Annotation (germinal_center),0.0534
KI67 1 in 200 run5.ndpi,Annotation (germinal_center),0.0366
KI67 1 in 200 run5.ndpi,Annotation (germinal_center),0.0388
KI67 1 in 200 run5.ndpi,Annotation (germinal_center),0.0375
KI67 1 in 200 run5.ndpi,Annotation (germinal_center),0.0418
KI67 1 in 200 run5.ndpi,Annotation (germinal_center),0.041
KI67 1 in 200 run5.ndpi,Annotation (germinal_center),0.06
KI67 1 in 200 run5.ndpi,Annotation (germinal_center),0.0793
KI67 1 in 200 run5.ndpi,Annotation (germinal_center),0.0507
KI67 1 in 200 run5.ndpi,Annotation (germinal_center),0.0366
KI67 1 in 200 run5.ndpi,Annotation (germinal_center),0.0787
KI67 1 in 200 run5.ndpi,Annotation (germinal_center),0.0708
KI67 1 in 200 run5.ndpi,Annotation (germinal_center),0.0342
KI67 1 in 200 run5.ndpi,Annotation (germinal_center),0.0263
KI67 1 in 200 run5.ndpi,Annotation (germinal_center),0.0352
KI67 1 in 200 run5.ndpi,Annotation (germinal_center),0.0423
KI67 1 in 200 run5.ndpi,Annotation (germinal_center),0.0432
KI67 1 in 200 run5.ndpi,Annotation (germinal_center),0.0502
KI67 1 in 200 run5.ndpi,Annotation (germinal_center),0.068
KI67 1 in 200 run5.ndpi,Annotation (germinal_center),0.0501
KI67 1 in 200 run5.ndpi,Annotation (germinal_center),0.0299
KI67 1 in 200 run5.ndpi,Annotation (germinal_center),0.034
KI67 1 in 200 run5.ndpi,Annotation (germinal_center),0.033
KI67 1 in 200 run5.ndpi,Annotation (germinal_center),0.0308
KI67 1 in 200 run5.ndpi,Annotation (germinal_center),0.0574
KI67 1 in 200 run5.ndpi,Annotation (germinal_center),0.0471
KI67 1 in 200 run5.ndpi,Annotation (germinal_center),0.0846
KI67 1 in 200 run5.ndpi,Annotation (germinal_center),0.0279
KI67 1 in 200 run5.ndpi,Annotation (germinal_center),0.0612
KI67 1 in 200 run5.ndpi,Annotation (germinal_center),0.0365
KI67 1 in 200 run5.ndpi,Annotation (germinal_center),0.0154
KI67 1 in 200 run5.ndpi,Annotation (germinal_center),0.0337
KI67 1 in 200 run5.ndpi,Annotation (germinal_center),0.0341
KI67 1 in 200 run5.ndpi,Annotation (germinal_center),0.0449
KI67 1 in 200 run5.ndpi,Annotation (germinal_center),0.0527
KI67 1 in 200 run5.ndpi,Annotation (germinal_center),0.0467
KI67 1 in 200 run5.ndpi,Annotation (germinal_center),0.0441
KI67 1 in 200 run5.ndpi,Annotation (germinal_center),0.0371
KI67 1 in 200 run5.ndpi,Annotation (germinal_center),0.06
KI67 1 in 200 run5.ndpi,Annotation (germinal_center),0.0369
KI67 1 in 200 run5.ndpi,Annotation (germinal_center),0.0547
KI67 1 in 200 run5.ndpi,Annotation (germinal_center),0.0261
KI67 1 in 200 run5.ndpi,Annotation (germinal_center),0.0553
KI67 1 in 200 run5.ndpi,Annotation (germinal_center),0.0764
KI67 1 in 200 run5.ndpi,Annotation (germinal_center),0.0476
KI67 1 in 200 run5.ndpi,Annotation (germinal_center),0.0385
KI67 1 in 200 run5.ndpi,Annotation (germinal_center),0.0376
KI67 1 in 200 run5.ndpi,Annotation (germinal_center),0.0562
KI67 1 in 200 run5.ndpi,Annotation (germinal_center),0.0378
KI67 1 in 200 run5.ndpi,Annotation (germinal_center),0.0544
KI67 1 in 200 run5.ndpi,Annotation (germinal_center),0.0412
KI67 1 in 200 run5.ndpi,Annotation (germinal_center),0.0531
KI67 1 in 200 run5.ndpi,Annotation (germinal_center),0.2212
KI67 1 in 200 run5.ndpi,Annotation (germinal_center),0.0418
KI67 1 in 200 run5.ndpi,Annotation (germinal_center),0.0452
KI67 1 in 200 run5.ndpi,Annotation (germinal_center),0.0502
KI67 1 in 200 run5.ndpi,Annotation (germinal_center),0.0308
KI67 1 in 200 run5.ndpi,Annotation (germinal_center),0.0403
KI67 1 in 200 run5.ndpi,Annotation (germinal_center),0.046
KI67 1 in 200 run5.ndpi,Annotation (germinal_center),0.0747
KI67 1 in 200 run5.ndpi,Annotation (germinal_center),0.0719
KI67 1 in 200 run5.ndpi,Annotation (germinal_center),0.0421
KI67 1 in 200 run5.ndpi,Annotation (germinal_center),0.0368
KI67 1 in 200 run5.ndpi,Annotation (germinal_center),0.0608
KI67 1 in 200 run5.ndpi,Annotation (germinal_center),0.0475
KI67 1 in 200 run5.ndpi,Annotation (germinal_center),0.0402
KI67 1 in 200 run5.ndpi,Annotation (germinal_center),0.0595
KI67 1 in 200 run5.ndpi,Annotation (germinal_center),0.0393
KI67 1 in 200 run5.ndpi,Annotation (germinal_center),0.0351
KI67 1 in 200 run5.ndpi,Annotation (germinal_center),0.0392
KI67 1 in 200 run5.ndpi,Annotation (germinal_center),0.0445
KI67 1 in 200 run5.ndpi,Annotation (germinal_center),0.0462
KI67 1 in 200 run5.ndpi,Annotation (germinal_center),0.0282
KI67 1 in 200 run5.ndpi,Annotation (germinal_center),0.0354
KI67 1 in 200 run5.ndpi,Annotation (germinal_center),0.0365
KI67 1 in 200 run5.ndpi,Annotation (germinal_center),0.0563
KI67 1 in 200 run5.ndpi,Annotation (germinal_center),0.0479
KI67 1 in 200 run5.ndpi,Annotation (germinal_center),0.0512
KI67 1 in 200 run5.ndpi,Annotation (germinal_center),0.0339
KI67 1 in 200 run5.ndpi,Annotation (germinal_center),0.0611
KI67 1 in 200 run5.ndpi,Annotation (germinal_center),0.0418
KI67 1 in 200 run5.ndpi,Annotation (germinal_center),0.0483
KI67 1 in 200 run5.ndpi,Annotation (germinal_center),0.0689
KI67 1 in 200 run5.ndpi,Annotation (germinal_center),0.0852
KI67 1 in 200 run5.ndpi,Annotation (germinal_center),0.0566
KI67 1 in 200 run5.ndpi,Annotation (germinal_center),0.0551
KI67 1 in 200 run5.ndpi,Annotation (germinal_center),0.0888
KI67 1 in 200 run5.ndpi,Annotation (germinal_center),0.0335
KI67 1 in 200 run5.ndpi,Annotation (germinal_center),0.0336
KI67 1 in 200 run5.ndpi,Annotation (germinal_center),0.0295
KI67 1 in 200 run5.ndpi,Annotation (germinal_center),0.0512
KI67 1 in 200 run5.ndpi,Annotation (germinal_center),0.083
KI67 1 in 200 run5.ndpi,Annotation (germinal_center),0.0305
KI67 1 in 200 run5.ndpi,Annotation (germinal_center),0.0388
KI67 1 in 200 run5.ndpi,Annotation (germinal_center),0.0666
KI67 1 in 200 run5.ndpi,Annotation (germinal_center),0.0374
KI67 1 in 200 run5.ndpi,Annotation (germinal_center),0.0444
KI67 1 in 200 run5.ndpi,Annotation (germinal_center),0.0393
KI67 1 in 200 run5.ndpi,Annotation (germinal_center),0.0431
KI67 1 in 200 run5.ndpi,Annotation (germinal_center),0.0371
KI67 1 in 200 run5.ndpi,Annotation (germinal_center),0.0774
KI67 1 in 200 run5.ndpi,Annotation (germinal_center),0.0479
KI67 1 in 200 run5.ndpi,Annotation (germinal_center),0.027
KI67 1 in 200 run5.ndpi,Annotation (germinal_center),0.0973
KI67 1 in 200 run5.ndpi,Annotation (germinal_center),0.0443
KI67 1 in 200 run5.ndpi,Annotation (germinal_center),0.0819
KI67 1 in 200 run5.ndpi,Annotation (germinal_center),0.0268
KI67 1 in 200 run5.ndpi,Annotation (germinal_center),0.0421
KI67 1 in 200 run5.ndpi,Annotation (germinal_center),0.0528
KI67 1 in 200 run5.ndpi,Annotation (germinal_center),0.0292
KI67 1 in 200 run5.ndpi,Annotation (germinal_center),0.0474
KI67 1 in 200 run5.ndpi,Annotation (germinal_center),0.0459
KI67 1 in 200 run5.ndpi,Annotation (germinal_center),0.0321
KI67 1 in 200 run5.ndpi,Annotation (germinal_center),0.0705
KI67 1 in 200 run5.ndpi,Annotation (germinal_center),0.0451
KI67 1 in 200 run5.ndpi,Annotation (germinal_center),0.0597
KI67 1 in 200 run5.ndpi,Annotation (germinal_center),0.0594
KI67 1 in 200 run5.ndpi,Annotation (germinal_center),0.0578
KI67 1 in 200 run5.ndpi,Annotation (germinal_center),0.064
KI67 1 in 200 run5.ndpi,Annotation (germinal_center),0.0415
KI67 1 in 200 run5.ndpi,Annotation (germinal_center),0.0441
KI67 1 in 200 run5.ndpi,Annotation (germinal_center),0.048
KI67 1 in 200 run5.ndpi,Annotation (germinal_center),0.0447
KI67 1 in 200 run5.ndpi,Annotation (germinal_center),0.0512
KI67 1 in 200 run5.ndpi,Annotation (germinal_center),0.0388
KI67 1 in 200 run5.ndpi,Annotation (germinal_center),0.0683
KI67 1 in 200 run5.ndpi,Annotation (germinal_center),0.0337
KI67 1 in 200 run5.ndpi,Annotation (germinal_center),0.0298
KI67 1 in 200 run5.ndpi,Annotation (germinal_center),0.0426
KI67 1 in 200 run5.ndpi,Annotation (germinal_center),0.057
KI67 1 in 200 run5.ndpi,Annotation (germinal_center),0.0666
KI67 1 in 200 run5.ndpi,Annotation (germinal_center),0.0584
KI67 1 in 200 run5.ndpi,Annotation (germinal_center),0.0664
KI67 1 in 200 run5.ndpi,Annotation (germinal_center),0.0639
KI67 1 in 200 run5.ndpi,Annotation (germinal_center),0.0564
KI67 1 in 200 run5.ndpi,Annotation (germinal_center),0.0805
KI67 1 in 200 run5.ndpi,Annotation (germinal_center),0.0345
KI67 1 in 200 run5.ndpi,Annotation (germinal_center),0.0542
KI67 1 in 200 run5.ndpi,Annotation (germinal_center),0.04
KI67 1 in 200 run5.ndpi,Annotation (germinal_center),0.0611
KI67 1 in 200 run5.ndpi,Annotation (germinal_center),0.0433
KI67 1 in 200 run5.ndpi,Annotation (germinal_center),0.0524
KI67 1 in 200 run5.ndpi,Annotation (germinal_center),0.0415
KI67 1 in 200 run5.ndpi,Annotation (germinal_center),0.0541
KI67 1 in 200 run5.ndpi,Annotation (germinal_center),0.0373
KI67 1 in 200 run5.ndpi,Annotation (germinal_center),0.0421
KI67 1 in 200 run5.ndpi,Annotation (germinal_center),0.0786
KI67 1 in 200 run5.ndpi,Annotation (germinal_center),0.0487
KI67 1 in 200 run5.ndpi,Annotation (germinal_center),0.0513
KI67 1 in 200 run5.ndpi,Annotation (germinal_center),0.0416
KI67 1 in 200 run5.ndpi,Annotation (germinal_center),0.0831
KI67 1 in 200 run5.ndpi,Annotation (germinal_center),0.0763
KI67 1 in 200 run5.ndpi,Annotation (germinal_center),0.0451
KI67 1 in 200 run5.ndpi,Annotation (germinal_center),0.0331
KI67 1 in 200 run5.ndpi,Annotation (germinal_center),0.0472
KI67 1 in 200 run5.ndpi,Annotation (germinal_center),0.0415
KI67 1 in 200 run5.ndpi,Annotation (germinal_center),0.0505
KI67 1 in 200 run5.ndpi,Annotation (germinal_center),0.0431
KI67 1 in 200 run5.ndpi,Annotation (germinal_center),0.0432
KI67 1 in 200 run5.ndpi,Annotation (germinal_center),0.0507
KI67 1 in 200 run5.ndpi,Annotation (germinal_center),0.043
KI67 1 in 200 run5.ndpi,Annotation (germinal_center),0.0534
KI67 1 in 200 run5.ndpi,Annotation (germinal_center),0.0646
KI67 1 in 200 run5.ndpi,Annotation (germinal_center),0.0519
KI67 1 in 200 run5.ndpi,Annotation (germinal_center),0.0715
KI67 1 in 200 run5.ndpi,Annotation (germinal_center),0.0339
KI67 1 in 200 run5.ndpi,Annotation (germinal_center),0.0329
KI67 1 in 200 run5.ndpi,Annotation (germinal_center),0.0616
KI67 1 in 200 run5.ndpi,Annotation (germinal_center),0.0371
KI67 1 in 200 run5.ndpi,Annotation (germinal_center),0.0556
KI67 1 in 200 run5.ndpi,Annotation (germinal_center),0.0564
KI67 1 in 200 run5.ndpi,Annotation (germinal_center),0.0482
KI67 1 in 200 run5.ndpi,Annotation (germinal_center),0.0418
KI67 1 in 200 run5.ndpi,Annotation (germinal_center),0.0875
KI67 1 in 200 run5.ndpi,Annotation (germinal_center),0.0554
KI67 1 in 200 run5.ndpi,Annotation (germinal_center),0.0438
KI67 1 in 200 run5.ndpi,Annotation (germinal_center),0.0388
KI67 1 in 200 run5.ndpi,Annotation (germinal_center),0.0387
KI67 1 in 200 run5.ndpi,Annotation (germinal_center),0.0402
KI67 1 in 200 run5.ndpi,Annotation (germinal_center),0.0401
KI67 1 in 200 run5.ndpi,Annotation (germinal_center),0.0488
KI67 1 in 200 run5.ndpi,Annotation (germinal_center),0.0426
KI67 1 in 200 run5.ndpi,Annotation (germinal_center),0.0576
KI67 1 in 200 run5.ndpi,Annotation (germinal_center),0.0558
KI67 1 in 200 run5.ndpi,Annotation (germinal_center),0.0577
KI67 1 in 200 run5.ndpi,Annotation (germinal_center),0.0482
KI67 1 in 200 run5.ndpi,Annotation (germinal_center),0.0247
KI67 1 in 200 run5.ndpi,Annotation (germinal_center),0.0315
KI67 1 in 200 run5.ndpi,Annotation (germinal_center),0.0414
KI67 1 in 200 run5.ndpi,Annotation (germinal_center),0.0529
KI67 1 in 200 run5.ndpi,Annotation (germinal_center),0.0567
KI67 1 in 200 run5.ndpi,Annotation (germinal_center),0.0484
KI67 1 in 200 run5.ndpi,Annotation (germinal_center),0.0479
KI67 1 in 200 run5.ndpi,Annotation (germinal_center),0.0454
KI67 1 in 200 run5.ndpi,Annotation (germinal_center),0.0482
KI67 1 in 200 run5.ndpi,Annotation (germinal_center),0.0322
KI67 1 in 200 run5.ndpi,Annotation (germinal_center),0.0992
KI67 1 in 200 run5.ndpi,Annotation (germinal_center),0.0597
KI67 1 in 200 run5.ndpi,Annotation (germinal_center),0.0726
KI67 1 in 200 run5.ndpi,Annotation (germinal_center),0.0826
KI67 1 in 200 run5.ndpi,Annotation (germinal_center),0.0341
KI67 1 in 200 run5.ndpi,Annotation (germinal_center),0.0643
KI67 1 in 200 run5.ndpi,Annotation (germinal_center),0.0731
KI67 1 in 200 run5.ndpi,Annotation (germinal_center),0.0668
KI67 1 in 200 run5.ndpi,Annotation (germinal_center),0.0424
KI67 1 in 200 run5.ndpi,Annotation (germinal_center),0.0763
KI67 1 in 200 run5.ndpi,Annotation (germinal_center),0.0396
KI67 1 in 200 run5.ndpi,Annotation (germinal_center),0.0458
KI67 1 in 200 run5.ndpi,Annotation (germinal_center),0.0402
KI67 1 in 200 run5.ndpi,Annotation (germinal_center),0.0522
KI67 1 in 200 run5.ndpi,Annotation (germinal_center),0.069
KI67 1 in 200 run5.ndpi,Annotation (germinal_center),0.036
KI67 1 in 200 run5.ndpi,Annotation (germinal_center),0.0536
KI67 1 in 200 run5.ndpi,Annotation (germinal_center),0.0327
KI67 1 in 200 run5.ndpi,Annotation (germinal_center),0.0375
KI67 1 in 200 run5.ndpi,Annotation (germinal_center),0.0457
KI67 1 in 200 run5.ndpi,Annotation (germinal_center),0.1013
KI67 1 in 200 run5.ndpi,Annotation (germinal_center),0.0482
KI67 1 in 200 run5.ndpi,Annotation (germinal_center),0.0625
KI67 1 in 200 run5.ndpi,Annotation (germinal_center),0.0454
KI67 1 in 200 run5.ndpi,Annotation (germinal_center),0.0522
KI67 1 in 200 run5.ndpi,Annotation (germinal_center),0.0348
KI67 1 in 200 run5.ndpi,Annotation (germinal_center),0.0466
KI67 1 in 200 run5.ndpi,Annotation (germinal_center),0.0393
KI67 1 in 200 run5.ndpi,Annotation (germinal_center),0.073
KI67 1 in 200 run5.ndpi,Annotation (germinal_center),0.0725
KI67 1 in 200 run5.ndpi,Annotation (germinal_center),0.042
KI67 1 in 200 run5.ndpi,Annotation (germinal_center),0.0592
KI67 1 in 200 run5.ndpi,Annotation (germinal_center),0.05
KI67 1 in 200 run5.ndpi,Annotation (germinal_center),0.0614
KI67 1 in 200 run5.ndpi,Annotation (germinal_center),0.0616
KI67 1 in 200 run5.ndpi,Annotation (germinal_center),0.0335
KI67 1 in 200 run5.ndpi,Annotation (germinal_center),0.0285
KI67 1 in 200 run5.ndpi,Annotation (germinal_center),0.0622
KI67 1 in 200 run5.ndpi,Annotation (germinal_center),0.0281
KI67 1 in 200 run5.ndpi,Annotation (germinal_center),0.0498
KI67 1 in 200 run5.ndpi,Annotation (germinal_center),0.0593
KI67 1 in 200 run5.ndpi,Annotation (germinal_center),0.0355
KI67 1 in 200 run5.ndpi,Annotation (germinal_center),0.0569
KI67 1 in 200 run5.ndpi,Annotation (germinal_center),0.0425
KI67 1 in 200 run5.ndpi,Annotation (germinal_center),0.0564
KI67 1 in 200 run5.ndpi,Annotation (germinal_center),0.1106
KI67 1 in 200 run5.ndpi,Annotation (germinal_center),0.0611
KI67 1 in 200 run5.ndpi,Annotation (germinal_center),0.0347
KI67 1 in 200 run5.ndpi,Annotation (germinal_center),0.0726
KI67 1 in 200 run5.ndpi,Annotation (germinal_center),0.0498
KI67 1 in 200 run5.ndpi,Annotation (germinal_center),0.0721
KI67 1 in 200 run5.ndpi,Annotation (germinal_center),0.0469
KI67 1 in 200 run5.ndpi,Annotation (germinal_center),0.0446
KI67 1 in 200 run5.ndpi,Annotation (germinal_center),0.0461
KI67 1 in 200 run5.ndpi,Annotation (germinal_center),0.0808
KI67 1 in 200 run5.ndpi,Annotation (germinal_center),0.0668
KI67 1 in 200 run5.ndpi,Annotation (germinal_center),0.0338
KI67 1 in 200 run5.ndpi,Annotation (germinal_center),0.0431
KI67 1 in 200 run5.ndpi,Annotation (germinal_center),0.0728
KI67 1 in 200 run5.ndpi,Annotation (germinal_center),0.0324
KI67 1 in 200 run5.ndpi,Annotation (germinal_center),0.0377
KI67 1 in 200 run5.ndpi,Annotation (germinal_center),0.0583
KI67 1 in 200 run5.ndpi,Annotation (germinal_center),0.0375
KI67 1 in 200 run5.ndpi,Annotation (germinal_center),0.032
KI67 1 in 200 run5.ndpi,Annotation (germinal_center),0.0446
KI67 1 in 200 run5.ndpi,Annotation (germinal_center),0.0452
KI67 1 in 200 run5.ndpi,Annotation (germinal_center),0.0357
KI67 1 in 200 run5.ndpi,Annotation (germinal_center),0.0486
KI67 1 in 200 run5.ndpi,Annotation (germinal_center),0.0541
KI67 1 in 200 run5.ndpi,Annotation (germinal_center),0.0498
KI67 1 in 200 run5.ndpi,Annotation (germinal_center),0.0527
KI67 1 in 200 run5.ndpi,Annotation (germinal_center),0.0836
KI67 1 in 200 run5.ndpi,Annotation (germinal_center),0.0491
KI67 1 in 200 run5.ndpi,Annotation (germinal_center),0.0338
KI67 1 in 200 run5.ndpi,Annotation (germinal_center),0.06
KI67 1 in 200 run5.ndpi,Annotation (germinal_center),0.0376
KI67 1 in 200 run5.ndpi,Annotation (germinal_center),0.0516
KI67 1 in 200 run5.ndpi,Annotation (germinal_center),0.0432
KI67 1 in 200 run5.ndpi,Annotation (germinal_center),0.0465
KI67 1 in 200 run5.ndpi,Annotation (germinal_center),0.0736
KI67 1 in 200 run5.ndpi,Annotation (germinal_center),0.0359
KI67 1 in 200 run5.ndpi,Annotation (germinal_center),0.0499
KI67 1 in 200 run5.ndpi,Annotation (germinal_center),0.1151
KI67 1 in 200 run5.ndpi,Annotation (germinal_center),0.0399
KI67 1 in 200 run5.ndpi,Annotation (germinal_center),0.0852
KI67 1 in 200 run5.ndpi,Annotation (germinal_center),0.049
KI67 1 in 200 run5.ndpi,Annotation (germinal_center),0.041
KI67 1 in 200 run5.ndpi,Annotation (germinal_center),0.0656
KI67 1 in 200 run5.ndpi,Annotation (germinal_center),0.0536
KI67 1 in 200 run5.ndpi,Annotation (germinal_center),0.0458
KI67 1 in 200 run5.ndpi,Annotation (germinal_center),0.0337
KI67 1 in 200 run5.ndpi,Annotation (germinal_center),0.0396
KI67 1 in 200 run5.ndpi,Annotation (germinal_center),0.036
KI67 1 in 200 run5.ndpi,Annotation (germinal_center),0.0323
KI67 1 in 200 run5.ndpi,Annotation (germinal_center),0.0462
KI67 1 in 200 run5.ndpi,Annotation (germinal_center),0.0446
KI67 1 in 200 run5.ndpi,Annotation (germinal_center),0.0538
KI67 1 in 200 run5.ndpi,Annotation (germinal_center),0.047
KI67 1 in 200 run5.ndpi,Annotation (germinal_center),0.0422
KI67 1 in 200 run5.ndpi,Annotation (germinal_center),0.0531
KI67 1 in 200 run5.ndpi,Annotation (germinal_center),0.0672
KI67 1 in 200 run5.ndpi,Annotation (germinal_center),0.0261
KI67 1 in 200 run5.ndpi,Annotation (germinal_center),0.0772
KI67 1 in 200 run5.ndpi,Annotation (germinal_center),0.053
KI67 1 in 200 run5.ndpi,Annotation (germinal_center),0.0294
KI67 1 in 200 run5.ndpi,Annotation (germinal_center),0.0447
KI67 1 in 200 run5.ndpi,Annotation (germinal_center),0.0552
KI67 1 in 200 run5.ndpi,Annotation (germinal_center),0.0724
KI67 1 in 200 run5.ndpi,Annotation (germinal_center),0.0411
KI67 1 in 200 run5.ndpi,Annotation (germinal_center),0.0472
KI67 1 in 200 run5.ndpi,Annotation (germinal_center),0.078
KI67 1 in 200 run5.ndpi,Annotation (germinal_center),0.0555
KI67 1 in 200 run5.ndpi,Annotation (germinal_center),0.0413
KI67 1 in 200 run5.ndpi,Annotation (germinal_center),0.0403
KI67 1 in 200 run5.ndpi,Annotation (germinal_center),0.0313
KI67 1 in 200 run5.ndpi,Annotation (germinal_center),0.0382
KI67 1 in 200 run5.ndpi,Annotation (germinal_center),0.0473
KI67 1 in 200 run5.ndpi,Annotation (germinal_center),0.0241
KI67 1 in 200 run5.ndpi,Annotation (germinal_center),0.0782
KI67 1 in 200 run5.ndpi,Annotation (germinal_center),0.0861
KI67 1 in 200 run5.ndpi,Annotation (germinal_center),0.0666
KI67 1 in 200 run5.ndpi,Annotation (germinal_center),0.0665
KI67 1 in 200 run5.ndpi,Annotation (germinal_center),0.0411
KI67 1 in 200 run5.ndpi,Annotation (germinal_center),0.0708
KI67 1 in 200 run5.ndpi,Annotation (germinal_center),0.0322
KI67 1 in 200 run5.ndpi,Annotation (germinal_center),0.0279
KI67 1 in 200 run5.ndpi,Annotation (germinal_center),0.0527
KI67 1 in 200 run5.ndpi,Annotation (germinal_center),0.0319
KI67 1 in 200 run5.ndpi,Annotation (germinal_center),0.0669
KI67 1 in 200 run5.ndpi,Annotation (germinal_center),0.084
KI67 1 in 200 run5.ndpi,Annotation (germinal_center),0.0594
KI67 1 in 200 run5.ndpi,Annotation (germinal_center),0.0409
KI67 1 in 200 run5.ndpi,Annotation (germinal_center),0.0521
KI67 1 in 200 run5.ndpi,Annotation (germinal_center),0.0707
KI67 1 in 200 run5.ndpi,Annotation (germinal_center),0.0771
KI67 1 in 200 run5.ndpi,Annotation (germinal_center),0.0361
KI67 1 in 200 run5.ndpi,Annotation (germinal_center),0.0323
KI67 1 in 200 run5.ndpi,Annotation (germinal_center),0.04
KI67 1 in 200 run5.ndpi,Annotation (germinal_center),0.0396
KI67 1 in 200 run5.ndpi,Annotation (germinal_center),0.0372
KI67 1 in 200 run5.ndpi,Annotation (germinal_center),0.0369
KI67 1 in 200 run5.ndpi,Annotation (germinal_center),0.0476
KI67 1 in 200 run5.ndpi,Annotation (germinal_center),0.0385
KI67 1 in 200 run5.ndpi,Annotation (germinal_center),0.0264
KI67 1 in 200 run5.ndpi,Annotation (germinal_center),0.0421
KI67 1 in 200 run5.ndpi,Annotation (germinal_center),0.0383
KI67 1 in 200 run5.ndpi,Annotation (germinal_center),0.0588
KI67 1 in 200 run5.ndpi,Annotation (germinal_center),0.0343
KI67 1 in 200 run5.ndpi,Annotation (germinal_center),0.0448
KI67 1 in 200 run5.ndpi,Annotation (germinal_center),0.0323
KI67 1 in 200 run5.ndpi,Annotation (germinal_center),0.0346
KI67 1 in 200 run5.ndpi,Annotation (germinal_center),0.0511
KI67 1 in 200 run5.ndpi,Annotation (germinal_center),0.0237
KI67 1 in 200 run5.ndpi,Annotation (germinal_center),0.0707
KI67 1 in 200 run5.ndpi,Annotation (germinal_center),0.0703
KI67 1 in 200 run5.ndpi,Annotation (germinal_center),0.0449
KI67 1 in 200 run5.ndpi,Annotation (germinal_center),0.0364
KI67 1 in 200 run5.ndpi,Annotation (germinal_center),0.0426
KI67 1 in 200 run5.ndpi,Annotation (germinal_center),0.0388
KI67 1 in 200 run5.ndpi,Annotation (germinal_center),0.0234
KI67 1 in 200 run5.ndpi,Annotation (germinal_center),0.0378
KI67 1 in 200 run5.ndpi,Annotation (germinal_center),0.0387
KI67 1 in 200 run5.ndpi,Annotation (germinal_center),0.0511
KI67 1 in 200 run5.ndpi,Annotation (germinal_center),0.0819
KI67 1 in 200 run5.ndpi,Annotation (germinal_center),0.0488
KI67 1 in 200 run5.ndpi,Annotation (germinal_center),0.0403
KI67 1 in 200 run5.ndpi,Annotation (germinal_center),0.0405
KI67 1 in 200 run5.ndpi,Annotation (germinal_center),0.1237
KI67 1 in 200 run5.ndpi,Annotation (germinal_center),0.0504
KI67 1 in 200 run5.ndpi,Annotation (germinal_center),0.0455
KI67 1 in 200 run5.ndpi,Annotation (germinal_center),0.0482
KI67 1 in 200 run5.ndpi,Annotation (germinal_center),0.0394
KI67 1 in 200 run5.ndpi,Annotation (germinal_center),0.0323
KI67 1 in 200 run5.ndpi,Annotation (germinal_center),0.0337
KI67 1 in 200 run5.ndpi,Annotation (germinal_center),0.0525
KI67 1 in 200 run5.ndpi,Annotation (germinal_center),0.0435
KI67 1 in 200 run5.ndpi,Annotation (germinal_center),0.0463
KI67 1 in 200 run5.ndpi,Annotation (germinal_center),0.0379
KI67 1 in 200 run5.ndpi,Annotation (germinal_center),0.0402
KI67 1 in 200 run5.ndpi,Annotation (germinal_center),0.0454
KI67 1 in 200 run5.ndpi,Annotation (germinal_center),
KI67 1 in 200 run5.ndpi,Annotation (germinal_center),0.0416
KI67 1 in 200 run5.ndpi,Annotation (germinal_center),0.061
KI67 1 in 200 run5.ndpi,Annotation (germinal_center),0.0428
KI67 1 in 200 run5.ndpi,Annotation (germinal_center),0.0289
KI67 1 in 200 run5.ndpi,Annotation (germinal_center),0.0376
KI67 1 in 200 run5.ndpi,Annotation (germinal_center),0.0478
KI67 1 in 200 run5.ndpi,Annotation (germinal_center),0.0375
KI67 1 in 200 run5.ndpi,Annotation (germinal_center),0.0397
KI67 1 in 200 run5.ndpi,Annotation (germinal_center),0.0472
KI67 1 in 200 run5.ndpi,Annotation (germinal_center),0.0662
KI67 1 in 200 run5.ndpi,Annotation (germinal_center),0.0566
KI67 1 in 200 run5.ndpi,Annotation (germinal_center),0.0324
KI67 1 in 200 run5.ndpi,Annotation (germinal_center),0.037
KI67 1 in 200 run5.ndpi,Annotation (germinal_center),0.0444
KI67 1 in 200 run5.ndpi,Annotation (germinal_center),0.0514
KI67 1 in 200 run5.ndpi,Annotation (germinal_center),0.0407
KI67 1 in 200 run5.ndpi,Annotation (germinal_center),0.0407
KI67 1 in 200 run5.ndpi,Annotation (germinal_center),0.1103
KI67 1 in 200 run5.ndpi,Annotation (germinal_center),0.0628
KI67 1 in 200 run5.ndpi,Annotation (germinal_center),0.0759
KI67 1 in 200 run5.ndpi,Annotation (germinal_center),0.0647
KI67 1 in 200 run5.ndpi,Annotation (germinal_center),0.0255
KI67 1 in 200 run5.ndpi,Annotation (germinal_center),0.0486
KI67 1 in 200 run5.ndpi,Annotation (germinal_center),0.0337
KI67 1 in 200 run5.ndpi,Annotation (germinal_center),0.0423
KI67 1 in 200 run5.ndpi,Annotation (germinal_center),0.0366
KI67 1 in 200 run5.ndpi,Annotation (germinal_center),0.0483
KI67 1 in 200 run5.ndpi,Annotation (germinal_center),0.0511
KI67 1 in 200 run5.ndpi,Annotation (germinal_center),0.0446
KI67 1 in 200 run5.ndpi,Annotation (germinal_center),0.0674
KI67 1 in 200 run5.ndpi,Annotation (germinal_center),0.0238
KI67 1 in 200 run5.ndpi,Annotation (germinal_center),0.0359
KI67 1 in 200 run5.ndpi,Annotation (germinal_center),0.034
KI67 1 in 200 run5.ndpi,Annotation (germinal_center),0.0392
KI67 1 in 200 run5.ndpi,Annotation (germinal_center),
KI67 1 in 200 run5.ndpi,Annotation (germinal_center),0.0495
KI67 1 in 200 run5.ndpi,Annotation (germinal_center),0.0381
KI67 1 in 200 run5.ndpi,Annotation (germinal_center),0.0545
KI67 1 in 200 run5.ndpi,Annotation (germinal_center),0.032
KI67 1 in 200 run5.ndpi,Annotation (germinal_center),0.027
KI67 1 in 200 run5.ndpi,Annotation (germinal_center),0.0488
KI67 1 in 200 run5.ndpi,Annotation (germinal_center),0.0498
KI67 1 in 200 run5.ndpi,Annotation (germinal_center),0.0605
KI67 1 in 200 run5.ndpi,Annotation (germinal_center),0.0543
KI67 1 in 200 run5.ndpi,Annotation (germinal_center),0.0899
KI67 1 in 200 run5.ndpi,Annotation (germinal_center),0.0256
KI67 1 in 200 run5.ndpi,Annotation (germinal_center),0.0531
KI67 1 in 200 run5.ndpi,Annotation (germinal_center),0.0509
KI67 1 in 200 run5.ndpi,Annotation (germinal_center),0.045
KI67 1 in 200 run5.ndpi,Annotation (germinal_center),0.0521
KI67 1 in 200 run5.ndpi,Annotation (germinal_center),0.0864
KI67 1 in 200 run5.ndpi,Annotation (germinal_center),0.0338
KI67 1 in 200 run5.ndpi,Annotation (germinal_center),0.0727
KI67 1 in 200 run5.ndpi,Annotation (germinal_center),0.0422
KI67 1 in 200 run5.ndpi,Annotation (germinal_center),0.0359
KI67 1 in 200 run5.ndpi,Annotation (germinal_center),0.0347
KI67 1 in 200 run5.ndpi,Annotation (germinal_center),0.0525
KI67 1 in 200 run5.ndpi,Annotation (germinal_center),0.0548
KI67 1 in 200 run5.ndpi,Annotation (germinal_center),0.0657
KI67 1 in 200 run5.ndpi,Annotation (germinal_center),0.0924
KI67 1 in 200 run5.ndpi,Annotation (germinal_center),0.0575
KI67 1 in 200 run5.ndpi,Annotation (germinal_center),0.0354
KI67 1 in 200 run5.ndpi,Annotation (germinal_center),0.0575
KI67 1 in 200 run5.ndpi,Annotation (germinal_center),0.0376
KI67 1 in 200 run5.ndpi,Annotation (germinal_center),0.0279
KI67 1 in 200 run5.ndpi,Annotation (germinal_center),0.0364
KI67 1 in 200 run5.ndpi,Annotation (germinal_center),0.0367
KI67 1 in 200 run5.ndpi,Annotation (germinal_center),0.038
KI67 1 in 200 run5.ndpi,Annotation (germinal_center),0.0576
KI67 1 in 200 run5.ndpi,Annotation (germinal_center),0.0496
KI67 1 in 200 run5.ndpi,Annotation (germinal_center),0.0463
KI67 1 in 200 run5.ndpi,Annotation (germinal_center),0.0474
KI67 1 in 200 run5.ndpi,Annotation (germinal_center),0.0619
KI67 1 in 200 run5.ndpi,Annotation (germinal_center),0.0708
KI67 1 in 200 run5.ndpi,Annotation (germinal_center),0.0576
KI67 1 in 200 run5.ndpi,Annotation (germinal_center),0.0416
KI67 1 in 200 run5.ndpi,Annotation (germinal_center),0.0467
KI67 1 in 200 run5.ndpi,Annotation (germinal_center),0.0345
KI67 1 in 200 run5.ndpi,Annotation (germinal_center),0.0614
KI67 1 in 200 run5.ndpi,Annotation (germinal_center),0.0281
KI67 1 in 200 run5.ndpi,Annotation (germinal_center),0.0622
KI67 1 in 200 run5.ndpi,Annotation (germinal_center),0.0483
KI67 1 in 200 run5.ndpi,Annotation (germinal_center),0.0572
KI67 1 in 200 run5.ndpi,Annotation (germinal_center),0.0375
KI67 1 in 200 run5.ndpi,Annotation (germinal_center),0.0601
KI67 1 in 200 run5.ndpi,Annotation (germinal_center),0.0584
KI67 1 in 200 run5.ndpi,Annotation (germinal_center),0.038
KI67 1 in 200 run5.ndpi,Annotation (germinal_center),0.1064
KI67 1 in 200 run5.ndpi,Annotation (germinal_center),0.0325
KI67 1 in 200 run5.ndpi,Annotation (germinal_center),0.0417
KI67 1 in 200 run5.ndpi,Annotation (germinal_center),0.0421
KI67 1 in 200 run5.ndpi,Annotation (germinal_center),0.0405
KI67 1 in 200 run5.ndpi,Annotation (germinal_center),0.0486
KI67 1 in 200 run5.ndpi,Annotation (germinal_center),0.0958
KI67 1 in 200 run5.ndpi,Annotation (germinal_center),0.5177
KI67 1 in 200 run5.ndpi,Annotation (germinal_center),0.0344
KI67 1 in 200 run5.ndpi,Annotation (germinal_center),0.0685
KI67 1 in 200 run5.ndpi,Annotation (germinal_center),0.0486
KI67 1 in 200 run5.ndpi,Annotation (germinal_center),0.0497
KI67 1 in 200 run5.ndpi,Annotation (germinal_center),0.08
KI67 1 in 200 run5.ndpi,Annotation (germinal_center),0.0504
KI67 1 in 200 run5.ndpi,Annotation (germinal_center),0.0579
KI67 1 in 200 run5.ndpi,Annotation (germinal_center),0.0414
KI67 1 in 200 run5.ndpi,Annotation (germinal_center),0.1069
KI67 1 in 200 run5.ndpi,Annotation (germinal_center),0.095
KI67 1 in 200 run5.ndpi,Annotation (germinal_center),0.0892
KI67 1 in 200 run5.ndpi,Annotation (germinal_center),0.0695
KI67 1 in 200 run5.ndpi,Annotation (germinal_center),0.0588
KI67 1 in 200 run5.ndpi,Annotation (germinal_center),0.0705
KI67 1 in 200 run5.ndpi,Annotation (germinal_center),0.0516
KI67 1 in 200 run5.ndpi,Annotation (germinal_center),0.4155
KI67 1 in 200 run5.ndpi,Annotation (germinal_center),0.077
KI67 1 in 200 run5.ndpi,Annotation (germinal_center),0.0946
KI67 1 in 200 run5.ndpi,Annotation (germinal_center),0.0665
KI67 1 in 200 run5.ndpi,Annotation (germinal_center),0.0539
KI67 1 in 200 run5.ndpi,Annotation (germinal_center),0.0631
KI67 1 in 200 run5.ndpi,Annotation (germinal_center),0.1174
KI67 1 in 200 run5.ndpi,Annotation (germinal_center),0.0738
KI67 1 in 200 run5.ndpi,Annotation (germinal_center),0.0621
KI67 1 in 200 run5.ndpi,Annotation (germinal_center),0.0894
KI67 1 in 200 run5.ndpi,Annotation (germinal_center),0.0521
KI67 1 in 200 run5.ndpi,Annotation (germinal_center),
KI67 1 in 200 run5.ndpi,Annotation (germinal_center),0.0414
KI67 1 in 200 run5.ndpi,Annotation (germinal_center),0.0719
KI67 1 in 200 run5.ndpi,Annotation (germinal_center),0.0694
KI67 1 in 200 run5.ndpi,Annotation (germinal_center),0.053
KI67 1 in 200 run5.ndpi,Annotation (germinal_center),0.0854
KI67 1 in 200 run5.ndpi,Annotation (germinal_center),0.0817
KI67 1 in 200 run5.ndpi,Annotation (germinal_center),0.059
KI67 1 in 200 run5.ndpi,Annotation (germinal_center),0.0825
KI67 1 in 200 run5.ndpi,Annotation (germinal_center),0.0888
KI67 1 in 200 run5.ndpi,Annotation (germinal_center),0.0624
KI67 1 in 200 run5.ndpi,Annotation (germinal_center),0.0612
KI67 1 in 200 run5.ndpi,Annotation (germinal_center),0.0577
KI67 1 in 200 run5.ndpi,Annotation (germinal_center),0.0632
KI67 1 in 200 run5.ndpi,Annotation (germinal_center),0.0741
KI67 1 in 200 run5.ndpi,Annotation (germinal_center),0.0785
KI67 1 in 200 run5.ndpi,Annotation (germinal_center),0.05
KI67 1 in 200 run5.ndpi,Annotation (germinal_center),0.0728
KI67 1 in 200 run5.ndpi,Annotation (germinal_center),0.0528
KI67 1 in 200 run5.ndpi,Annotation (germinal_center),0.0801
KI67 1 in 200 run5.ndpi,Annotation (germinal_center),0.0689
KI67 1 in 200 run5.ndpi,Annotation (germinal_center),0.0411
KI67 1 in 200 run5.ndpi,Annotation (germinal_center),0.0949
KI67 1 in 200 run5.ndpi,Annotation (germinal_center),0.0674
KI67 1 in 200 run5.ndpi,Annotation (germinal_center),0.0702
KI67 1 in 200 run5.ndpi,Annotation (germinal_center),0.0633
KI67 1 in 200 run5.ndpi,Annotation (germinal_center),0.0785
KI67 1 in 200 run5.ndpi,Annotation (germinal_center),0.0855
KI67 1 in 200 run5.ndpi,Annotation (germinal_center),0.0481
KI67 1 in 200 run5.ndpi,Annotation (germinal_center),0.0202
KI67 1 in 200 run5.ndpi,Annotation (germinal_center),0.062
KI67 1 in 200 run5.ndpi,Annotation (germinal_center),0.037
KI67 1 in 200 run5.ndpi,Annotation (germinal_center),0.0557
KI67 1 in 200 run5.ndpi,Annotation (germinal_center),0.0708
KI67 1 in 200 run5.ndpi,Annotation (germinal_center),0.0691
KI67 1 in 200 run5.ndpi,Annotation (germinal_center),0.0736
KI67 1 in 200 run5.ndpi,Annotation (germinal_center),0.0657
KI67 1 in 200 run5.ndpi,Annotation (germinal_center),0.0685
KI67 1 in 200 run5.ndpi,Annotation (germinal_center),0.0836
KI67 1 in 200 run5.ndpi,Annotation (germinal_center),0.0688
KI67 1 in 200 run5.ndpi,Annotation (germinal_center),0.0463
KI67 1 in 200 run5.ndpi,Annotation (germinal_center),0.0612
KI67 1 in 200 run5.ndpi,Annotation (germinal_center),0.0768
KI67 1 in 200 run5.ndpi,Annotation (germinal_center),0.0671
KI67 1 in 200 run5.ndpi,Annotation (germinal_center),0.0511
KI67 1 in 200 run5.ndpi,Annotation (germinal_center),0.0587
KI67 1 in 200 run5.ndpi,Annotation (germinal_center),0.0658
KI67 1 in 200 run5.ndpi,Annotation (germinal_center),0.0577
KI67 1 in 200 run5.ndpi,Annotation (germinal_center),0.0592
KI67 1 in 200 run5.ndpi,Annotation (germinal_center),0.2259
KI67 1 in 200 run5.ndpi,Annotation (germinal_center),0.1047
KI67 1 in 200 run5.ndpi,Annotation (germinal_center),0.0737
KI67 1 in 200 run5.ndpi,Annotation (germinal_center),0.0519
KI67 1 in 200 run5.ndpi,Annotation (germinal_center),0.0783
KI67 1 in 200 run5.ndpi,Annotation (germinal_center),0.0722
KI67 1 in 200 run5.ndpi,Annotation (germinal_center),0.0509
KI67 1 in 200 run5.ndpi,Annotation (germinal_center),0.0741
KI67 1 in 200 run5.ndpi,Annotation (germinal_center),0.0747
KI67 1 in 200 run5.ndpi,Annotation (germinal_center),0.0759
KI67 1 in 200 run5.ndpi,Annotation (germinal_center),0.0641
KI67 1 in 200 run5.ndpi,Annotation (germinal_center),0.0349
KI67 1 in 200 run5.ndpi,Annotation (germinal_center),0.0572
KI67 1 in 200 run5.ndpi,Annotation (germinal_center),0.0578
KI67 1 in 200 run5.ndpi,Annotation (germinal_center),0.0607
KI67 1 in 200 run5.ndpi,Annotation (germinal_center),0.059
KI67 1 in 200 run5.ndpi,Annotation (germinal_center),0.0198
KI67 1 in 200 run5.ndpi,Annotation (germinal_center),0.0427
KI67 1 in 200 run5.ndpi,Annotation (germinal_center),0.0691
KI67 1 in 200 run5.ndpi,Annotation (germinal_center),0.0733
KI67 1 in 200 run5.ndpi,Annotation (germinal_center),0.0749
KI67 1 in 200 run5.ndpi,Annotation (germinal_center),0.0598
KI67 1 in 200 run5.ndpi,Annotation (germinal_center),0.0666
KI67 1 in 200 run5.ndpi,Annotation (germinal_center),0.0282
KI67 1 in 200 run5.ndpi,Annotation (germinal_center),0.0323
KI67 1 in 200 run5.ndpi,Annotation (germinal_center),0.1717
KI67 1 in 200 run5.ndpi,Annotation (germinal_center),0.0451
KI67 1 in 200 run5.ndpi,Annotation (germinal_center),0.0622
KI67 1 in 200 run5.ndpi,Annotation (germinal_center),0.0801
KI67 1 in 200 run5.ndpi,Annotation (germinal_center),0.0513
KI67 1 in 200 run5.ndpi,Annotation (germinal_center),0.024
KI67 1 in 200 run5.ndpi,Annotation (germinal_center),0.0618
KI67 1 in 200 run5.ndpi,Annotation (germinal_center),0.0802
KI67 1 in 200 run5.ndpi,Annotation (germinal_center),0.0382
KI67 1 in 200 run5.ndpi,Annotation (germinal_center),0.0491
KI67 1 in 200 run5.ndpi,Annotation (germinal_center),0.0325
KI67 1 in 200 run5.ndpi,Annotation (germinal_center),0.0742
KI67 1 in 200 run5.ndpi,Annotation (germinal_center),0.0414
KI67 1 in 200 run5.ndpi,Annotation (germinal_center),0.0452
KI67 1 in 200 run5.ndpi,Annotation (germinal_center),0.0662
KI67 1 in 200 run5.ndpi,Annotation (germinal_center),0.0296
KI67 1 in 200 run5.ndpi,Annotation (germinal_center),0.052
KI67 1 in 200 run5.ndpi,Annotation (germinal_center),0.0503
KI67 1 in 200 run5.ndpi,Annotation (germinal_center),0.005
KI67 1 in 200 run5.ndpi,Annotation (germinal_center),0.0894
KI67 1 in 200 run5.ndpi,Annotation (germinal_center),0.0476
KI67 1 in 200 run5.ndpi,Annotation (germinal_center),0.0365
KI67 1 in 200 run5.ndpi,Annotation (germinal_center),0.028
KI67 1 in 200 run5.ndpi,Annotation (germinal_center),0.0395
KI67 1 in 200 run5.ndpi,Annotation (germinal_center),0.0563
KI67 1 in 200 run5.ndpi,Annotation (germinal_center),0.0413
KI67 1 in 200 run5.ndpi,Annotation (germinal_center),0.0441
KI67 1 in 200 run5.ndpi,Annotation (germinal_center),0.0647
KI67 1 in 200 run5.ndpi,Annotation (germinal_center),0.0958
KI67 1 in 200 run5.ndpi,Annotation (germinal_center),0.0899
KI67 1 in 200 run5.ndpi,Annotation (germinal_center),0.0482
KI67 1 in 200 run5.ndpi,Annotation (germinal_center),0.0639
KI67 1 in 200 run5.ndpi,Annotation (germinal_center),0.0729
KI67 1 in 200 run5.ndpi,Annotation (germinal_center),0.0294
KI67 1 in 200 run5.ndpi,Annotation (germinal_center),0.0895
KI67 1 in 200 run5.ndpi,Annotation (germinal_center),0.0736
KI67 1 in 200 run5.ndpi,Annotation (germinal_center),0.043
KI67 1 in 200 run5.ndpi,Annotation (germinal_center),0.0774
KI67 1 in 200 run5.ndpi,Annotation (germinal_center),0.048
KI67 1 in 200 run5.ndpi,Annotation (germinal_center),0.0503
KI67 1 in 200 run5.ndpi,Annotation (germinal_center),0.0847
KI67 1 in 200 run5.ndpi,Annotation (germinal_center),0.047
KI67 1 in 200 run5.ndpi,Annotation (germinal_center),0.0492
KI67 1 in 200 run5.ndpi,Annotation (germinal_center),0.0521
KI67 1 in 200 run5.ndpi,Annotation (germinal_center),0.076
KI67 1 in 200 run5.ndpi,Annotation (germinal_center),0.0273
KI67 1 in 200 run5.ndpi,Annotation (germinal_center),0.0657
KI67 1 in 200 run5.ndpi,Annotation (germinal_center),0.0499
KI67 1 in 200 run5.ndpi,Annotation (germinal_center),0.1001
KI67 1 in 200 run5.ndpi,Annotation (germinal_center),0.0426
KI67 1 in 200 run5.ndpi,Annotation (germinal_center),0.0489
KI67 1 in 200 run5.ndpi,Annotation (germinal_center),0.0628
KI67 1 in 200 run5.ndpi,Annotation (germinal_center),0.0476
KI67 1 in 200 run5.ndpi,Annotation (germinal_center),0.0529
KI67 1 in 200 run5.ndpi,Annotation (germinal_center),0.0672
KI67 1 in 200 run5.ndpi,Annotation (germinal_center),0.0576
KI67 1 in 200 run5.ndpi,Annotation (germinal_center),0.0512
KI67 1 in 200 run5.ndpi,Annotation (germinal_center),0.0617
KI67 1 in 200 run5.ndpi,Annotation (germinal_center),0.0223
KI67 1 in 200 run5.ndpi,Annotation (germinal_center),0.0878
KI67 1 in 200 run5.ndpi,Annotation (germinal_center),0.0684
KI67 1 in 200 run5.ndpi,Annotation (germinal_center),0.0397
KI67 1 in 200 run5.ndpi,Annotation (germinal_center),0.0369
KI67 1 in 200 run5.ndpi,Annotation (germinal_center),0.0287
KI67 1 in 200 run5.ndpi,Annotation (germinal_center),0.0764
KI67 1 in 200 run5.ndpi,Annotation (germinal_center),0.0598
KI67 1 in 200 run5.ndpi,Annotation (germinal_center),0.0588
KI67 1 in 200 run5.ndpi,Annotation (germinal_center),0.0538
KI67 1 in 200 run5.ndpi,Annotation (germinal_center),0.0463
KI67 1 in 200 run5.ndpi,Annotation (germinal_center),0.0343
KI67 1 in 200 run5.ndpi,Annotation (germinal_center),0.0456
KI67 1 in 200 run5.ndpi,Annotation (germinal_center),0.0346
KI67 1 in 200 run5.ndpi,Annotation (germinal_center),0.0609
KI67 1 in 200 run5.ndpi,Annotation (germinal_center),0.0576
KI67 1 in 200 run5.ndpi,Annotation (germinal_center),0.0431
KI67 1 in 200 run5.ndpi,Annotation (germinal_center),0.0694
KI67 1 in 200 run5.ndpi,Annotation (germinal_center),0.0372
KI67 1 in 200 run5.ndpi,Annotation (germinal_center),0.0759
KI67 1 in 200 run5.ndpi,Annotation (germinal_center),0.0428
KI67 1 in 200 run5.ndpi,Annotation (germinal_center),0.0864
KI67 1 in 200 run5.ndpi,Annotation (germinal_center),0.066
KI67 1 in 200 run5.ndpi,Annotation (germinal_center),0.0779
KI67 1 in 200 run5.ndpi,Annotation (germinal_center),0.0377
KI67 1 in 200 run5.ndpi,Annotation (germinal_center),0.0504
KI67 1 in 200 run5.ndpi,Annotation (germinal_center),0.0607
KI67 1 in 200 run5.ndpi,Annotation (germinal_center),0.0518
KI67 1 in 200 run5.ndpi,Annotation (germinal_center),0.0566
KI67 1 in 200 run5.ndpi,Annotation (germinal_center),0.079
KI67 1 in 200 run5.ndpi,Annotation (germinal_center),0.0536
KI67 1 in 200 run5.ndpi,Annotation (germinal_center),0.0796
KI67 1 in 200 run5.ndpi,Annotation (germinal_center),0.0586
KI67 1 in 200 run5.ndpi,Annotation (germinal_center),0.0366
KI67 1 in 200 run5.ndpi,Annotation (germinal_center),0.0672
KI67 1 in 200 run5.ndpi,Annotation (germinal_center),0.0442
KI67 1 in 200 run5.ndpi,Annotation (germinal_center),0.0331
KI67 1 in 200 run5.ndpi,Annotation (germinal_center),0.0531
KI67 1 in 200 run5.ndpi,Annotation (germinal_center),0.0344
KI67 1 in 200 run5.ndpi,Annotation (germinal_center),0.0584
KI67 1 in 200 run5.ndpi,Annotation (germinal_center),0.0433
KI67 1 in 200 run5.ndpi,Annotation (germinal_center),0.0774
KI67 1 in 200 run5.ndpi,Annotation (germinal_center),0.0383
KI67 1 in 200 run5.ndpi,Annotation (germinal_center),0.0324
KI67 1 in 200 run5.ndpi,Annotation (germinal_center),0.055
KI67 1 in 200 run5.ndpi,Annotation (germinal_center),0.031
KI67 1 in 200 run5.ndpi,Annotation (germinal_center),0.0642
KI67 1 in 200 run5.ndpi,Annotation (germinal_center),0.0451
KI67 1 in 200 run5.ndpi,Annotation (germinal_center),0.055
KI67 1 in 200 run5.ndpi,Annotation (germinal_center),0.0809
KI67 1 in 200 run5.ndpi,Annotation (germinal_center),0.0397
KI67 1 in 200 run5.ndpi,Annotation (germinal_center),0.0532
KI67 1 in 200 run5.ndpi,Annotation (germinal_center),0.0291
KI67 1 in 200 run5.ndpi,Annotation (germinal_center),0.0955
KI67 1 in 200 run5.ndpi,Annotation (germinal_center),0.0746
KI67 1 in 200 run5.ndpi,Annotation (germinal_center),0.0587
KI67 1 in 200 run5.ndpi,Annotation (germinal_center),0.0394
KI67 1 in 200 run5.ndpi,Annotation (germinal_center),0.0646
KI67 1 in 200 run5.ndpi,Annotation (germinal_center),0.0803
KI67 1 in 200 run5.ndpi,Annotation (germinal_center),0.0324
KI67 1 in 200 run5.ndpi,Annotation (germinal_center),0.0452
KI67 1 in 200 run5.ndpi,Annotation (germinal_center),0.0773
KI67 1 in 200 run5.ndpi,Annotation (germinal_center),0.0338
KI67 1 in 200 run5.ndpi,Annotation (germinal_center),0.0828
KI67 1 in 200 run5.ndpi,Annotation (germinal_center),0.0621
KI67 1 in 200 run5.ndpi,Annotation (germinal_center),0.0432
KI67 1 in 200 run5.ndpi,Annotation (germinal_center),0.0502
KI67 1 in 200 run5.ndpi,Annotation (germinal_center),0.0312
KI67 1 in 200 run5.ndpi,Annotation (germinal_center),0.0466
KI67 1 in 200 run5.ndpi,Annotation (germinal_center),0.0503
KI67 1 in 200 run5.ndpi,Annotation (germinal_center),0.0869
KI67 1 in 200 run5.ndpi,Annotation (germinal_center),0.0404
KI67 1 in 200 run5.ndpi,Annotation (germinal_center),0.0382
KI67 1 in 200 run5.ndpi,Annotation (germinal_center),0.0514
KI67 1 in 200 run5.ndpi,Annotation (germinal_center),0.0544
KI67 1 in 200 run5.ndpi,Annotation (germinal_center),0.048
KI67 1 in 200 run5.ndpi,Annotation (germinal_center),0.0708
KI67 1 in 200 run5.ndpi,Annotation (germinal_center),0.0367
KI67 1 in 200 run5.ndpi,Annotation (germinal_center),0.0557
KI67 1 in 200 run5.ndpi,Annotation (germinal_center),0.0602
KI67 1 in 200 run5.ndpi,Annotation (germinal_center),0.0781
KI67 1 in 200 run5.ndpi,Annotation (germinal_center),0.0737
KI67 1 in 200 run5.ndpi,Annotation (germinal_center),0.0449
KI67 1 in 200 run5.ndpi,Annotation (germinal_center),0.0311
KI67 1 in 200 run5.ndpi,Annotation (germinal_center),0.0485
KI67 1 in 200 run5.ndpi,Annotation (germinal_center),0.0766
KI67 1 in 200 run5.ndpi,Annotation (germinal_center),0.0742
KI67 1 in 200 run5.ndpi,Annotation (germinal_center),0.0851
KI67 1 in 200 run5.ndpi,Annotation (germinal_center),0.0464
KI67 1 in 200 run5.ndpi,Annotation (germinal_center),0.05
KI67 1 in 200 run5.ndpi,Annotation (germinal_center),0.0359
KI67 1 in 200 run5.ndpi,Annotation (germinal_center),0.0551
KI67 1 in 200 run5.ndpi,Annotation (germinal_center),0.04
KI67 1 in 200 run5.ndpi,Annotation (germinal_center),0.0498
KI67 1 in 200 run5.ndpi,Annotation (germinal_center),0.0431
KI67 1 in 200 run5.ndpi,Annotation (germinal_center),0.0733
KI67 1 in 200 run5.ndpi,Annotation (germinal_center),0.0329
KI67 1 in 200 run5.ndpi,Annotation (germinal_center),0.0326
KI67 1 in 200 run5.ndpi,Annotation (germinal_center),0.0574
KI67 1 in 200 run5.ndpi,Annotation (germinal_center),0.0391
KI67 1 in 200 run5.ndpi,Annotation (germinal_center),0.0533
KI67 1 in 200 run5.ndpi,Annotation (germinal_center),0.0512
KI67 1 in 200 run5.ndpi,Annotation (germinal_center),0.0605
KI67 1 in 200 run5.ndpi,Annotation (germinal_center),0.0393
KI67 1 in 200 run5.ndpi,Annotation (germinal_center),0.0377
KI67 1 in 200 run5.ndpi,Annotation (germinal_center),0.052
KI67 1 in 200 run5.ndpi,Annotation (germinal_center),0.0353
KI67 1 in 200 run5.ndpi,Annotation (germinal_center),0.0438
KI67 1 in 200 run5.ndpi,Annotation (germinal_center),0.0596
KI67 1 in 200 run5.ndpi,Annotation (germinal_center),0.0478
KI67 1 in 200 run5.ndpi,Annotation (germinal_center),0.0317
KI67 1 in 200 run5.ndpi,Annotation (germinal_center),0.0378
KI67 1 in 200 run5.ndpi,Annotation (germinal_center),0.0548
KI67 1 in 200 run5.ndpi,Annotation (germinal_center),0.0616
KI67 1 in 200 run5.ndpi,Annotation (germinal_center),0.0851
KI67 1 in 200 run5.ndpi,Annotation (germinal_center),0.0734
KI67 1 in 200 run5.ndpi,Annotation (germinal_center),0.0684
KI67 1 in 200 run5.ndpi,Annotation (germinal_center),0.0396
KI67 1 in 200 run5.ndpi,Annotation (germinal_center),0.0638
KI67 1 in 200 run5.ndpi,Annotation (germinal_center),0.0553
KI67 1 in 200 run5.ndpi,Annotation (germinal_center),0.0276
KI67 1 in 200 run5.ndpi,Annotation (germinal_center),0.0493
KI67 1 in 200 run5.ndpi,Annotation (germinal_center),0.0302
KI67 1 in 200 run5.ndpi,Annotation (germinal_center),0.0511
KI67 1 in 200 run5.ndpi,Annotation (germinal_center),0.096
KI67 1 in 200 run5.ndpi,Annotation (germinal_center),0.0568
KI67 1 in 200 run5.ndpi,Annotation (germinal_center),0.0331
KI67 1 in 200 run5.ndpi,Annotation (germinal_center),0.0516
KI67 1 in 200 run5.ndpi,Annotation (germinal_center),0.0734
KI67 1 in 200 run5.ndpi,Annotation (germinal_center),0.0435
KI67 1 in 200 run5.ndpi,Annotation (germinal_center),0.065
KI67 1 in 200 run5.ndpi,Annotation (germinal_center),0.0597
KI67 1 in 200 run5.ndpi,Annotation (germinal_center),0.0297
KI67 1 in 200 run5.ndpi,Annotation (germinal_center),0.0735
KI67 1 in 200 run5.ndpi,Annotation (germinal_center),0.0499
KI67 1 in 200 run5.ndpi,Annotation (germinal_center),0.0388
KI67 1 in 200 run5.ndpi,Annotation (germinal_center),0.048
KI67 1 in 200 run5.ndpi,Annotation (germinal_center),0.0591
KI67 1 in 200 run5.ndpi,Annotation (germinal_center),0.0444
KI67 1 in 200 run5.ndpi,Annotation (germinal_center),0.061
KI67 1 in 200 run5.ndpi,Annotation (germinal_center),0.0613
KI67 1 in 200 run5.ndpi,Annotation (germinal_center),0.0753
KI67 1 in 200 run5.ndpi,Annotation (germinal_center),0.0455
KI67 1 in 200 run5.ndpi,Annotation (germinal_center),0.0483
KI67 1 in 200 run5.ndpi,Annotation (germinal_center),0.0512
KI67 1 in 200 run5.ndpi,Annotation (germinal_center),0.0518
KI67 1 in 200 run5.ndpi,Annotation (germinal_center),0.1025
KI67 1 in 200 run5.ndpi,Annotation (germinal_center),0.0358
KI67 1 in 200 run5.ndpi,Annotation (germinal_center),0.0416
KI67 1 in 200 run5.ndpi,Annotation (germinal_center),0.0384
KI67 1 in 200 run5.ndpi,Annotation (germinal_center),0.0512
KI67 1 in 200 run5.ndpi,Annotation (germinal_center),0.0267
KI67 1 in 200 run5.ndpi,Annotation (germinal_center),0.0361
KI67 1 in 200 run5.ndpi,Annotation (germinal_center),0.036
KI67 1 in 200 run5.ndpi,Annotation (germinal_center),0.0431
KI67 1 in 200 run5.ndpi,Annotation (germinal_center),0.0652
KI67 1 in 200 run5.ndpi,Annotation (germinal_center),0.0363
KI67 1 in 200 run5.ndpi,Annotation (germinal_center),0.0494
KI67 1 in 200 run5.ndpi,Annotation (germinal_center),0.0311
KI67 1 in 200 run5.ndpi,Annotation (germinal_center),0.0734
KI67 1 in 200 run5.ndpi,Annotation (germinal_center),0.0441
KI67 1 in 200 run5.ndpi,Annotation (germinal_center),0.0577
KI67 1 in 200 run5.ndpi,Annotation (germinal_center),0.0414
KI67 1 in 200 run5.ndpi,Annotation (germinal_center),0.0374
KI67 1 in 200 run5.ndpi,Annotation (germinal_center),0.0574
KI67 1 in 200 run5.ndpi,Annotation (germinal_center),0.1081
KI67 1 in 200 run5.ndpi,Annotation (germinal_center),0.0296
KI67 1 in 200 run5.ndpi,Annotation (germinal_center),0.1029
KI67 1 in 200 run5.ndpi,Annotation (germinal_center),0.042
KI67 1 in 200 run5.ndpi,Annotation (germinal_center),0.0317
KI67 1 in 200 run5.ndpi,Annotation (germinal_center),0.0448
KI67 1 in 200 run5.ndpi,Annotation (germinal_center),0.1152
KI67 1 in 200 run5.ndpi,Annotation (germinal_center),0.0588
KI67 1 in 200 run5.ndpi,Annotation (germinal_center),0.0753
KI67 1 in 200 run5.ndpi,Annotation (germinal_center),0.0721
KI67 1 in 200 run5.ndpi,Annotation (germinal_center),0.044
KI67 1 in 200 run5.ndpi,Annotation (germinal_center),0.0333
KI67 1 in 200 run5.ndpi,Annotation (germinal_center),0.0398
KI67 1 in 200 run5.ndpi,Annotation (germinal_center),0.0408
KI67 1 in 200 run5.ndpi,Annotation (germinal_center),0.0421
KI67 1 in 200 run5.ndpi,Annotation (germinal_center),0.0578
KI67 1 in 200 run5.ndpi,Annotation (germinal_center),0.0323
KI67 1 in 200 run5.ndpi,Annotation (germinal_center),0.0327
KI67 1 in 200 run5.ndpi,Annotation (germinal_center),0.0221
KI67 1 in 200 run5.ndpi,Annotation (germinal_center),0.0463
KI67 1 in 200 run5.ndpi,Annotation (germinal_center),0.0532
KI67 1 in 200 run5.ndpi,Annotation (germinal_center),0.041
KI67 1 in 200 run5.ndpi,Annotation (germinal_center),0.0406
KI67 1 in 200 run5.ndpi,Annotation (germinal_center),0.0303
KI67 1 in 200 run5.ndpi,Annotation (germinal_center),0.0365
KI67 1 in 200 run5.ndpi,Annotation (germinal_center),0.0847
KI67 1 in 200 run5.ndpi,Annotation (germinal_center),0.0452
KI67 1 in 200 run5.ndpi,Annotation (germinal_center),0.0439
KI67 1 in 200 run5.ndpi,Annotation (germinal_center),0.0493
KI67 1 in 200 run5.ndpi,Annotation (germinal_center),0.042
KI67 1 in 200 run5.ndpi,Annotation (germinal_center),0.0623
KI67 1 in 200 run5.ndpi,Annotation (germinal_center),0.0539
KI67 1 in 200 run5.ndpi,Annotation (germinal_center),0.0318
KI67 1 in 200 run5.ndpi,Annotation (germinal_center),0.0387
KI67 1 in 200 run5.ndpi,Annotation (germinal_center),0.0291
KI67 1 in 200 run5.ndpi,Annotation (germinal_center),0.1135
KI67 1 in 200 run5.ndpi,Annotation (germinal_center),0.0835
KI67 1 in 200 run5.ndpi,Annotation (germinal_center),0.0321
KI67 1 in 200 run5.ndpi,Annotation (germinal_center),0.0316
KI67 1 in 200 run5.ndpi,Annotation (germinal_center),0.047
KI67 1 in 200 run5.ndpi,Annotation (germinal_center),0.0506
KI67 1 in 200 run5.ndpi,Annotation (germinal_center),0.0388
KI67 1 in 200 run5.ndpi,Annotation (germinal_center),0.0385
KI67 1 in 200 run5.ndpi,Annotation (germinal_center),0.0544
KI67 1 in 200 run5.ndpi,Annotation (germinal_center),0.0588
KI67 1 in 200 run5.ndpi,Annotation (germinal_center),0.0382
KI67 1 in 200 run5.ndpi,Annotation (germinal_center),0.0338
KI67 1 in 200 run5.ndpi,Annotation (germinal_center),0.0386
KI67 1 in 200 run5.ndpi,Annotation (germinal_center),0.0509
KI67 1 in 200 run5.ndpi,Annotation (germinal_center),0.0312
KI67 1 in 200 run5.ndpi,Annotation (germinal_center),0.082
KI67 1 in 200 run5.ndpi,Annotation (germinal_center),0.0382
KI67 1 in 200 run5.ndpi,Annotation (germinal_center),0.0648
KI67 1 in 200 run5.ndpi,Annotation (germinal_center),0.0434
KI67 1 in 200 run5.ndpi,Annotation (germinal_center),0.0343
KI67 1 in 200 run5.ndpi,Annotation (germinal_center),0.0227
KI67 1 in 200 run5.ndpi,Annotation (germinal_center),0.0352
KI67 1 in 200 run5.ndpi,Annotation (germinal_center),0.0295
KI67 1 in 200 run5.ndpi,Annotation (germinal_center),0.075
KI67 1 in 200 run5.ndpi,Annotation (germinal_center),0.0357
KI67 1 in 200 run5.ndpi,Annotation (germinal_center),0.0603
KI67 1 in 200 run5.ndpi,Annotation (germinal_center),0.0458
KI67 1 in 200 run5.ndpi,Annotation (germinal_center),0.0465
KI67 1 in 200 run5.ndpi,Annotation (germinal_center),0.0667
KI67 1 in 200 run5.ndpi,Annotation (germinal_center),0.0368
KI67 1 in 200 run5.ndpi,Annotation (germinal_center),0.0424
KI67 1 in 200 run5.ndpi,Annotation (germinal_center),0.0448
KI67 1 in 200 run5.ndpi,Annotation (germinal_center),0.067
KI67 1 in 200 run5.ndpi,Annotation (germinal_center),0.0425
KI67 1 in 200 run5.ndpi,Annotation (germinal_center),0.0431
KI67 1 in 200 run5.ndpi,Annotation (germinal_center),0.0248
KI67 1 in 200 run5.ndpi,Annotation (germinal_center),0.0831
KI67 1 in 200 run5.ndpi,Annotation (germinal_center),0.0319
KI67 1 in 200 run5.ndpi,Annotation (germinal_center),0.0915
KI67 1 in 200 run5.ndpi,Annotation (germinal_center),0.0396
KI67 1 in 200 run5.ndpi,Annotation (germinal_center),0.0409
KI67 1 in 200 run5.ndpi,Annotation (germinal_center),0.0438
KI67 1 in 200 run5.ndpi,Annotation (germinal_center),0.0308
KI67 1 in 200 run5.ndpi,Annotation (germinal_center),0.0349
KI67 1 in 200 run5.ndpi,Annotation (germinal_center),0.0346
KI67 1 in 200 run5.ndpi,Annotation (germinal_center),0.0654
KI67 1 in 200 run5.ndpi,Annotation (germinal_center),0.0295
KI67 1 in 200 run5.ndpi,Annotation (germinal_center),0.0463
KI67 1 in 200 run5.ndpi,Annotation (germinal_center),0.0555
KI67 1 in 200 run5.ndpi,Annotation (germinal_center),0.0405
KI67 1 in 200 run5.ndpi,Annotation (germinal_center),0.0403
KI67 1 in 200 run5.ndpi,Annotation (germinal_center),0.0658
KI67 1 in 200 run5.ndpi,Annotation (germinal_center),0.044
KI67 1 in 200 run5.ndpi,Annotation (germinal_center),0.0351
KI67 1 in 200 run5.ndpi,Annotation (germinal_center),0.0477
KI67 1 in 200 run5.ndpi,Annotation (germinal_center),0.0441
KI67 1 in 200 run5.ndpi,Annotation (germinal_center),0.0351
KI67 1 in 200 run5.ndpi,Annotation (germinal_center),0.0553
KI67 1 in 200 run5.ndpi,Annotation (germinal_center),0.0369
KI67 1 in 200 run5.ndpi,Annotation (germinal_center),0.0258
KI67 1 in 200 run5.ndpi,Annotation (germinal_center),0.053
KI67 1 in 200 run5.ndpi,Annotation (germinal_center),0.0385
KI67 1 in 200 run5.ndpi,Annotation (germinal_center),0.0337
KI67 1 in 200 run5.ndpi,Annotation (germinal_center),0.0772
KI67 1 in 200 run5.ndpi,Annotation (germinal_center),0.0289
KI67 1 in 200 run5.ndpi,Annotation (germinal_center),0.0279
KI67 1 in 200 run5.ndpi,Annotation (germinal_center),0.0394
KI67 1 in 200 run5.ndpi,Annotation (germinal_center),0.039
KI67 1 in 200 run5.ndpi,Annotation (germinal_center),0.0551
KI67 1 in 200 run5.ndpi,Annotation (germinal_center),0.043
KI67 1 in 200 run5.ndpi,Annotation (germinal_center),0.0432
KI67 1 in 200 run5.ndpi,Annotation (germinal_center),0.0449
KI67 1 in 200 run5.ndpi,Annotation (germinal_center),0.0733
KI67 1 in 200 run5.ndpi,Annotation (germinal_center),0.064
KI67 1 in 200 run5.ndpi,Annotation (germinal_center),0.0333
KI67 1 in 200 run5.ndpi,Annotation (germinal_center),0.0343
KI67 1 in 200 run5.ndpi,Annotation (germinal_center),0.0307
KI67 1 in 200 run5.ndpi,Annotation (germinal_center),0.0528
KI67 1 in 200 run5.ndpi,Annotation (germinal_center),0.0507
KI67 1 in 200 run5.ndpi,Annotation (germinal_center),0.0378
KI67 1 in 200 run5.ndpi,Annotation (germinal_center),0.0302
KI67 1 in 200 run5.ndpi,Annotation (germinal_center),0.0382
KI67 1 in 200 run5.ndpi,Annotation (germinal_center),0.3493
KI67 1 in 200 run5.ndpi,Annotation (germinal_center),0.0353
KI67 1 in 200 run5.ndpi,Annotation (germinal_center),0.0521
KI67 1 in 200 run5.ndpi,Annotation (germinal_center),0.0581
KI67 1 in 200 run5.ndpi,Annotation (germinal_center),0.0338
KI67 1 in 200 run5.ndpi,Annotation (germinal_center),0.0409
KI67 1 in 200 run5.ndpi,Annotation (germinal_center),0.0412
KI67 1 in 200 run5.ndpi,Annotation (germinal_center),0.0384
KI67 1 in 200 run5.ndpi,Annotation (germinal_center),0.0552
KI67 1 in 200 run5.ndpi,Annotation (germinal_center),0.0508
KI67 1 in 200 run5.ndpi,Annotation (germinal_center),0.0418
KI67 1 in 200 run5.ndpi,Annotation (germinal_center),0.0327
KI67 1 in 200 run5.ndpi,Annotation (germinal_center),0.0461
KI67 1 in 200 run5.ndpi,Annotation (germinal_center),0.0568
KI67 1 in 200 run5.ndpi,Annotation (germinal_center),0.0464
KI67 1 in 200 run5.ndpi,Annotation (germinal_center),0.0513
KI67 1 in 200 run5.ndpi,Annotation (germinal_center),0.0764
KI67 1 in 200 run5.ndpi,Annotation (germinal_center),0.0359
KI67 1 in 200 run5.ndpi,Annotation (germinal_center),0.0742
KI67 1 in 200 run5.ndpi,Annotation (germinal_center),0.0604
KI67 1 in 200 run5.ndpi,Annotation (germinal_center),0.0259
KI67 1 in 200 run5.ndpi,Annotation (germinal_center),0.039
KI67 1 in 200 run5.ndpi,Annotation (germinal_center),0.0696
KI67 1 in 200 run5.ndpi,Annotation (germinal_center),0.0842
KI67 1 in 200 run5.ndpi,Annotation (germinal_center),0.0216
KI67 1 in 200 run5.ndpi,Annotation (germinal_center),0.0389
KI67 1 in 200 run5.ndpi,Annotation (germinal_center),0.0465
KI67 1 in 200 run5.ndpi,Annotation (germinal_center),0.0344
KI67 1 in 200 run5.ndpi,Annotation (germinal_center),0.0418
KI67 1 in 200 run5.ndpi,Annotation (germinal_center),0.0508
KI67 1 in 200 run5.ndpi,Annotation (germinal_center),0.0418
KI67 1 in 200 run5.ndpi,Annotation (germinal_center),0.042
KI67 1 in 200 run5.ndpi,Annotation (germinal_center),0.0396
KI67 1 in 200 run5.ndpi,Annotation (germinal_center),0.0642
KI67 1 in 200 run5.ndpi,Annotation (germinal_center),0.0622
KI67 1 in 200 run5.ndpi,Annotation (germinal_center),0.0428
KI67 1 in 200 run5.ndpi,Annotation (germinal_center),0.0521
KI67 1 in 200 run5.ndpi,Annotation (germinal_center),0.0685
KI67 1 in 200 run5.ndpi,Annotation (germinal_center),0.0378
KI67 1 in 200 run5.ndpi,Annotation (germinal_center),0.0541
KI67 1 in 200 run5.ndpi,Annotation (germinal_center),0.0532
KI67 1 in 200 run5.ndpi,Annotation (germinal_center),0.0705
KI67 1 in 200 run5.ndpi,Annotation (germinal_center),0.0397
KI67 1 in 200 run5.ndpi,Annotation (germinal_center),0.0227
KI67 1 in 200 run5.ndpi,Annotation (germinal_center),0.0454
KI67 1 in 200 run5.ndpi,Annotation (germinal_center),0.0509
KI67 1 in 200 run5.ndpi,Annotation (germinal_center),0.0433
KI67 1 in 200 run5.ndpi,Annotation (germinal_center),0.0578
KI67 1 in 200 run5.ndpi,Annotation (germinal_center),0.024
KI67 1 in 200 run5.ndpi,Annotation (germinal_center),0.0361
KI67 1 in 200 run5.ndpi,Annotation (germinal_center),0.0523
KI67 1 in 200 run5.ndpi,Annotation (germinal_center),0.0319
KI67 1 in 200 run5.ndpi,Annotation (germinal_center),0.0443
KI67 1 in 200 run5.ndpi,Annotation (germinal_center),0.0648
KI67 1 in 200 run5.ndpi,Annotation (germinal_center),0.0404
KI67 1 in 200 run5.ndpi,Annotation (germinal_center),0.0358
KI67 1 in 200 run5.ndpi,Annotation (germinal_center),0.0335
KI67 1 in 200 run5.ndpi,Annotation (germinal_center),0.037
KI67 1 in 200 run5.ndpi,Annotation (germinal_center),0.0427
KI67 1 in 200 run5.ndpi,Annotation (germinal_center),0.0506
KI67 1 in 200 run5.ndpi,Annotation (germinal_center),0.0604
KI67 1 in 200 run5.ndpi,Annotation (germinal_center),0.048
KI67 1 in 200 run5.ndpi,Annotation (germinal_center),0.0475
KI67 1 in 200 run5.ndpi,Annotation (germinal_center),0.0511
KI67 1 in 200 run5.ndpi,Annotation (germinal_center),0.0366
KI67 1 in 200 run5.ndpi,Annotation (germinal_center),0.0488
KI67 1 in 200 run5.ndpi,Annotation (germinal_center),0.0331
KI67 1 in 200 run5.ndpi,Annotation (germinal_center),0.028
KI67 1 in 200 run5.ndpi,Annotation (germinal_center),0.0587
KI67 1 in 200 run5.ndpi,Annotation (germinal_center),0.0487
KI67 1 in 200 run5.ndpi,Annotation (germinal_center),0.0568
KI67 1 in 200 run5.ndpi,Annotation (germinal_center),0.0494
KI67 1 in 200 run5.ndpi,Annotation (germinal_center),0.0399
KI67 1 in 200 run5.ndpi,Annotation (germinal_center),0.0338
KI67 1 in 200 run5.ndpi,Annotation (germinal_center),0.0514
KI67 1 in 200 run5.ndpi,Annotation (germinal_center),0.0397
KI67 1 in 200 run5.ndpi,Annotation (germinal_center),0.0717
KI67 1 in 200 run5.ndpi,Annotation (germinal_center),0.0522
KI67 1 in 200 run5.ndpi,Annotation (germinal_center),0.0493
KI67 1 in 200 run5.ndpi,Annotation (germinal_center),0.0656
KI67 1 in 200 run5.ndpi,Annotation (germinal_center),0.0409
KI67 1 in 200 run5.ndpi,Annotation (germinal_center),0.0616
KI67 1 in 200 run5.ndpi,Annotation (germinal_center),0.0495
KI67 1 in 200 run5.ndpi,Annotation (germinal_center),0.0395
KI67 1 in 200 run5.ndpi,Annotation (germinal_center),0.0524
KI67 1 in 200 run5.ndpi,Annotation (germinal_center),0.0495
KI67 1 in 200 run5.ndpi,Annotation (germinal_center),0.0391
KI67 1 in 200 run5.ndpi,Annotation (germinal_center),0.0403
KI67 1 in 200 run5.ndpi,Annotation (germinal_center),0.041
KI67 1 in 200 run5.ndpi,Annotation (germinal_center),0.0379
KI67 1 in 200 run5.ndpi,Annotation (germinal_center),0.0416
KI67 1 in 200 run5.ndpi,Annotation (germinal_center),0.0211
KI67 1 in 200 run5.ndpi,Annotation (germinal_center),0.0484
KI67 1 in 200 run5.ndpi,Annotation (germinal_center),0.0996
KI67 1 in 200 run5.ndpi,Annotation (germinal_center),0.0852
KI67 1 in 200 run5.ndpi,Annotation (germinal_center),0.0794
KI67 1 in 200 run5.ndpi,Annotation (germinal_center),0.0487
KI67 1 in 200 run5.ndpi,Annotation (germinal_center),0.0422
KI67 1 in 200 run5.ndpi,Annotation (germinal_center),0.0456
KI67 1 in 200 run5.ndpi,Annotation (germinal_center),0.0409
KI67 1 in 200 run5.ndpi,Annotation (germinal_center),0.0378
KI67 1 in 200 run5.ndpi,Annotation (germinal_center),0.0504
KI67 1 in 200 run5.ndpi,Annotation (germinal_center),0.0436
KI67 1 in 200 run5.ndpi,Annotation (germinal_center),0.0427
KI67 1 in 200 run5.ndpi,Annotation (germinal_center),0.0566
KI67 1 in 200 run5.ndpi,Annotation (germinal_center),0.0497
KI67 1 in 200 run5.ndpi,Annotation (germinal_center),0.0659
KI67 1 in 200 run5.ndpi,Annotation (germinal_center),0.0426
KI67 1 in 200 run5.ndpi,Annotation (germinal_center),0.0763
KI67 1 in 200 run5.ndpi,Annotation (germinal_center),0.0446
KI67 1 in 200 run5.ndpi,Annotation (germinal_center),0.0723
KI67 1 in 200 run5.ndpi,Annotation (germinal_center),0.0556
KI67 1 in 200 run5.ndpi,Annotation (germinal_center),0.0388
KI67 1 in 200 run5.ndpi,Annotation (germinal_center),0.0504
KI67 1 in 200 run5.ndpi,Annotation (germinal_center),0.0471
KI67 1 in 200 run5.ndpi,Annotation (germinal_center),0.0361
KI67 1 in 200 run5.ndpi,Annotation (germinal_center),0.0479
KI67 1 in 200 run5.ndpi,Annotation (germinal_center),0.0591
KI67 1 in 200 run5.ndpi,Annotation (germinal_center),0.0683
KI67 1 in 200 run5.ndpi,Annotation (germinal_center),0.057
KI67 1 in 200 run5.ndpi,Annotation (germinal_center),0.0442
KI67 1 in 200 run5.ndpi,Annotation (germinal_center),0.037
KI67 1 in 200 run5.ndpi,Annotation (germinal_center),0.0792
KI67 1 in 200 run5.ndpi,Annotation (germinal_center),0.0644
KI67 1 in 200 run5.ndpi,Annotation (germinal_center),0.0375
KI67 1 in 200 run5.ndpi,Annotation (germinal_center),0.1033
KI67 1 in 200 run5.ndpi,Annotation (germinal_center),0.0513
KI67 1 in 200 run5.ndpi,Annotation (germinal_center),0.046
KI67 1 in 200 run5.ndpi,Annotation (germinal_center),0.0458
KI67 1 in 200 run5.ndpi,Annotation (germinal_center),0.0437
KI67 1 in 200 run5.ndpi,Annotation (germinal_center),0.0397
KI67 1 in 200 run5.ndpi,Annotation (germinal_center),0.0396
KI67 1 in 200 run5.ndpi,Annotation (germinal_center),0.0861
KI67 1 in 200 run5.ndpi,Annotation (germinal_center),0.0385
KI67 1 in 200 run5.ndpi,Annotation (germinal_center),0.055
KI67 1 in 200 run5.ndpi,Annotation (germinal_center),0.0465
KI67 1 in 200 run5.ndpi,Annotation (germinal_center),0.0432
KI67 1 in 200 run5.ndpi,Annotation (germinal_center),0.0398
KI67 1 in 200 run5.ndpi,Annotation (germinal_center),0.0622
KI67 1 in 200 run5.ndpi,Annotation (germinal_center),0.0451
KI67 1 in 200 run5.ndpi,Annotation (germinal_center),0.0382
KI67 1 in 200 run5.ndpi,Annotation (germinal_center),0.0459
KI67 1 in 200 run5.ndpi,Annotation (germinal_center),0.0808
KI67 1 in 200 run5.ndpi,Annotation (germinal_center),0.0568
KI67 1 in 200 run5.ndpi,Annotation (germinal_center),0.0304
KI67 1 in 200 run5.ndpi,Annotation (germinal_center),0.0294
KI67 1 in 200 run5.ndpi,Annotation (germinal_center),0.0422
KI67 1 in 200 run5.ndpi,Annotation (germinal_center),0.0403
KI67 1 in 200 run5.ndpi,Annotation (germinal_center),0.0379
KI67 1 in 200 run5.ndpi,Annotation (germinal_center),0.0377
KI67 1 in 200 run5.ndpi,Annotation (germinal_center),0.0871
KI67 1 in 200 run5.ndpi,Annotation (germinal_center),0.0385
KI67 1 in 200 run5.ndpi,Annotation (germinal_center),0.0347
KI67 1 in 200 run5.ndpi,Annotation (germinal_center),0.0435
KI67 1 in 200 run5.ndpi,Annotation (germinal_center),0.0729
KI67 1 in 200 run5.ndpi,Annotation (germinal_center),0.0413
KI67 1 in 200 run5.ndpi,Annotation (germinal_center),0.0367
KI67 1 in 200 run5.ndpi,Annotation (germinal_center),0.0547
KI67 1 in 200 run5.ndpi,Annotation (germinal_center),0.0632
KI67 1 in 200 run5.ndpi,Annotation (germinal_center),0.0854
KI67 1 in 200 run5.ndpi,Annotation (germinal_center),0.043
KI67 1 in 200 run5.ndpi,Annotation (germinal_center),0.0606
KI67 1 in 200 run5.ndpi,Annotation (germinal_center),0.0805
KI67 1 in 200 run5.ndpi,Annotation (germinal_center),0.0412
KI67 1 in 200 run5.ndpi,Annotation (germinal_center),0.0532
KI67 1 in 200 run5.ndpi,Annotation (germinal_center),0.0292
KI67 1 in 200 run5.ndpi,Annotation (germinal_center),0.0523
KI67 1 in 200 run5.ndpi,Annotation (germinal_center),0.04
KI67 1 in 200 run5.ndpi,Annotation (germinal_center),0.0592
KI67 1 in 200 run5.ndpi,Annotation (germinal_center),0.0513
KI67 1 in 200 run5.ndpi,Annotation (germinal_center),0.0382
KI67 1 in 200 run5.ndpi,Annotation (germinal_center),0.0448
KI67 1 in 200 run5.ndpi,Annotation (germinal_center),0.0451
KI67 1 in 200 run5.ndpi,Annotation (germinal_center),0.0465
KI67 1 in 200 run5.ndpi,Annotation (germinal_center),0.0367
KI67 1 in 200 run5.ndpi,Annotation (germinal_center),0.064
KI67 1 in 200 run5.ndpi,Annotation (germinal_center),0.0592
KI67 1 in 200 run5.ndpi,Annotation (germinal_center),0.0804
KI67 1 in 200 run5.ndpi,Annotation (germinal_center),0.0698
KI67 1 in 200 run5.ndpi,Annotation (germinal_center),0.0399
KI67 1 in 200 run5.ndpi,Annotation (germinal_center),0.0555
KI67 1 in 200 run5.ndpi,Annotation (germinal_center),0.0269
KI67 1 in 200 run5.ndpi,Annotation (germinal_center),0.0405
KI67 1 in 200 run5.ndpi,Annotation (germinal_center),0.0733
KI67 1 in 200 run5.ndpi,Annotation (germinal_center),0.0421
KI67 1 in 200 run5.ndpi,Annotation (germinal_center),0.0394
KI67 1 in 200 run5.ndpi,Annotation (germinal_center),0.0435
KI67 1 in 200 run5.ndpi,Annotation (germinal_center),0.0326
KI67 1 in 200 run5.ndpi,Annotation (germinal_center),0.0404
KI67 1 in 200 run5.ndpi,Annotation (germinal_center),0.0774
KI67 1 in 200 run5.ndpi,Annotation (germinal_center),0.0875
KI67 1 in 200 run5.ndpi,Annotation (germinal_center),0.0449
KI67 1 in 200 run5.ndpi,Annotation (germinal_center),0.047
KI67 1 in 200 run5.ndpi,Annotation (germinal_center),0.0554
KI67 1 in 200 run5.ndpi,Annotation (germinal_center),0.0465
KI67 1 in 200 run5.ndpi,Annotation (germinal_center),0.0551
KI67 1 in 200 run5.ndpi,Annotation (germinal_center),0.0744
KI67 1 in 200 run5.ndpi,Annotation (germinal_center),0.0393
KI67 1 in 200 run5.ndpi,Annotation (germinal_center),0.0545
KI67 1 in 200 run5.ndpi,Annotation (germinal_center),0.0641
KI67 1 in 200 run5.ndpi,Annotation (germinal_center),0.0556
KI67 1 in 200 run5.ndpi,Annotation (germinal_center),0.0385
KI67 1 in 200 run5.ndpi,Annotation (germinal_center),0.0514
KI67 1 in 200 run5.ndpi,Annotation (germinal_center),0.041
KI67 1 in 200 run5.ndpi,Annotation (germinal_center),0.0489
KI67 1 in 200 run5.ndpi,Annotation (germinal_center),0.0454
KI67 1 in 200 run5.ndpi,Annotation (germinal_center),0.0522
KI67 1 in 200 run5.ndpi,Annotation (germinal_center),0.0355
KI67 1 in 200 run5.ndpi,Annotation (germinal_center),0.0675
KI67 1 in 200 run5.ndpi,Annotation (germinal_center),0.0508
KI67 1 in 200 run5.ndpi,Annotation (germinal_center),0.0506
KI67 1 in 200 run5.ndpi,Annotation (germinal_center),0.0471
KI67 1 in 200 run5.ndpi,Annotation (germinal_center),0.0589
KI67 1 in 200 run5.ndpi,Annotation (germinal_center),0.0425
KI67 1 in 200 run5.ndpi,Annotation (germinal_center),0.0563
KI67 1 in 200 run5.ndpi,Annotation (germinal_center),0.0844
KI67 1 in 200 run5.ndpi,Annotation (germinal_center),0.0626
KI67 1 in 200 run5.ndpi,Annotation (germinal_center),0.0834
KI67 1 in 200 run5.ndpi,Annotation (germinal_center),0.0407
KI67 1 in 200 run5.ndpi,Annotation (germinal_center),0.0496
KI67 1 in 200 run5.ndpi,Annotation (germinal_center),0.0438
KI67 1 in 200 run5.ndpi,Annotation (germinal_center),0.044
KI67 1 in 200 run5.ndpi,Annotation (germinal_center),0.0771
KI67 1 in 200 run5.ndpi,Annotation (germinal_center),0.0435
KI67 1 in 200 run5.ndpi,Annotation (germinal_center),0.0481
KI67 1 in 200 run5.ndpi,Annotation (germinal_center),0.0472
KI67 1 in 200 run5.ndpi,Annotation (germinal_center),0.0463
KI67 1 in 200 run5.ndpi,Annotation (germinal_center),0.0553
KI67 1 in 200 run5.ndpi,Annotation (germinal_center),0.0434
KI67 1 in 200 run5.ndpi,Annotation (germinal_center),0.0494
KI67 1 in 200 run5.ndpi,Annotation (germinal_center),0.0389
KI67 1 in 200 run5.ndpi,Annotation (germinal_center),0.0372
KI67 1 in 200 run5.ndpi,Annotation (germinal_center),0.0493
KI67 1 in 200 run5.ndpi,Annotation (germinal_center),0.0354
KI67 1 in 200 run5.ndpi,Annotation (germinal_center),0.0475
KI67 1 in 200 run5.ndpi,Annotation (germinal_center),0.0629
KI67 1 in 200 run5.ndpi,Annotation (germinal_center),0.0949
KI67 1 in 200 run5.ndpi,Annotation (germinal_center),0.1003
KI67 1 in 200 run5.ndpi,Annotation (germinal_center),0.0439
KI67 1 in 200 run5.ndpi,Annotation (germinal_center),0.089
KI67 1 in 200 run5.ndpi,Annotation (germinal_center),0.0269
KI67 1 in 200 run5.ndpi,Annotation (germinal_center),0.0505
KI67 1 in 200 run5.ndpi,Annotation (germinal_center),0.0803
KI67 1 in 200 run5.ndpi,Annotation (germinal_center),0.0538
KI67 1 in 200 run5.ndpi,Annotation (germinal_center),0.047
KI67 1 in 200 run5.ndpi,Annotation (germinal_center),0.0668
KI67 1 in 200 run5.ndpi,Annotation (germinal_center),0.0565
KI67 1 in 200 run5.ndpi,Annotation (germinal_center),0.0354
KI67 1 in 200 run5.ndpi,Annotation (germinal_center),0.0337
KI67 1 in 200 run5.ndpi,Annotation (germinal_center),0.031
KI67 1 in 200 run5.ndpi,Annotation (germinal_center),0.0485
KI67 1 in 200 run5.ndpi,Annotation (germinal_center),0.0698
KI67 1 in 200 run5.ndpi,Annotation (germinal_center),0.0295
KI67 1 in 200 run5.ndpi,Annotation (germinal_center),0.0463
KI67 1 in 200 run5.ndpi,Annotation (germinal_center),0.0702
KI67 1 in 200 run5.ndpi,Annotation (germinal_center),0.0074
KI67 1 in 200 run5.ndpi,Annotation (germinal_center),0.0339
KI67 1 in 200 run5.ndpi,Annotation (germinal_center),0.0829
KI67 1 in 200 run5.ndpi,Annotation (germinal_center),0.0496
KI67 1 in 200 run5.ndpi,Annotation (germinal_center),0.0436
KI67 1 in 200 run5.ndpi,Annotation (germinal_center),0.0392
KI67 1 in 200 run5.ndpi,Annotation (germinal_center),0.0576
KI67 1 in 200 run5.ndpi,Annotation (germinal_center),0.076
KI67 1 in 200 run5.ndpi,Annotation (germinal_center),0.0499
KI67 1 in 200 run5.ndpi,Annotation (germinal_center),0.0436
KI67 1 in 200 run5.ndpi,Annotation (germinal_center),0.0402
KI67 1 in 200 run5.ndpi,Annotation (germinal_center),0.0602
KI67 1 in 200 run5.ndpi,Annotation (germinal_center),0.0637
KI67 1 in 200 run5.ndpi,Annotation (germinal_center),0.0417
KI67 1 in 200 run5.ndpi,Annotation (germinal_center),0.0439
KI67 1 in 200 run5.ndpi,Annotation (germinal_center),0.0459
KI67 1 in 200 run5.ndpi,Annotation (germinal_center),0.047
KI67 1 in 200 run5.ndpi,Annotation (germinal_center),0.0342
KI67 1 in 200 run5.ndpi,Annotation (germinal_center),0.0471
KI67 1 in 200 run5.ndpi,Annotation (germinal_center),0.0419
KI67 1 in 200 run5.ndpi,Annotation (germinal_center),0.0525
KI67 1 in 200 run5.ndpi,Annotation (germinal_center),0.0404
KI67 1 in 200 run5.ndpi,Annotation (germinal_center),0.069
KI67 1 in 200 run5.ndpi,Annotation (germinal_center),0.0575
KI67 1 in 200 run5.ndpi,Annotation (germinal_center),0.0615
KI67 1 in 200 run5.ndpi,Annotation (germinal_center),0.0493
KI67 1 in 200 run5.ndpi,Annotation (germinal_center),0.0461
KI67 1 in 200 run5.ndpi,Annotation (germinal_center),0.0558
KI67 1 in 200 run5.ndpi,Annotation (germinal_center),0.0614
KI67 1 in 200 run5.ndpi,Annotation (germinal_center),0.0419
KI67 1 in 200 run5.ndpi,Annotation (germinal_center),0.0514
KI67 1 in 200 run5.ndpi,Annotation (germinal_center),0.0411
KI67 1 in 200 run5.ndpi,Annotation (germinal_center),0.0737
KI67 1 in 200 run5.ndpi,Annotation (germinal_center),0.0508
KI67 1 in 200 run5.ndpi,Annotation (germinal_center),0.0745
KI67 1 in 200 run5.ndpi,Annotation (germinal_center),0.0507
KI67 1 in 200 run5.ndpi,Annotation (germinal_center),0.0672
KI67 1 in 200 run5.ndpi,Annotation (germinal_center),0.065
KI67 1 in 200 run5.ndpi,Annotation (germinal_center),0.2961
KI67 1 in 200 run5.ndpi,Annotation (germinal_center),0.0576
KI67 1 in 200 run5.ndpi,Annotation (germinal_center),0.0429
KI67 1 in 200 run5.ndpi,Annotation (germinal_center),0.0555
KI67 1 in 200 run5.ndpi,Annotation (germinal_center),0.0407
KI67 1 in 200 run5.ndpi,Annotation (germinal_center),0.0467
KI67 1 in 200 run5.ndpi,Annotation (germinal_center),0.0926
KI67 1 in 200 run5.ndpi,Annotation (germinal_center),0.0375
KI67 1 in 200 run5.ndpi,Annotation (germinal_center),0.0723
KI67 1 in 200 run5.ndpi,Annotation (germinal_center),0.0589
KI67 1 in 200 run5.ndpi,Annotation (germinal_center),0.0555
KI67 1 in 200 run5.ndpi,Annotation (germinal_center),0.022
KI67 1 in 200 run5.ndpi,Annotation (germinal_center),0.0474
KI67 1 in 200 run5.ndpi,Annotation (germinal_center),0.0281
KI67 1 in 200 run5.ndpi,Annotation (germinal_center),0.0398
KI67 1 in 200 run5.ndpi,Annotation (germinal_center),0.0583
KI67 1 in 200 run5.ndpi,Annotation (germinal_center),0.0572
KI67 1 in 200 run5.ndpi,Annotation (germinal_center),0.0433
KI67 1 in 200 run5.ndpi,Annotation (germinal_center),0.0458
KI67 1 in 200 run5.ndpi,Annotation (germinal_center),0.029
KI67 1 in 200 run5.ndpi,Annotation (germinal_center),0.0206
KI67 1 in 200 run5.ndpi,Annotation (germinal_center),0.0358
KI67 1 in 200 run5.ndpi,Annotation (germinal_center),0.0354
KI67 1 in 200 run5.ndpi,Annotation (germinal_center),0.0606
KI67 1 in 200 run5.ndpi,Annotation (germinal_center),0.0571
KI67 1 in 200 run5.ndpi,Annotation (germinal_center),0.0409
KI67 1 in 200 run5.ndpi,Annotation (germinal_center),0.0393
KI67 1 in 200 run5.ndpi,Annotation (germinal_center),0.0757
KI67 1 in 200 run5.ndpi,Annotation (germinal_center),0.0615
KI67 1 in 200 run5.ndpi,Annotation (germinal_center),0.0785
KI67 1 in 200 run5.ndpi,Annotation (germinal_center),0.0442
KI67 1 in 200 run5.ndpi,Annotation (germinal_center),0.0348
KI67 1 in 200 run5.ndpi,Annotation (germinal_center),0.0403
KI67 1 in 200 run5.ndpi,Annotation (germinal_center),0.0492
KI67 1 in 200 run5.ndpi,Annotation (germinal_center),0.0441
KI67 1 in 200 run5.ndpi,Annotation (germinal_center),0.0373
KI67 1 in 200 run5.ndpi,Annotation (germinal_center),0.0573
KI67 1 in 200 run5.ndpi,Annotation (germinal_center),0.0839
KI67 1 in 200 run5.ndpi,Annotation (germinal_center),0.0558
KI67 1 in 200 run5.ndpi,Annotation (germinal_center),0.0439
KI67 1 in 200 run5.ndpi,Annotation (germinal_center),0.0859
KI67 1 in 200 run5.ndpi,Annotation (germinal_center),0.0354
KI67 1 in 200 run5.ndpi,Annotation (germinal_center),0.0572
KI67 1 in 200 run5.ndpi,Annotation (germinal_center),0.0435
KI67 1 in 200 run5.ndpi,Annotation (germinal_center),0.0464
KI67 1 in 200 run5.ndpi,Annotation (germinal_center),0.0833
KI67 1 in 200 run5.ndpi,Annotation (germinal_center),0.0353
KI67 1 in 200 run5.ndpi,Annotation (germinal_center),0.0912
KI67 1 in 200 run5.ndpi,Annotation (germinal_center),0.0281
KI67 1 in 200 run5.ndpi,Annotation (germinal_center),0.0427
KI67 1 in 200 run5.ndpi,Annotation (germinal_center),0.045
KI67 1 in 200 run5.ndpi,Annotation (germinal_center),0.0373
KI67 1 in 200 run5.ndpi,Annotation (germinal_center),0.0625
KI67 1 in 200 run5.ndpi,Annotation (germinal_center),0.0469
KI67 1 in 200 run5.ndpi,Annotation (germinal_center),0.05
KI67 1 in 200 run5.ndpi,Annotation (germinal_center),0.0521
KI67 1 in 200 run5.ndpi,Annotation (germinal_center),0.0622
KI67 1 in 200 run5.ndpi,Annotation (germinal_center),0.0338
KI67 1 in 200 run5.ndpi,Annotation (germinal_center),0.0432
KI67 1 in 200 run5.ndpi,Annotation (germinal_center),0.0333
KI67 1 in 200 run5.ndpi,Annotation (germinal_center),0.0572
KI67 1 in 200 run5.ndpi,Annotation (germinal_center),0.0567
KI67 1 in 200 run5.ndpi,Annotation (germinal_center),0.0355
KI67 1 in 200 run5.ndpi,Annotation (germinal_center),0.0443
KI67 1 in 200 run5.ndpi,Annotation (germinal_center),0.0474
KI67 1 in 200 run5.ndpi,Annotation (germinal_center),0.0552
KI67 1 in 200 run5.ndpi,Annotation (germinal_center),0.0323
KI67 1 in 200 run5.ndpi,Annotation (germinal_center),0.0545
KI67 1 in 200 run5.ndpi,Annotation (germinal_center),0.0667
KI67 1 in 200 run5.ndpi,Annotation (germinal_center),0.0484
KI67 1 in 200 run5.ndpi,Annotation (germinal_center),0.0318
KI67 1 in 200 run5.ndpi,Annotation (germinal_center),0.0388
KI67 1 in 200 run5.ndpi,Annotation (germinal_center),0.0384
KI67 1 in 200 run5.ndpi,Annotation (germinal_center),0.0368
KI67 1 in 200 run5.ndpi,Annotation (germinal_center),
KI67 1 in 200 run5.ndpi,Annotation (germinal_center),0.0475
KI67 1 in 200 run5.ndpi,Annotation (germinal_center),0.0536
KI67 1 in 200 run5.ndpi,Annotation (germinal_center),0.0651
KI67 1 in 200 run5.ndpi,Annotation (germinal_center),0.0302
KI67 1 in 200 run5.ndpi,Annotation (germinal_center),0.0345
KI67 1 in 200 run5.ndpi,Annotation (germinal_center),0.0726
KI67 1 in 200 run5.ndpi,Annotation (germinal_center),0.0569
KI67 1 in 200 run5.ndpi,Annotation (germinal_center),0.0876
KI67 1 in 200 run5.ndpi,Annotation (germinal_center),0.0489
KI67 1 in 200 run5.ndpi,Annotation (germinal_center),0.0412
KI67 1 in 200 run5.ndpi,Annotation (germinal_center),0.0747
KI67 1 in 200 run5.ndpi,Annotation (germinal_center),0.0413
KI67 1 in 200 run5.ndpi,Annotation (germinal_center),0.0315
KI67 1 in 200 run5.ndpi,Annotation (germinal_center),0.0853
KI67 1 in 200 run5.ndpi,Annotation (germinal_center),0.0501
KI67 1 in 200 run5.ndpi,Annotation (germinal_center),0.0572
KI67 1 in 200 run5.ndpi,Annotation (germinal_center),0.0785
KI67 1 in 200 run5.ndpi,Annotation (germinal_center),0.0505
KI67 1 in 200 run5.ndpi,Annotation (germinal_center),0.0332
KI67 1 in 200 run5.ndpi,Annotation (germinal_center),0.0446
KI67 1 in 200 run5.ndpi,Annotation (germinal_center),0.0906
KI67 1 in 200 run5.ndpi,Annotation (germinal_center),0.0611
KI67 1 in 200 run5.ndpi,Annotation (germinal_center),0.0372
KI67 1 in 200 run5.ndpi,Annotation (germinal_center),0.0497
KI67 1 in 200 run5.ndpi,Annotation (germinal_center),0.0285
KI67 1 in 200 run5.ndpi,Annotation (germinal_center),0.0568
KI67 1 in 200 run5.ndpi,Annotation (germinal_center),0.0603
KI67 1 in 200 run5.ndpi,Annotation (germinal_center),0.0481
KI67 1 in 200 run5.ndpi,Annotation (germinal_center),0.0947
KI67 1 in 200 run5.ndpi,Annotation (germinal_center),0.0352
KI67 1 in 200 run5.ndpi,Annotation (germinal_center),0.0479
KI67 1 in 200 run5.ndpi,Annotation (germinal_center),0.0732
KI67 1 in 200 run5.ndpi,Annotation (germinal_center),0.0377
KI67 1 in 200 run5.ndpi,Annotation (germinal_center),0.0462
KI67 1 in 200 run5.ndpi,Annotation (germinal_center),0.0324
KI67 1 in 200 run5.ndpi,Annotation (germinal_center),0.0361
KI67 1 in 200 run5.ndpi,Annotation (germinal_center),0.0408
KI67 1 in 200 run5.ndpi,Annotation (germinal_center),0.0429
KI67 1 in 200 run5.ndpi,Annotation (germinal_center),0.0296
KI67 1 in 200 run5.ndpi,Annotation (germinal_center),0.0441
KI67 1 in 200 run5.ndpi,Annotation (germinal_center),0.0659
KI67 1 in 200 run5.ndpi,Annotation (germinal_center),0.035
KI67 1 in 200 run5.ndpi,Annotation (germinal_center),0.0523
KI67 1 in 200 run5.ndpi,Annotation (germinal_center),0.0958
KI67 1 in 200 run5.ndpi,Annotation (germinal_center),0.0423
KI67 1 in 200 run5.ndpi,Annotation (germinal_center),0.0438
KI67 1 in 200 run5.ndpi,Annotation (germinal_center),0.0351
KI67 1 in 200 run5.ndpi,Annotation (germinal_center),0.0316
KI67 1 in 200 run5.ndpi,Annotation (germinal_center),0.0617
KI67 1 in 200 run5.ndpi,Annotation (germinal_center),0.055
KI67 1 in 200 run5.ndpi,Annotation (germinal_center),0.0388
KI67 1 in 200 run5.ndpi,Annotation (germinal_center),0.0448
KI67 1 in 200 run5.ndpi,Annotation (germinal_center),0.0731
KI67 1 in 200 run5.ndpi,Annotation (germinal_center),0.0598
KI67 1 in 200 run5.ndpi,Annotation (germinal_center),0.0442
KI67 1 in 200 run5.ndpi,Annotation (germinal_center),0.0412
KI67 1 in 200 run5.ndpi,Annotation (germinal_center),0.0368
KI67 1 in 200 run5.ndpi,Annotation (germinal_center),0.0359
KI67 1 in 200 run5.ndpi,Annotation (germinal_center),0.0323
KI67 1 in 200 run5.ndpi,Annotation (germinal_center),0.0535
KI67 1 in 200 run5.ndpi,Annotation (germinal_center),0.0352
KI67 1 in 200 run5.ndpi,Annotation (germinal_center),0.0546
KI67 1 in 200 run5.ndpi,Annotation (germinal_center),0.0392
KI67 1 in 200 run5.ndpi,Annotation (germinal_center),0.0629
KI67 1 in 200 run5.ndpi,Annotation (germinal_center),0.0655
KI67 1 in 200 run5.ndpi,Annotation (germinal_center),0.0406
KI67 1 in 200 run5.ndpi,Annotation (germinal_center),0.0401
KI67 1 in 200 run5.ndpi,Annotation (germinal_center),0.0402
KI67 1 in 200 run5.ndpi,Annotation (germinal_center),0.0352
KI67 1 in 200 run5.ndpi,Annotation (germinal_center),0.0434
KI67 1 in 200 run5.ndpi,Annotation (germinal_center),0.0357
KI67 1 in 200 run5.ndpi,Annotation (germinal_center),0.0315
KI67 1 in 200 run5.ndpi,Annotation (germinal_center),0.066
KI67 1 in 200 run5.ndpi,Annotation (germinal_center),0.0585
KI67 1 in 200 run5.ndpi,Annotation (germinal_center),0.0334
KI67 1 in 200 run5.ndpi,Annotation (germinal_center),0.0318
KI67 1 in 200 run5.ndpi,Annotation (germinal_center),0.0393
KI67 1 in 200 run5.ndpi,Annotation (germinal_center),0.0813
KI67 1 in 200 run5.ndpi,Annotation (germinal_center),0.0451
KI67 1 in 200 run5.ndpi,Annotation (germinal_center),0.0465
KI67 1 in 200 run5.ndpi,Annotation (germinal_center),0.0331
KI67 1 in 200 run5.ndpi,Annotation (germinal_center),0.0422
KI67 1 in 200 run5.ndpi,Annotation (germinal_center),0.0381
KI67 1 in 200 run5.ndpi,Annotation (germinal_center),0.033
KI67 1 in 200 run5.ndpi,Annotation (germinal_center),0.027
KI67 1 in 200 run5.ndpi,Annotation (germinal_center),0.0915
KI67 1 in 200 run5.ndpi,Annotation (germinal_center),0.0315
KI67 1 in 200 run5.ndpi,Annotation (germinal_center),0.0667
KI67 1 in 200 run5.ndpi,Annotation (germinal_center),0.0447
KI67 1 in 200 run5.ndpi,Annotation (germinal_center),0.0564
KI67 1 in 200 run5.ndpi,Annotation (germinal_center),0.0554
KI67 1 in 200 run5.ndpi,Annotation (germinal_center),0.0504
KI67 1 in 200 run5.ndpi,Annotation (germinal_center),0.0427
KI67 1 in 200 run5.ndpi,Annotation (germinal_center),0.0784
KI67 1 in 200 run5.ndpi,Annotation (germinal_center),0.0658
KI67 1 in 200 run5.ndpi,Annotation (germinal_center),0.084
KI67 1 in 200 run5.ndpi,Annotation (germinal_center),0.0662
KI67 1 in 200 run5.ndpi,Annotation (germinal_center),0.0568
KI67 1 in 200 run5.ndpi,Annotation (germinal_center),0.0828
KI67 1 in 200 run5.ndpi,Annotation (germinal_center),0.0596
KI67 1 in 200 run5.ndpi,Annotation (germinal_center),0.0672
KI67 1 in 200 run5.ndpi,Annotation (germinal_center),0.0372
KI67 1 in 200 run5.ndpi,Annotation (germinal_center),0.073
KI67 1 in 200 run5.ndpi,Annotation (germinal_center),0.059
KI67 1 in 200 run5.ndpi,Annotation (germinal_center),0.066
KI67 1 in 200 run5.ndpi,Annotation (germinal_center),0.0926
KI67 1 in 200 run5.ndpi,Annotation (germinal_center),0.0494
KI67 1 in 200 run5.ndpi,Annotation (germinal_center),0.0396
KI67 1 in 200 run5.ndpi,Annotation (germinal_center),0.0637
KI67 1 in 200 run5.ndpi,Annotation (germinal_center),0.0858
KI67 1 in 200 run5.ndpi,Annotation (germinal_center),
KI67 1 in 200 run5.ndpi,Annotation (germinal_center),0.0653
KI67 1 in 200 run5.ndpi,Annotation (germinal_center),0.0714
KI67 1 in 200 run5.ndpi,Annotation (germinal_center),0.0873
KI67 1 in 200 run5.ndpi,Annotation (germinal_center),0.0764
KI67 1 in 200 run5.ndpi,Annotation (germinal_center),0.0658
KI67 1 in 200 run5.ndpi,Annotation (germinal_center),0.0988
KI67 1 in 200 run5.ndpi,Annotation (germinal_center),0.0548
KI67 1 in 200 run5.ndpi,Annotation (germinal_center),0.0508
KI67 1 in 200 run5.ndpi,Annotation (germinal_center),0.0562
KI67 1 in 200 run5.ndpi,Annotation (germinal_center),0.0619
KI67 1 in 200 run5.ndpi,Annotation (germinal_center),0.0808
KI67 1 in 200 run5.ndpi,Annotation (germinal_center),0.0532
KI67 1 in 200 run5.ndpi,Annotation (germinal_center),0.0516
KI67 1 in 200 run5.ndpi,Annotation (germinal_center),0.0385
KI67 1 in 200 run5.ndpi,Annotation (germinal_center),0.0538
KI67 1 in 200 run5.ndpi,Annotation (germinal_center),0.0697
KI67 1 in 200 run5.ndpi,Annotation (germinal_center),0.0679
KI67 1 in 200 run5.ndpi,Annotation (germinal_center),0.0896
KI67 1 in 200 run5.ndpi,Annotation (germinal_center),0.0813
KI67 1 in 200 run5.ndpi,Annotation (germinal_center),0.0651
KI67 1 in 200 run5.ndpi,Annotation (germinal_center),0.0613
KI67 1 in 200 run5.ndpi,Annotation (germinal_center),0.0812
KI67 1 in 200 run5.ndpi,Annotation (germinal_center),0.0612
KI67 1 in 200 run5.ndpi,Annotation (germinal_center),0.0855
KI67 1 in 200 run5.ndpi,Annotation (germinal_center),0.1061
KI67 1 in 200 run5.ndpi,Annotation (germinal_center),0.0667
KI67 1 in 200 run5.ndpi,Annotation (germinal_center),0.0468
KI67 1 in 200 run5.ndpi,Annotation (germinal_center),0.0671
KI67 1 in 200 run5.ndpi,Annotation (germinal_center),0.0774
KI67 1 in 200 run5.ndpi,Annotation (germinal_center),0.0429
KI67 1 in 200 run5.ndpi,Annotation (germinal_center),0.0569
KI67 1 in 200 run5.ndpi,Annotation (germinal_center),0.0562
KI67 1 in 200 run5.ndpi,Annotation (germinal_center),0.0427
KI67 1 in 200 run5.ndpi,Annotation (germinal_center),0.0641
KI67 1 in 200 run5.ndpi,Annotation (germinal_center),0.0718
KI67 1 in 200 run5.ndpi,Annotation (germinal_center),0.0453
KI67 1 in 200 run5.ndpi,Annotation (germinal_center),0.0548
KI67 1 in 200 run5.ndpi,Annotation (germinal_center),0.0544
KI67 1 in 200 run5.ndpi,Annotation (germinal_center),0.0741
KI67 1 in 200 run5.ndpi,Annotation (germinal_center),0.0703
KI67 1 in 200 run5.ndpi,Annotation (germinal_center),0.0577
KI67 1 in 200 run5.ndpi,Annotation (germinal_center),0.0775
KI67 1 in 200 run5.ndpi,Annotation (germinal_center),0.0673
KI67 1 in 200 run5.ndpi,Annotation (germinal_center),0.0709
KI67 1 in 200 run5.ndpi,Annotation (germinal_center),0.051
KI67 1 in 200 run5.ndpi,Annotation (germinal_center),0.0355
KI67 1 in 200 run5.ndpi,Annotation (germinal_center),0.0888
KI67 1 in 200 run5.ndpi,Annotation (germinal_center),0.059
KI67 1 in 200 run5.ndpi,Annotation (germinal_center),0.0645
KI67 1 in 200 run5.ndpi,Annotation (germinal_center),0.0634
KI67 1 in 200 run5.ndpi,Annotation (germinal_center),0.0796
KI67 1 in 200 run5.ndpi,Annotation (germinal_center),0.0686
KI67 1 in 200 run5.ndpi,Annotation (germinal_center),0.0556
KI67 1 in 200 run5.ndpi,Annotation (germinal_center),0.0713
KI67 1 in 200 run5.ndpi,Annotation (germinal_center),0.052
KI67 1 in 200 run5.ndpi,Annotation (germinal_center),0.0445
KI67 1 in 200 run5.ndpi,Annotation (germinal_center),0.066
KI67 1 in 200 run5.ndpi,Annotation (germinal_center),0.029
KI67 1 in 200 run5.ndpi,Annotation (germinal_center),0.0683
KI67 1 in 200 run5.ndpi,Annotation (germinal_center),0.0511
KI67 1 in 200 run5.ndpi,Annotation (germinal_center),0.0633
KI67 1 in 200 run5.ndpi,Annotation (germinal_center),0.0466
KI67 1 in 200 run5.ndpi,Annotation (germinal_center),0.0607
KI67 1 in 200 run5.ndpi,Annotation (germinal_center),0.0667
KI67 1 in 200 run5.ndpi,Annotation (germinal_center),0.0793
KI67 1 in 200 run5.ndpi,Annotation (germinal_center),0.0796
KI67 1 in 200 run5.ndpi,Annotation (germinal_center),0.0367
KI67 1 in 200 run5.ndpi,Annotation (germinal_center),0.0696
KI67 1 in 200 run5.ndpi,Annotation (germinal_center),0.0541
KI67 1 in 200 run5.ndpi,Annotation (germinal_center),0.0421
KI67 1 in 200 run5.ndpi,Annotation (germinal_center),0.0746
KI67 1 in 200 run5.ndpi,Annotation (germinal_center),0.0725
KI67 1 in 200 run5.ndpi,Annotation (germinal_center),0.0447
KI67 1 in 200 run5.ndpi,Annotation (germinal_center),0.0912
KI67 1 in 200 run5.ndpi,Annotation (germinal_center),0.0624
KI67 1 in 200 run5.ndpi,Annotation (germinal_center),0.0754
KI67 1 in 200 run5.ndpi,Annotation (germinal_center),0.0747
KI67 1 in 200 run5.ndpi,Annotation (germinal_center),0.0813
KI67 1 in 200 run5.ndpi,Annotation (germinal_center),0.0667
KI67 1 in 200 run5.ndpi,Annotation (germinal_center),0.0645
KI67 1 in 200 run5.ndpi,Annotation (germinal_center),0.4144
KI67 1 in 200 run5.ndpi,Annotation (germinal_center),0.0686
KI67 1 in 200 run5.ndpi,Annotation (germinal_center),0.0718
KI67 1 in 200 run5.ndpi,Annotation (germinal_center),0.0647
KI67 1 in 200 run5.ndpi,Annotation (germinal_center),0.0823
KI67 1 in 200 run5.ndpi,Annotation (germinal_center),0.0805
KI67 1 in 200 run5.ndpi,Annotation (germinal_center),0.0265
KI67 1 in 200 run5.ndpi,Annotation (germinal_center),0.0761
KI67 1 in 200 run5.ndpi,Annotation (germinal_center),0.0879
KI67 1 in 200 run5.ndpi,Annotation (germinal_center),0.0548
KI67 1 in 200 run5.ndpi,Annotation (germinal_center),0.0537
KI67 1 in 200 run5.ndpi,Annotation (germinal_center),0.0445
KI67 1 in 200 run5.ndpi,Annotation (germinal_center),0.076
KI67 1 in 200 run5.ndpi,Annotation (germinal_center),0.0554
KI67 1 in 200 run5.ndpi,Annotation (germinal_center),0.0731
KI67 1 in 200 run5.ndpi,Annotation (germinal_center),0.0645
KI67 1 in 200 run5.ndpi,Annotation (germinal_center),0.0759
KI67 1 in 200 run5.ndpi,Annotation (germinal_center),0.1071
KI67 1 in 200 run5.ndpi,Annotation (germinal_center),0.0306
KI67 1 in 200 run5.ndpi,Annotation (germinal_center),0.0754
KI67 1 in 200 run5.ndpi,Annotation (germinal_center),0.0376
KI67 1 in 200 run5.ndpi,Annotation (germinal_center),0.0279
KI67 1 in 200 run5.ndpi,Annotation (germinal_center),0.0314
KI67 1 in 200 run5.ndpi,Annotation (germinal_center),0.0834
KI67 1 in 200 run5.ndpi,Annotation (germinal_center),0.0264
KI67 1 in 200 run5.ndpi,Annotation (germinal_center),0.0361
KI67 1 in 200 run5.ndpi,Annotation (germinal_center),0.0623
KI67 1 in 200 run5.ndpi,Annotation (germinal_center),0.0465
KI67 1 in 200 run5.ndpi,Annotation (germinal_center),0.0542
KI67 1 in 200 run5.ndpi,Annotation (germinal_center),0.0269
KI67 1 in 200 run5.ndpi,Annotation (germinal_center),0.0617
KI67 1 in 200 run5.ndpi,Annotation (germinal_center),0.0473
KI67 1 in 200 run5.ndpi,Annotation (germinal_center),0.0739
KI67 1 in 200 run5.ndpi,Annotation (germinal_center),0.0371
KI67 1 in 200 run5.ndpi,Annotation (germinal_center),0.0404
KI67 1 in 200 run5.ndpi,Annotation (germinal_center),0.0682
KI67 1 in 200 run5.ndpi,Annotation (germinal_center),0.056
KI67 1 in 200 run5.ndpi,Annotation (germinal_center),0.096
KI67 1 in 200 run5.ndpi,Annotation (germinal_center),0.0319
KI67 1 in 200 run5.ndpi,Annotation (germinal_center),0.0334
KI67 1 in 200 run5.ndpi,Annotation (germinal_center),0.0755
KI67 1 in 200 run5.ndpi,Annotation (germinal_center),0.0714
KI67 1 in 200 run5.ndpi,Annotation (germinal_center),0.0469
KI67 1 in 200 run5.ndpi,Annotation (germinal_center),0.0624
KI67 1 in 200 run5.ndpi,Annotation (germinal_center),0.09
KI67 1 in 200 run5.ndpi,Annotation (germinal_center),0.0626
KI67 1 in 200 run5.ndpi,Annotation (germinal_center),0.0499
KI67 1 in 200 run5.ndpi,Annotation (germinal_center),0.0659
KI67 1 in 200 run5.ndpi,Annotation (germinal_center),0.0704
KI67 1 in 200 run5.ndpi,Annotation (germinal_center),0.0723
KI67 1 in 200 run5.ndpi,Annotation (germinal_center),0.0503
KI67 1 in 200 run5.ndpi,Annotation (germinal_center),0.0263
KI67 1 in 200 run5.ndpi,Annotation (germinal_center),0.0787
KI67 1 in 200 run5.ndpi,Annotation (germinal_center),0.0803
KI67 1 in 200 run5.ndpi,Annotation (germinal_center),0.0619
KI67 1 in 200 run5.ndpi,Annotation (germinal_center),0.0636
KI67 1 in 200 run5.ndpi,Annotation (germinal_center),0.0614
KI67 1 in 200 run5.ndpi,Annotation (germinal_center),0.0762
KI67 1 in 200 run5.ndpi,Annotation (germinal_center),0.0536
KI67 1 in 200 run5.ndpi,Annotation (germinal_center),0.0381
KI67 1 in 200 run5.ndpi,Annotation (germinal_center),0.0721
KI67 1 in 200 run5.ndpi,Annotation (germinal_center),0.0298
KI67 1 in 200 run5.ndpi,Annotation (germinal_center),0.0667
KI67 1 in 200 run5.ndpi,Annotation (germinal_center),0.0516
KI67 1 in 200 run5.ndpi,Annotation (germinal_center),0.0693
KI67 1 in 200 run5.ndpi,Annotation (germinal_center),0.0972
KI67 1 in 200 run5.ndpi,Annotation (germinal_center),0.0471
KI67 1 in 200 run5.ndpi,Annotation (germinal_center),0.0423
KI67 1 in 200 run5.ndpi,Annotation (germinal_center),0.0438
KI67 1 in 200 run5.ndpi,Annotation (germinal_center),0.0453
KI67 1 in 200 run5.ndpi,Annotation (germinal_center),0.055
KI67 1 in 200 run5.ndpi,Annotation (germinal_center),0.0394
KI67 1 in 200 run5.ndpi,Annotation (germinal_center),0.0425
KI67 1 in 200 run5.ndpi,Annotation (germinal_center),0.0441
KI67 1 in 200 run5.ndpi,Annotation (germinal_center),0.0625
KI67 1 in 200 run5.ndpi,Annotation (germinal_center),0.0381
KI67 1 in 200 run5.ndpi,Annotation (germinal_center),0.0375
KI67 1 in 200 run5.ndpi,Annotation (germinal_center),0.0663
KI67 1 in 200 run5.ndpi,Annotation (germinal_center),0.0768
KI67 1 in 200 run5.ndpi,Annotation (germinal_center),0.0539
KI67 1 in 200 run5.ndpi,Annotation (germinal_center),0.0376
KI67 1 in 200 run5.ndpi,Annotation (germinal_center),0.063
KI67 1 in 200 run5.ndpi,Annotation (germinal_center),0.0367
KI67 1 in 200 run5.ndpi,Annotation (germinal_center),0.0578
KI67 1 in 200 run5.ndpi,Annotation (germinal_center),0.0487
KI67 1 in 200 run5.ndpi,Annotation (germinal_center),0.0641
KI67 1 in 200 run5.ndpi,Annotation (germinal_center),0.0444
KI67 1 in 200 run5.ndpi,Annotation (germinal_center),0.0513
KI67 1 in 200 run5.ndpi,Annotation (germinal_center),0.0631
KI67 1 in 200 run5.ndpi,Annotation (germinal_center),0.067
KI67 1 in 200 run5.ndpi,Annotation (germinal_center),0.0424
KI67 1 in 200 run5.ndpi,Annotation (germinal_center),0.049
KI67 1 in 200 run5.ndpi,Annotation (germinal_center),0.1028
KI67 1 in 200 run5.ndpi,Annotation (germinal_center),0.0524
KI67 1 in 200 run5.ndpi,Annotation (germinal_center),0.0476
KI67 1 in 200 run5.ndpi,Annotation (germinal_center),0.0547
KI67 1 in 200 run5.ndpi,Annotation (germinal_center),0.0584
KI67 1 in 200 run5.ndpi,Annotation (germinal_center),0.091
KI67 1 in 200 run5.ndpi,Annotation (germinal_center),0.0808
KI67 1 in 200 run5.ndpi,Annotation (germinal_center),0.0419
KI67 1 in 200 run5.ndpi,Annotation (germinal_center),0.0657
KI67 1 in 200 run5.ndpi,Annotation (germinal_center),0.0399
KI67 1 in 200 run5.ndpi,Annotation (germinal_center),0.0458
KI67 1 in 200 run5.ndpi,Annotation (germinal_center),0.0638
KI67 1 in 200 run5.ndpi,Annotation (germinal_center),0.0554
KI67 1 in 200 run5.ndpi,Annotation (germinal_center),0.0457
KI67 1 in 200 run5.ndpi,Annotation (germinal_center),0.0713
KI67 1 in 200 run5.ndpi,Annotation (germinal_center),0.0488
KI67 1 in 200 run5.ndpi,Annotation (germinal_center),0.0447
KI67 1 in 200 run5.ndpi,Annotation (germinal_center),0.0471
KI67 1 in 200 run5.ndpi,Annotation (germinal_center),0.0618
KI67 1 in 200 run5.ndpi,Annotation (germinal_center),0.0565
KI67 1 in 200 run5.ndpi,Annotation (germinal_center),0.0368
KI67 1 in 200 run5.ndpi,Annotation (germinal_center),0.0534
KI67 1 in 200 run5.ndpi,Annotation (germinal_center),0.0633
KI67 1 in 200 run5.ndpi,Annotation (germinal_center),0.0504
KI67 1 in 200 run5.ndpi,Annotation (germinal_center),0.0833
KI67 1 in 200 run5.ndpi,Annotation (germinal_center),0.0555
KI67 1 in 200 run5.ndpi,Annotation (germinal_center),0.0341
KI67 1 in 200 run5.ndpi,Annotation (germinal_center),0.0537
KI67 1 in 200 run5.ndpi,Annotation (germinal_center),0.0578
KI67 1 in 200 run5.ndpi,Annotation (germinal_center),0.0328
KI67 1 in 200 run5.ndpi,Annotation (germinal_center),0.0355
KI67 1 in 200 run5.ndpi,Annotation (germinal_center),0.0894
KI67 1 in 200 run5.ndpi,Annotation (germinal_center),0.0796
KI67 1 in 200 run5.ndpi,Annotation (germinal_center),0.0552
KI67 1 in 200 run5.ndpi,Annotation (germinal_center),0.0709
KI67 1 in 200 run5.ndpi,Annotation (germinal_center),0.0346
KI67 1 in 200 run5.ndpi,Annotation (germinal_center),0.0792
KI67 1 in 200 run5.ndpi,Annotation (germinal_center),0.0441
KI67 1 in 200 run5.ndpi,Annotation (germinal_center),0.0726
KI67 1 in 200 run5.ndpi,Annotation (germinal_center),0.0841
KI67 1 in 200 run5.ndpi,Annotation (germinal_center),0.0805
KI67 1 in 200 run5.ndpi,Annotation (germinal_center),0.0693
KI67 1 in 200 run5.ndpi,Annotation (germinal_center),0.0374
KI67 1 in 200 run5.ndpi,Annotation (germinal_center),0.0356
KI67 1 in 200 run5.ndpi,Annotation (germinal_center),0.0935
KI67 1 in 200 run5.ndpi,Annotation (germinal_center),0.0974
KI67 1 in 200 run5.ndpi,Annotation (germinal_center),0.0787
KI67 1 in 200 run5.ndpi,Annotation (germinal_center),0.055
KI67 1 in 200 run5.ndpi,Annotation (germinal_center),0.0508
KI67 1 in 200 run5.ndpi,Annotation (germinal_center),0.0357
KI67 1 in 200 run5.ndpi,Annotation (germinal_center),0.1004
KI67 1 in 200 run5.ndpi,Annotation (germinal_center),0.0479
KI67 1 in 200 run5.ndpi,Annotation (germinal_center),0.0578
KI67 1 in 200 run5.ndpi,Annotation (germinal_center),0.0352
KI67 1 in 200 run5.ndpi,Annotation (germinal_center),0.0392
KI67 1 in 200 run5.ndpi,Annotation (germinal_center),0.0332
KI67 1 in 200 run5.ndpi,Annotation (germinal_center),0.0516
KI67 1 in 200 run5.ndpi,Annotation (germinal_center),0.0584
KI67 1 in 200 run5.ndpi,Annotation (germinal_center),0.0507
KI67 1 in 200 run5.ndpi,Annotation (germinal_center),0.0779
KI67 1 in 200 run5.ndpi,Annotation (germinal_center),0.0382
KI67 1 in 200 run5.ndpi,Annotation (germinal_center),0.0585
KI67 1 in 200 run5.ndpi,Annotation (germinal_center),0.0331
KI67 1 in 200 run5.ndpi,Annotation (germinal_center),0.0347
KI67 1 in 200 run5.ndpi,Annotation (germinal_center),0.0414
KI67 1 in 200 run5.ndpi,Annotation (germinal_center),0.0158
KI67 1 in 200 run5.ndpi,Annotation (germinal_center),0.0331
KI67 1 in 200 run5.ndpi,Annotation (germinal_center),0.0414
KI67 1 in 200 run5.ndpi,Annotation (germinal_center),0.0555
KI67 1 in 200 run5.ndpi,Annotation (germinal_center),0.098
KI67 1 in 200 run5.ndpi,Annotation (germinal_center),0.0623
KI67 1 in 200 run5.ndpi,Annotation (germinal_center),0.1071
KI67 1 in 200 run5.ndpi,Annotation (germinal_center),0.0559
KI67 1 in 200 run5.ndpi,Annotation (germinal_center),0.0322
KI67 1 in 200 run5.ndpi,Annotation (germinal_center),0.0443
KI67 1 in 200 run5.ndpi,Annotation (germinal_center),0.0496
KI67 1 in 200 run5.ndpi,Annotation (germinal_center),0.0363
KI67 1 in 200 run5.ndpi,Annotation (germinal_center),0.0469
KI67 1 in 200 run5.ndpi,Annotation (germinal_center),0.06
KI67 1 in 200 run5.ndpi,Annotation (germinal_center),0.0377
KI67 1 in 200 run5.ndpi,Annotation (germinal_center),0.0418
KI67 1 in 200 run5.ndpi,Annotation (germinal_center),0.0598
KI67 1 in 200 run5.ndpi,Annotation (germinal_center),0.0381
KI67 1 in 200 run5.ndpi,Annotation (germinal_center),0.0544
KI67 1 in 200 run5.ndpi,Annotation (germinal_center),0.0313
KI67 1 in 200 run5.ndpi,Annotation (germinal_center),0.0374
KI67 1 in 200 run5.ndpi,Annotation (germinal_center),0.0362
KI67 1 in 200 run5.ndpi,Annotation (germinal_center),0.0356
KI67 1 in 200 run5.ndpi,Annotation (germinal_center),0.0396
KI67 1 in 200 run5.ndpi,Annotation (germinal_center),0.0377
KI67 1 in 200 run5.ndpi,Annotation (germinal_center),0.0686
KI67 1 in 200 run5.ndpi,Annotation (germinal_center),0.0662
KI67 1 in 200 run5.ndpi,Annotation (germinal_center),0.0366
KI67 1 in 200 run5.ndpi,Annotation (germinal_center),0.0299
KI67 1 in 200 run5.ndpi,Annotation (germinal_center),0.0439
KI67 1 in 200 run5.ndpi,Annotation (germinal_center),0.0444
KI67 1 in 200 run5.ndpi,Annotation (germinal_center),0.0288
KI67 1 in 200 run5.ndpi,Annotation (germinal_center),0.0452
KI67 1 in 200 run5.ndpi,Annotation (germinal_center),0.0356
KI67 1 in 200 run5.ndpi,Annotation (germinal_center),0.0444
KI67 1 in 200 run5.ndpi,Annotation (germinal_center),0.0636
KI67 1 in 200 run5.ndpi,Annotation (germinal_center),0.0406
KI67 1 in 200 run5.ndpi,Annotation (germinal_center),0.0628
KI67 1 in 200 run5.ndpi,Annotation (germinal_center),0.038
KI67 1 in 200 run5.ndpi,Annotation (germinal_center),0.0518
KI67 1 in 200 run5.ndpi,Annotation (germinal_center),0.0749
KI67 1 in 200 run5.ndpi,Annotation (germinal_center),0.0229
KI67 1 in 200 run5.ndpi,Annotation (germinal_center),0.0478
KI67 1 in 200 run5.ndpi,Annotation (germinal_center),0.0297
KI67 1 in 200 run5.ndpi,Annotation (germinal_center),0.0551
KI67 1 in 200 run5.ndpi,Annotation (germinal_center),0.0201
KI67 1 in 200 run5.ndpi,Annotation (germinal_center),0.0344
KI67 1 in 200 run5.ndpi,Annotation (germinal_center),0.071
KI67 1 in 200 run5.ndpi,Annotation (germinal_center),0.0444
KI67 1 in 200 run5.ndpi,Annotation (germinal_center),0.0501
KI67 1 in 200 run5.ndpi,Annotation (germinal_center),0.0514
KI67 1 in 200 run5.ndpi,Annotation (germinal_center),0.0714
KI67 1 in 200 run5.ndpi,Annotation (germinal_center),0.0231
KI67 1 in 200 run5.ndpi,Annotation (germinal_center),0.0707
KI67 1 in 200 run5.ndpi,Annotation (germinal_center),0.0536
KI67 1 in 200 run5.ndpi,Annotation (germinal_center),0.0387
KI67 1 in 200 run5.ndpi,Annotation (germinal_center),0.0674
KI67 1 in 200 run5.ndpi,Annotation (germinal_center),0.0612
KI67 1 in 200 run5.ndpi,Annotation (germinal_center),0.0444
KI67 1 in 200 run5.ndpi,Annotation (germinal_center),0.0515
KI67 1 in 200 run5.ndpi,Annotation (germinal_center),0.037
KI67 1 in 200 run5.ndpi,Annotation (germinal_center),0.0473
KI67 1 in 200 run5.ndpi,Annotation (germinal_center),0.0442
KI67 1 in 200 run5.ndpi,Annotation (germinal_center),0.0273
KI67 1 in 200 run5.ndpi,Annotation (germinal_center),0.0423
KI67 1 in 200 run5.ndpi,Annotation (germinal_center),0.0296
KI67 1 in 200 run5.ndpi,Annotation (germinal_center),0.0984
KI67 1 in 200 run5.ndpi,Annotation (germinal_center),0.0498
KI67 1 in 200 run5.ndpi,Annotation (germinal_center),0.0386
KI67 1 in 200 run5.ndpi,Annotation (germinal_center),0.0342
KI67 1 in 200 run5.ndpi,Annotation (germinal_center),0.1067
KI67 1 in 200 run5.ndpi,Annotation (germinal_center),0.0475
KI67 1 in 200 run5.ndpi,Annotation (germinal_center),0.0549
KI67 1 in 200 run5.ndpi,Annotation (germinal_center),0.045
KI67 1 in 200 run5.ndpi,Annotation (germinal_center),0.0357
KI67 1 in 200 run5.ndpi,Annotation (germinal_center),0.0833
KI67 1 in 200 run5.ndpi,Annotation (germinal_center),0.0364
KI67 1 in 200 run5.ndpi,Annotation (germinal_center),0.0675
KI67 1 in 200 run5.ndpi,Annotation (germinal_center),0.0585
KI67 1 in 200 run5.ndpi,Annotation (germinal_center),0.0395
KI67 1 in 200 run5.ndpi,Annotation (germinal_center),0.0478
KI67 1 in 200 run5.ndpi,Annotation (germinal_center),0.0813
KI67 1 in 200 run5.ndpi,Annotation (germinal_center),0.042
KI67 1 in 200 run5.ndpi,Annotation (germinal_center),0.0716
KI67 1 in 200 run5.ndpi,Annotation (germinal_center),0.0564
KI67 1 in 200 run5.ndpi,Annotation (germinal_center),0.0515
KI67 1 in 200 run5.ndpi,Annotation (germinal_center),0.0249
KI67 1 in 200 run5.ndpi,Annotation (germinal_center),0.0658
KI67 1 in 200 run5.ndpi,Annotation (germinal_center),0.0396
KI67 1 in 200 run5.ndpi,Annotation (germinal_center),0.0469
KI67 1 in 200 run5.ndpi,Annotation (germinal_center),0.0878
KI67 1 in 200 run5.ndpi,Annotation (germinal_center),0.0475
KI67 1 in 200 run5.ndpi,Annotation (germinal_center),0.0499
KI67 1 in 200 run5.ndpi,Annotation (germinal_center),0.0617
KI67 1 in 200 run5.ndpi,Annotation (germinal_center),0.0417
KI67 1 in 200 run5.ndpi,Annotation (germinal_center),0.0661
KI67 1 in 200 run5.ndpi,Annotation (germinal_center),0.0651
KI67 1 in 200 run5.ndpi,Annotation (germinal_center),0.0423
KI67 1 in 200 run5.ndpi,Annotation (germinal_center),0.0559
KI67 1 in 200 run5.ndpi,Annotation (germinal_center),0.038
KI67 1 in 200 run5.ndpi,Annotation (germinal_center),0.0323
KI67 1 in 200 run5.ndpi,Annotation (germinal_center),0.0877
KI67 1 in 200 run5.ndpi,Annotation (germinal_center),0.0466
KI67 1 in 200 run5.ndpi,Annotation (germinal_center),0.0521
KI67 1 in 200 run5.ndpi,Annotation (germinal_center),0.0499
KI67 1 in 200 run5.ndpi,Annotation (germinal_center),0.0578
KI67 1 in 200 run5.ndpi,Annotation (germinal_center),0.0375
KI67 1 in 200 run5.ndpi,Annotation (germinal_center),0.0593
KI67 1 in 200 run5.ndpi,Annotation (germinal_center),0.0459
KI67 1 in 200 run5.ndpi,Annotation (germinal_center),0.0475
KI67 1 in 200 run5.ndpi,Annotation (germinal_center),0.0631
KI67 1 in 200 run5.ndpi,Annotation (germinal_center),0.0612
KI67 1 in 200 run5.ndpi,Annotation (germinal_center),0.0503
KI67 1 in 200 run5.ndpi,Annotation (germinal_center),0.0698
KI67 1 in 200 run5.ndpi,Annotation (germinal_center),0.0398
KI67 1 in 200 run5.ndpi,Annotation (germinal_center),0.0405
KI67 1 in 200 run5.ndpi,Annotation (germinal_center),0.0648
KI67 1 in 200 run5.ndpi,Annotation (germinal_center),0.0877
KI67 1 in 200 run5.ndpi,Annotation (germinal_center),0.0579
KI67 1 in 200 run5.ndpi,Annotation (germinal_center),0.0393
KI67 1 in 200 run5.ndpi,Annotation (germinal_center),0.0431
KI67 1 in 200 run5.ndpi,Annotation (germinal_center),0.0398
KI67 1 in 200 run5.ndpi,Annotation (germinal_center),0.1131
KI67 1 in 200 run5.ndpi,Annotation (germinal_center),0.0378
KI67 1 in 200 run5.ndpi,Annotation (germinal_center),0.0461
KI67 1 in 200 run5.ndpi,Annotation (germinal_center),0.0522
KI67 1 in 200 run5.ndpi,Annotation (germinal_center),0.0624
KI67 1 in 200 run5.ndpi,Annotation (germinal_center),0.045
KI67 1 in 200 run5.ndpi,Annotation (germinal_center),0.0419
KI67 1 in 200 run5.ndpi,Annotation (germinal_center),0.0415
KI67 1 in 200 run5.ndpi,Annotation (germinal_center),0.0559
KI67 1 in 200 run5.ndpi,Annotation (germinal_center),0.0367
KI67 1 in 200 run5.ndpi,Annotation (germinal_center),0.0369
KI67 1 in 200 run5.ndpi,Annotation (germinal_center),0.0529
KI67 1 in 200 run5.ndpi,Annotation (germinal_center),0.0436
KI67 1 in 200 run5.ndpi,Annotation (germinal_center),0.0391
KI67 1 in 200 run5.ndpi,Annotation (germinal_center),0.0385
KI67 1 in 200 run5.ndpi,Annotation (germinal_center),0.1067
KI67 1 in 200 run5.ndpi,Annotation (germinal_center),0.0373
KI67 1 in 200 run5.ndpi,Annotation (germinal_center),0.0428
KI67 1 in 200 run5.ndpi,Annotation (germinal_center),0.0615
KI67 1 in 200 run5.ndpi,Annotation (germinal_center),0.0666
KI67 1 in 200 run5.ndpi,Annotation (germinal_center),0.0335
KI67 1 in 200 run5.ndpi,Annotation (germinal_center),0.0519
KI67 1 in 200 run5.ndpi,Annotation (germinal_center),0.0432
KI67 1 in 200 run5.ndpi,Annotation (germinal_center),0.0513
KI67 1 in 200 run5.ndpi,Annotation (germinal_center),0.0499
KI67 1 in 200 run5.ndpi,Annotation (germinal_center),0.062
KI67 1 in 200 run5.ndpi,Annotation (germinal_center),0.0469
KI67 1 in 200 run5.ndpi,Annotation (germinal_center),0.0371
KI67 1 in 200 run5.ndpi,Annotation (germinal_center),0.0422
KI67 1 in 200 run5.ndpi,Annotation (germinal_center),0.0524
KI67 1 in 200 run5.ndpi,Annotation (germinal_center),0.0452
KI67 1 in 200 run5.ndpi,Annotation (germinal_center),0.0536
KI67 1 in 200 run5.ndpi,Annotation (germinal_center),0.0355
KI67 1 in 200 run5.ndpi,Annotation (germinal_center),0.0458
KI67 1 in 200 run5.ndpi,Annotation (germinal_center),0.063
KI67 1 in 200 run5.ndpi,Annotation (germinal_center),0.0769
KI67 1 in 200 run5.ndpi,Annotation (germinal_center),0.0378
KI67 1 in 200 run5.ndpi,Annotation (germinal_center),0.0366
KI67 1 in 200 run5.ndpi,Annotation (germinal_center),0.0341
KI67 1 in 200 run5.ndpi,Annotation (germinal_center),0.0329
KI67 1 in 200 run5.ndpi,Annotation (germinal_center),0.0394
KI67 1 in 200 run5.ndpi,Annotation (germinal_center),0.0736
KI67 1 in 200 run5.ndpi,Annotation (germinal_center),0.0827
KI67 1 in 200 run5.ndpi,Annotation (germinal_center),0.0407
KI67 1 in 200 run5.ndpi,Annotation (germinal_center),0.0416
KI67 1 in 200 run5.ndpi,Annotation (germinal_center),0.0718
KI67 1 in 200 run5.ndpi,Annotation (germinal_center),0.0541
KI67 1 in 200 run5.ndpi,Annotation (germinal_center),0.0425
KI67 1 in 200 run5.ndpi,Annotation (germinal_center),0.0795
KI67 1 in 200 run5.ndpi,Annotation (germinal_center),0.0442
KI67 1 in 200 run5.ndpi,Annotation (germinal_center),0.0618
KI67 1 in 200 run5.ndpi,Annotation (germinal_center),0.0523
KI67 1 in 200 run5.ndpi,Annotation (germinal_center),0.0454
KI67 1 in 200 run5.ndpi,Annotation (germinal_center),0.0412
KI67 1 in 200 run5.ndpi,Annotation (germinal_center),0.0844
KI67 1 in 200 run5.ndpi,Annotation (germinal_center),0.0694
KI67 1 in 200 run5.ndpi,Annotation (germinal_center),0.0557
KI67 1 in 200 run5.ndpi,Annotation (germinal_center),0.0678
KI67 1 in 200 run5.ndpi,Annotation (germinal_center),0.073
KI67 1 in 200 run5.ndpi,Annotation (germinal_center),0.0599
KI67 1 in 200 run5.ndpi,Annotation (germinal_center),0.0561
KI67 1 in 200 run5.ndpi,Annotation (germinal_center),0.0734
KI67 1 in 200 run5.ndpi,Annotation (germinal_center),0.078
KI67 1 in 200 run5.ndpi,Annotation (germinal_center),0.0657
KI67 1 in 200 run5.ndpi,Annotation (germinal_center),0.0805
KI67 1 in 200 run5.ndpi,Annotation (germinal_center),0.0341
KI67 1 in 200 run5.ndpi,Annotation (germinal_center),0.0532
KI67 1 in 200 run5.ndpi,Annotation (germinal_center),0.0596
KI67 1 in 200 run5.ndpi,Annotation (germinal_center),0.0315
KI67 1 in 200 run5.ndpi,Annotation (germinal_center),0.032
KI67 1 in 200 run5.ndpi,Annotation (germinal_center),0.0722
KI67 1 in 200 run5.ndpi,Annotation (germinal_center),0.0296
KI67 1 in 200 run5.ndpi,Annotation (germinal_center),0.0454
KI67 1 in 200 run5.ndpi,Annotation (germinal_center),0.0474
KI67 1 in 200 run5.ndpi,Annotation (germinal_center),0.0246
KI67 1 in 200 run5.ndpi,Annotation (germinal_center),0.0417
KI67 1 in 200 run5.ndpi,Annotation (germinal_center),0.0491
KI67 1 in 200 run5.ndpi,Annotation (germinal_center),0.0461
KI67 1 in 200 run5.ndpi,Annotation (germinal_center),0.0373
KI67 1 in 200 run5.ndpi,Annotation (germinal_center),0.0326
KI67 1 in 200 run5.ndpi,Annotation (germinal_center),0.0412
KI67 1 in 200 run5.ndpi,Annotation (germinal_center),0.0286
KI67 1 in 200 run5.ndpi,Annotation (germinal_center),0.0431
KI67 1 in 200 run5.ndpi,Annotation (germinal_center),0.04
KI67 1 in 200 run5.ndpi,Annotation (germinal_center),0.0364
KI67 1 in 200 run5.ndpi,Annotation (germinal_center),0.0443
KI67 1 in 200 run5.ndpi,Annotation (germinal_center),0.0422
KI67 1 in 200 run5.ndpi,Annotation (germinal_center),0.0272
KI67 1 in 200 run5.ndpi,Annotation (germinal_center),0.0369
KI67 1 in 200 run5.ndpi,Annotation (germinal_center),0.0425
KI67 1 in 200 run5.ndpi,Annotation (germinal_center),0.0805
KI67 1 in 200 run5.ndpi,Annotation (germinal_center),0.0287
KI67 1 in 200 run5.ndpi,Annotation (germinal_center),0.0604
KI67 1 in 200 run5.ndpi,Annotation (germinal_center),0.0275
KI67 1 in 200 run5.ndpi,Annotation (germinal_center),0.0344
KI67 1 in 200 run5.ndpi,Annotation (germinal_center),0.0551
KI67 1 in 200 run5.ndpi,Annotation (germinal_center),0.0645
KI67 1 in 200 run5.ndpi,Annotation (germinal_center),0.0691
KI67 1 in 200 run5.ndpi,Annotation (germinal_center),0.0391
KI67 1 in 200 run5.ndpi,Annotation (germinal_center),0.0383
KI67 1 in 200 run5.ndpi,Annotation (germinal_center),0.0334
KI67 1 in 200 run5.ndpi,Annotation (germinal_center),0.0403
KI67 1 in 200 run5.ndpi,Annotation (germinal_center),0.0338
KI67 1 in 200 run5.ndpi,Annotation (germinal_center),0.043
KI67 1 in 200 run5.ndpi,Annotation (germinal_center),0.0397
KI67 1 in 200 run5.ndpi,Annotation (germinal_center),0.0367
KI67 1 in 200 run5.ndpi,Annotation (germinal_center),0.0595
KI67 1 in 200 run5.ndpi,Annotation (germinal_center),0.0585
KI67 1 in 200 run5.ndpi,Annotation (germinal_center),0.0541
KI67 1 in 200 run5.ndpi,Annotation (germinal_center),0.0381
KI67 1 in 200 run5.ndpi,Annotation (germinal_center),0.043
KI67 1 in 200 run5.ndpi,Annotation (germinal_center),0.1045
KI67 1 in 200 run5.ndpi,Annotation (germinal_center),0.0378
KI67 1 in 200 run5.ndpi,Annotation (germinal_center),0.0376
KI67 1 in 200 run5.ndpi,Annotation (germinal_center),0.0692
KI67 1 in 200 run5.ndpi,Annotation (germinal_center),0.0395
KI67 1 in 200 run5.ndpi,Annotation (germinal_center),0.0373
KI67 1 in 200 run5.ndpi,Annotation (germinal_center),0.0455
KI67 1 in 200 run5.ndpi,Annotation (germinal_center),0.0457
KI67 1 in 200 run5.ndpi,Annotation (germinal_center),0.0707
KI67 1 in 200 run5.ndpi,Annotation (germinal_center),0.0625
KI67 1 in 200 run5.ndpi,Annotation (germinal_center),0.1092
KI67 1 in 200 run5.ndpi,Annotation (germinal_center),0.0371
KI67 1 in 200 run5.ndpi,Annotation (germinal_center),0.0435
KI67 1 in 200 run5.ndpi,Annotation (germinal_center),0.0527
KI67 1 in 200 run5.ndpi,Annotation (germinal_center),0.0428
KI67 1 in 200 run5.ndpi,Annotation (germinal_center),0.0986
KI67 1 in 200 run5.ndpi,Annotation (germinal_center),0.0373
KI67 1 in 200 run5.ndpi,Annotation (germinal_center),0.0356
KI67 1 in 200 run5.ndpi,Annotation (germinal_center),0.0399
KI67 1 in 200 run5.ndpi,Annotation (germinal_center),0.0519
KI67 1 in 200 run5.ndpi,Annotation (germinal_center),0.0457
KI67 1 in 200 run5.ndpi,Annotation (germinal_center),0.0523
KI67 1 in 200 run5.ndpi,Annotation (germinal_center),0.0525
KI67 1 in 200 run5.ndpi,Annotation (germinal_center),0.0496
KI67 1 in 200 run5.ndpi,Annotation (germinal_center),0.0339
KI67 1 in 200 run5.ndpi,Annotation (germinal_center),0.0556
KI67 1 in 200 run5.ndpi,Annotation (germinal_center),0.0486
KI67 1 in 200 run5.ndpi,Annotation (germinal_center),0.0782
KI67 1 in 200 run5.ndpi,Annotation (germinal_center),0.0426
KI67 1 in 200 run5.ndpi,Annotation (germinal_center),0.0414
KI67 1 in 200 run5.ndpi,Annotation (germinal_center),0.071
KI67 1 in 200 run5.ndpi,Annotation (germinal_center),0.0923
KI67 1 in 200 run5.ndpi,Annotation (germinal_center),0.0582
KI67 1 in 200 run5.ndpi,Annotation (germinal_center),0.0438
KI67 1 in 200 run5.ndpi,Annotation (germinal_center),0.0338
KI67 1 in 200 run5.ndpi,Annotation (germinal_center),0.0392
KI67 1 in 200 run5.ndpi,Annotation (germinal_center),0.069
KI67 1 in 200 run5.ndpi,Annotation (germinal_center),0.0421
KI67 1 in 200 run5.ndpi,Annotation (germinal_center),0.0702
KI67 1 in 200 run5.ndpi,Annotation (germinal_center),0.0494
KI67 1 in 200 run5.ndpi,Annotation (germinal_center),0.0472
KI67 1 in 200 run5.ndpi,Annotation (germinal_center),0.0468
KI67 1 in 200 run5.ndpi,Annotation (germinal_center),0.0287
KI67 1 in 200 run5.ndpi,Annotation (germinal_center),0.0444
KI67 1 in 200 run5.ndpi,Annotation (germinal_center),0.0426
KI67 1 in 200 run5.ndpi,Annotation (germinal_center),0.0432
KI67 1 in 200 run5.ndpi,Annotation (germinal_center),0.0352
KI67 1 in 200 run5.ndpi,Annotation (germinal_center),0.0358
KI67 1 in 200 run5.ndpi,Annotation (germinal_center),0.0451
KI67 1 in 200 run5.ndpi,Annotation (germinal_center),0.0495
KI67 1 in 200 run5.ndpi,Annotation (germinal_center),0.0381
KI67 1 in 200 run5.ndpi,Annotation (germinal_center),0.0483
KI67 1 in 200 run5.ndpi,Annotation (germinal_center),0.0541
KI67 1 in 200 run5.ndpi,Annotation (germinal_center),0.0411
KI67 1 in 200 run5.ndpi,Annotation (germinal_center),0.0523
KI67 1 in 200 run5.ndpi,Annotation (germinal_center),0.0804
KI67 1 in 200 run5.ndpi,Annotation (germinal_center),0.0433
KI67 1 in 200 run5.ndpi,Annotation (germinal_center),0.0403
KI67 1 in 200 run5.ndpi,Annotation (germinal_center),0.038
KI67 1 in 200 run5.ndpi,Annotation (germinal_center),0.0385
KI67 1 in 200 run5.ndpi,Annotation (germinal_center),0.0464
KI67 1 in 200 run5.ndpi,Annotation (germinal_center),0.0334
KI67 1 in 200 run5.ndpi,Annotation (germinal_center),0.0374
KI67 1 in 200 run5.ndpi,Annotation (germinal_center),0.06
KI67 1 in 200 run5.ndpi,Annotation (germinal_center),0.0367
KI67 1 in 200 run5.ndpi,Annotation (germinal_center),0.0458
KI67 1 in 200 run5.ndpi,Annotation (germinal_center),0.0859
KI67 1 in 200 run5.ndpi,Annotation (germinal_center),0.0421
KI67 1 in 200 run5.ndpi,Annotation (germinal_center),0.0439
KI67 1 in 200 run5.ndpi,Annotation (germinal_center),0.0397
KI67 1 in 200 run5.ndpi,Annotation (germinal_center),0.0371
KI67 1 in 200 run5.ndpi,Annotation (germinal_center),0.0442
KI67 1 in 200 run5.ndpi,Annotation (germinal_center),0.1192
KI67 1 in 200 run5.ndpi,Annotation (germinal_center),0.0424
KI67 1 in 200 run5.ndpi,Annotation (germinal_center),0.0714
KI67 1 in 200 run5.ndpi,Annotation (germinal_center),0.0384
KI67 1 in 200 run5.ndpi,Annotation (germinal_center),0.0507
KI67 1 in 200 run5.ndpi,Annotation (germinal_center),0.0786
KI67 1 in 200 run5.ndpi,Annotation (germinal_center),0.0478
KI67 1 in 200 run5.ndpi,Annotation (germinal_center),0.0334
KI67 1 in 200 run5.ndpi,Annotation (germinal_center),0.0546
KI67 1 in 200 run5.ndpi,Annotation (germinal_center),0.0465
KI67 1 in 200 run5.ndpi,Annotation (germinal_center),0.0627
KI67 1 in 200 run5.ndpi,Annotation (germinal_center),0.0475
KI67 1 in 200 run5.ndpi,Annotation (germinal_center),0.0683
KI67 1 in 200 run5.ndpi,Annotation (germinal_center),0.0464
KI67 1 in 200 run5.ndpi,Annotation (germinal_center),0.0907
KI67 1 in 200 run5.ndpi,Annotation (germinal_center),0.0504
KI67 1 in 200 run5.ndpi,Annotation (germinal_center),0.052
KI67 1 in 200 run5.ndpi,Annotation (germinal_center),0.0411
KI67 1 in 200 run5.ndpi,Annotation (germinal_center),0.0407
KI67 1 in 200 run5.ndpi,Annotation (germinal_center),0.0611
KI67 1 in 200 run5.ndpi,Annotation (germinal_center),0.0414
KI67 1 in 200 run5.ndpi,Annotation (germinal_center),0.0481
KI67 1 in 200 run5.ndpi,Annotation (germinal_center),0.0461
KI67 1 in 200 run5.ndpi,Annotation (germinal_center),0.0568
KI67 1 in 200 run5.ndpi,Annotation (germinal_center),0.0384
KI67 1 in 200 run5.ndpi,Annotation (germinal_center),0.051
KI67 1 in 200 run5.ndpi,Annotation (germinal_center),0.0301
KI67 1 in 200 run5.ndpi,Annotation (germinal_center),0.0467
KI67 1 in 200 run5.ndpi,Annotation (germinal_center),0.0349
KI67 1 in 200 run5.ndpi,Annotation (germinal_center),0.0563
KI67 1 in 200 run5.ndpi,Annotation (germinal_center),0.0711
KI67 1 in 200 run5.ndpi,Annotation (germinal_center),0.0355
KI67 1 in 200 run5.ndpi,Annotation (germinal_center),0.054
KI67 1 in 200 run5.ndpi,Annotation (germinal_center),0.0701
KI67 1 in 200 run5.ndpi,Annotation (germinal_center),0.0895
KI67 1 in 200 run5.ndpi,Annotation (germinal_center),0.0502
KI67 1 in 200 run5.ndpi,Annotation (germinal_center),0.038
KI67 1 in 200 run5.ndpi,Annotation (germinal_center),0.0471
KI67 1 in 200 run5.ndpi,Annotation (germinal_center),0.0511
KI67 1 in 200 run5.ndpi,Annotation (germinal_center),0.0542
KI67 1 in 200 run5.ndpi,Annotation (germinal_center),0.055
KI67 1 in 200 run5.ndpi,Annotation (germinal_center),0.0567
KI67 1 in 200 run5.ndpi,Annotation (germinal_center),0.0376
KI67 1 in 200 run5.ndpi,Annotation (germinal_center),0.0476
KI67 1 in 200 run5.ndpi,Annotation (germinal_center),0.133
KI67 1 in 200 run5.ndpi,Annotation (germinal_center),0.0593
KI67 1 in 200 run5.ndpi,Annotation (germinal_center),0.0626
KI67 1 in 200 run5.ndpi,Annotation (germinal_center),0.0728
KI67 1 in 200 run5.ndpi,Annotation (germinal_center),0.0393
KI67 1 in 200 run5.ndpi,Annotation (germinal_center),0.0475
KI67 1 in 200 run5.ndpi,Annotation (germinal_center),0.0403
KI67 1 in 200 run5.ndpi,Annotation (germinal_center),0.0415
KI67 1 in 200 run5.ndpi,Annotation (germinal_center),0.0173
KI67 1 in 200 run5.ndpi,Annotation (germinal_center),0.0579
KI67 1 in 200 run5.ndpi,Annotation (germinal_center),0.0506
KI67 1 in 200 run5.ndpi,Annotation (germinal_center),0.0383
KI67 1 in 200 run5.ndpi,Annotation (germinal_center),0.0338
KI67 1 in 200 run5.ndpi,Annotation (germinal_center),0.0483
KI67 1 in 200 run5.ndpi,Annotation (germinal_center),0.0564
KI67 1 in 200 run5.ndpi,Annotation (germinal_center),0.0384
KI67 1 in 200 run5.ndpi,Annotation (germinal_center),0.0351
KI67 1 in 200 run5.ndpi,Annotation (germinal_center),0.0558
KI67 1 in 200 run5.ndpi,Annotation (germinal_center),0.0281
KI67 1 in 200 run5.ndpi,Annotation (germinal_center),0.0453
KI67 1 in 200 run5.ndpi,Annotation (germinal_center),0.0638
KI67 1 in 200 run5.ndpi,Annotation (germinal_center),0.0442
KI67 1 in 200 run5.ndpi,Annotation (germinal_center),0.0372
KI67 1 in 200 run5.ndpi,Annotation (germinal_center),0.0411
KI67 1 in 200 run5.ndpi,Annotation (germinal_center),0.0491
KI67 1 in 200 run5.ndpi,Annotation (germinal_center),0.0407
KI67 1 in 200 run5.ndpi,Annotation (germinal_center),0.0445
KI67 1 in 200 run5.ndpi,Annotation (germinal_center),0.0367
KI67 1 in 200 run5.ndpi,Annotation (germinal_center),0.0459
KI67 1 in 200 run5.ndpi,Annotation (germinal_center),0.0414
KI67 1 in 200 run5.ndpi,Annotation (germinal_center),0.0402
KI67 1 in 200 run5.ndpi,Annotation (germinal_center),0.0659
KI67 1 in 200 run5.ndpi,Annotation (germinal_center),0.063
KI67 1 in 200 run5.ndpi,Annotation (germinal_center),0.0368
KI67 1 in 200 run5.ndpi,Annotation (germinal_center),0.063
KI67 1 in 200 run5.ndpi,Annotation (germinal_center),0.0702
KI67 1 in 200 run5.ndpi,Annotation (germinal_center),0.0652
KI67 1 in 200 run5.ndpi,Annotation (germinal_center),0.066
KI67 1 in 200 run5.ndpi,Annotation (germinal_center),0.0551
KI67 1 in 200 run5.ndpi,Annotation (germinal_center),0.0586
KI67 1 in 200 run5.ndpi,Annotation (germinal_center),0.0487
KI67 1 in 200 run5.ndpi,Annotation (germinal_center),0.0686
KI67 1 in 200 run5.ndpi,Annotation (germinal_center),0.0481
KI67 1 in 200 run5.ndpi,Annotation (germinal_center),0.0393
KI67 1 in 200 run5.ndpi,Annotation (germinal_center),0.0905
KI67 1 in 200 run5.ndpi,Annotation (germinal_center),0.0513
KI67 1 in 200 run5.ndpi,Annotation (germinal_center),0.0563
KI67 1 in 200 run5.ndpi,Annotation (germinal_center),0.0573
KI67 1 in 200 run5.ndpi,Annotation (germinal_center),0.0957
KI67 1 in 200 run5.ndpi,Annotation (germinal_center),0.0557
KI67 1 in 200 run5.ndpi,Annotation (germinal_center),0.0443
KI67 1 in 200 run5.ndpi,Annotation (germinal_center),0.07
KI67 1 in 200 run5.ndpi,Annotation (germinal_center),0.0454
KI67 1 in 200 run5.ndpi,Annotation (germinal_center),0.0511
KI67 1 in 200 run5.ndpi,Annotation (germinal_center),0.0416
KI67 1 in 200 run5.ndpi,Annotation (germinal_center),0.0498
KI67 1 in 200 run5.ndpi,Annotation (germinal_center),0.052
KI67 1 in 200 run5.ndpi,Annotation (germinal_center),0.0459
KI67 1 in 200 run5.ndpi,Annotation (germinal_center),0.0396
KI67 1 in 200 run5.ndpi,Annotation (germinal_center),0.062
KI67 1 in 200 run5.ndpi,Annotation (germinal_center),0.073
KI67 1 in 200 run5.ndpi,Annotation (germinal_center),0.0456
KI67 1 in 200 run5.ndpi,Annotation (germinal_center),0.0387
KI67 1 in 200 run5.ndpi,Annotation (germinal_center),0.0472
KI67 1 in 200 run5.ndpi,Annotation (germinal_center),0.0591
KI67 1 in 200 run5.ndpi,Annotation (germinal_center),0.0363
KI67 1 in 200 run5.ndpi,Annotation (germinal_center),0.0807
KI67 1 in 200 run5.ndpi,Annotation (germinal_center),0.0571
KI67 1 in 200 run5.ndpi,Annotation (germinal_center),0.0594
KI67 1 in 200 run5.ndpi,Annotation (germinal_center),0.0384
KI67 1 in 200 run5.ndpi,Annotation (germinal_center),0.0403
KI67 1 in 200 run5.ndpi,Annotation (germinal_center),0.0421
KI67 1 in 200 run5.ndpi,Annotation (germinal_center),0.0443
KI67 1 in 200 run5.ndpi,Annotation (germinal_center),0.0517
KI67 1 in 200 run5.ndpi,Annotation (germinal_center),0.0351
KI67 1 in 200 run5.ndpi,Annotation (germinal_center),0.0513
KI67 1 in 200 run5.ndpi,Annotation (germinal_center),0.0347
KI67 1 in 200 run5.ndpi,Annotation (germinal_center),0.0269
KI67 1 in 200 run5.ndpi,Annotation (germinal_center),0.0415
KI67 1 in 200 run5.ndpi,Annotation (germinal_center),0.041
KI67 1 in 200 run5.ndpi,Annotation (germinal_center),0.0417
KI67 1 in 200 run5.ndpi,Annotation (germinal_center),0.0357
KI67 1 in 200 run5.ndpi,Annotation (germinal_center),0.0676
KI67 1 in 200 run5.ndpi,Annotation (germinal_center),0.0462
KI67 1 in 200 run5.ndpi,Annotation (germinal_center),0.0625
KI67 1 in 200 run5.ndpi,Annotation (germinal_center),0.0424
KI67 1 in 200 run5.ndpi,Annotation (germinal_center),0.0242
KI67 1 in 200 run5.ndpi,Annotation (germinal_center),0.1005
KI67 1 in 200 run5.ndpi,Annotation (germinal_center),0.0913
KI67 1 in 200 run5.ndpi,Annotation (germinal_center),0.0386
KI67 1 in 200 run5.ndpi,Annotation (germinal_center),0.0759
KI67 1 in 200 run5.ndpi,Annotation (germinal_center),0.0538
KI67 1 in 200 run5.ndpi,Annotation (germinal_center),0.0504
KI67 1 in 200 run5.ndpi,Annotation (germinal_center),0.0372
KI67 1 in 200 run5.ndpi,Annotation (germinal_center),0.0351
KI67 1 in 200 run5.ndpi,Annotation (germinal_center),0.0377
KI67 1 in 200 run5.ndpi,Annotation (germinal_center),0.0762
KI67 1 in 200 run5.ndpi,Annotation (germinal_center),0.0367
KI67 1 in 200 run5.ndpi,Annotation (germinal_center),0.0575
KI67 1 in 200 run5.ndpi,Annotation (germinal_center),0.049
KI67 1 in 200 run5.ndpi,Annotation (germinal_center),0.0508
KI67 1 in 200 run5.ndpi,Annotation (germinal_center),0.0432
KI67 1 in 200 run5.ndpi,Annotation (germinal_center),0.0595
KI67 1 in 200 run5.ndpi,Annotation (germinal_center),0.0477
KI67 1 in 200 run5.ndpi,Annotation (germinal_center),0.0416
KI67 1 in 200 run5.ndpi,Annotation (germinal_center),0.057
KI67 1 in 200 run5.ndpi,Annotation (germinal_center),0.0391
KI67 1 in 200 run5.ndpi,Annotation (germinal_center),0.0452
KI67 1 in 200 run5.ndpi,Annotation (germinal_center),0.0508
KI67 1 in 200 run5.ndpi,Annotation (germinal_center),0.0896
KI67 1 in 200 run5.ndpi,Annotation (germinal_center),0.0614
KI67 1 in 200 run5.ndpi,Annotation (germinal_center),0.0286
KI67 1 in 200 run5.ndpi,Annotation (germinal_center),0.0483
KI67 1 in 200 run5.ndpi,Annotation (germinal_center),0.0563
KI67 1 in 200 run5.ndpi,Annotation (germinal_center),0.0632
KI67 1 in 200 run5.ndpi,Annotation (germinal_center),0.0621
KI67 1 in 200 run5.ndpi,Annotation (germinal_center),0.0784
KI67 1 in 200 run5.ndpi,Annotation (germinal_center),0.0484
KI67 1 in 200 run5.ndpi,Annotation (germinal_center),0.0531
KI67 1 in 200 run5.ndpi,Annotation (germinal_center),0.037
KI67 1 in 200 run5.ndpi,Annotation (germinal_center),0.0746
KI67 1 in 200 run5.ndpi,Annotation (germinal_center),0.0435
KI67 1 in 200 run5.ndpi,Annotation (germinal_center),0.04
KI67 1 in 200 run5.ndpi,Annotation (germinal_center),0.042
KI67 1 in 200 run5.ndpi,Annotation (germinal_center),0.0419
KI67 1 in 200 run5.ndpi,Annotation (germinal_center),0.0916
KI67 1 in 200 run5.ndpi,Annotation (germinal_center),0.0698
KI67 1 in 200 run5.ndpi,Annotation (germinal_center),0.08
KI67 1 in 200 run5.ndpi,Annotation (germinal_center),0.0701
KI67 1 in 200 run5.ndpi,Annotation (germinal_center),0.0313
KI67 1 in 200 run5.ndpi,Annotation (germinal_center),0.0652
KI67 1 in 200 run5.ndpi,Annotation (germinal_center),0.0924
KI67 1 in 200 run5.ndpi,Annotation (germinal_center),0.0396
KI67 1 in 200 run5.ndpi,Annotation (germinal_center),0.0705
KI67 1 in 200 run5.ndpi,Annotation (germinal_center),0.0561
KI67 1 in 200 run5.ndpi,Annotation (germinal_center),0.0506
KI67 1 in 200 run5.ndpi,Annotation (germinal_center),0.079
KI67 1 in 200 run5.ndpi,Annotation (germinal_center),0.0452
KI67 1 in 200 run5.ndpi,Annotation (germinal_center),0.0665
KI67 1 in 200 run5.ndpi,Annotation (germinal_center),0.0378
KI67 1 in 200 run5.ndpi,Annotation (germinal_center),0.0456
KI67 1 in 200 run5.ndpi,Annotation (germinal_center),0.0396
KI67 1 in 200 run5.ndpi,Annotation (germinal_center),0.0586
KI67 1 in 200 run5.ndpi,Annotation (germinal_center),0.0669
KI67 1 in 200 run5.ndpi,Annotation (germinal_center),0.0327
KI67 1 in 200 run5.ndpi,Annotation (germinal_center),0.071
KI67 1 in 200 run5.ndpi,Annotation (germinal_center),0.0689
KI67 1 in 200 run5.ndpi,Annotation (germinal_center),0.0432
KI67 1 in 200 run5.ndpi,Annotation (germinal_center),0.0366
KI67 1 in 200 run5.ndpi,Annotation (germinal_center),0.0524
KI67 1 in 200 run5.ndpi,Annotation (germinal_center),0.0836
KI67 1 in 200 run5.ndpi,Annotation (germinal_center),0.0633
KI67 1 in 200 run5.ndpi,Annotation (germinal_center),0.0544
KI67 1 in 200 run5.ndpi,Annotation (germinal_center),0.0493
KI67 1 in 200 run5.ndpi,Annotation (germinal_center),0.0289
KI67 1 in 200 run5.ndpi,Annotation (germinal_center),0.0594
KI67 1 in 200 run5.ndpi,Annotation (germinal_center),0.0506
KI67 1 in 200 run5.ndpi,Annotation (germinal_center),0.0805
KI67 1 in 200 run5.ndpi,Annotation (germinal_center),0.0397
KI67 1 in 200 run5.ndpi,Annotation (germinal_center),0.0367
KI67 1 in 200 run5.ndpi,Annotation (germinal_center),0.0768
KI67 1 in 200 run5.ndpi,Annotation (germinal_center),0.0502
KI67 1 in 200 run5.ndpi,Annotation (germinal_center),0.0435
KI67 1 in 200 run5.ndpi,Annotation (germinal_center),0.0298
KI67 1 in 200 run5.ndpi,Annotation (germinal_center),0.0625
KI67 1 in 200 run5.ndpi,Annotation (germinal_center),0.038
KI67 1 in 200 run5.ndpi,Annotation (germinal_center),0.062
KI67 1 in 200 run5.ndpi,Annotation (germinal_center),0.0469
KI67 1 in 200 run5.ndpi,Annotation (germinal_center),0.0409
KI67 1 in 200 run5.ndpi,Annotation (germinal_center),0.0728
KI67 1 in 200 run5.ndpi,Annotation (germinal_center),0.0896
KI67 1 in 200 run5.ndpi,Annotation (germinal_center),0.0681
KI67 1 in 200 run5.ndpi,Annotation (germinal_center),0.039
KI67 1 in 200 run5.ndpi,Annotation (germinal_center),0.0418
KI67 1 in 200 run5.ndpi,Annotation (germinal_center),0.0684
KI67 1 in 200 run5.ndpi,Annotation (germinal_center),0.0402
KI67 1 in 200 run5.ndpi,Annotation (germinal_center),0.0516
KI67 1 in 200 run5.ndpi,Annotation (germinal_center),0.032
KI67 1 in 200 run5.ndpi,Annotation (germinal_center),0.0676
KI67 1 in 200 run5.ndpi,Annotation (germinal_center),0.0361
KI67 1 in 200 run5.ndpi,Annotation (germinal_center),0.0594
KI67 1 in 200 run5.ndpi,Annotation (germinal_center),0.068
KI67 1 in 200 run5.ndpi,Annotation (germinal_center),0.0356
KI67 1 in 200 run5.ndpi,Annotation (germinal_center),0.0779
KI67 1 in 200 run5.ndpi,Annotation (germinal_center),0.0479
KI67 1 in 200 run5.ndpi,Annotation (germinal_center),0.0548
KI67 1 in 200 run5.ndpi,Annotation (germinal_center),0.0707
KI67 1 in 200 run5.ndpi,Annotation (germinal_center),0.08
KI67 1 in 200 run5.ndpi,Annotation (germinal_center),0.056
KI67 1 in 200 run5.ndpi,Annotation (germinal_center),0.0409
KI67 1 in 200 run5.ndpi,Annotation (germinal_center),0.0691
KI67 1 in 200 run5.ndpi,Annotation (germinal_center),0.0292
KI67 1 in 200 run5.ndpi,Annotation (germinal_center),0.0629
KI67 1 in 200 run5.ndpi,Annotation (germinal_center),0.06
KI67 1 in 200 run5.ndpi,Annotation (germinal_center),0.0539
KI67 1 in 200 run5.ndpi,Annotation (germinal_center),0.0622
KI67 1 in 200 run5.ndpi,Annotation (germinal_center),0.1891
KI67 1 in 200 run5.ndpi,Annotation (germinal_center),0.0816
KI67 1 in 200 run5.ndpi,Annotation (germinal_center),0.0441
KI67 1 in 200 run5.ndpi,Annotation (germinal_center),0.0816
KI67 1 in 200 run5.ndpi,Annotation (germinal_center),0.0461
KI67 1 in 200 run5.ndpi,Annotation (germinal_center),0.0412
KI67 1 in 200 run5.ndpi,Annotation (germinal_center),0.0609
KI67 1 in 200 run5.ndpi,Annotation (germinal_center),0.0578
KI67 1 in 200 run5.ndpi,Annotation (germinal_center),0.0546
KI67 1 in 200 run5.ndpi,Annotation (germinal_center),0.0506
KI67 1 in 200 run5.ndpi,Annotation (germinal_center),0.0432
KI67 1 in 200 run5.ndpi,Annotation (germinal_center),0.0228
KI67 1 in 200 run5.ndpi,Annotation (germinal_center),0.0401
KI67 1 in 200 run5.ndpi,Annotation (germinal_center),0.0758
KI67 1 in 200 run5.ndpi,Annotation (germinal_center),0.0677
KI67 1 in 200 run5.ndpi,Annotation (germinal_center),0.0216
KI67 1 in 200 run5.ndpi,Annotation (germinal_center),0.0598
KI67 1 in 200 run5.ndpi,Annotation (germinal_center),0.042
KI67 1 in 200 run5.ndpi,Annotation (germinal_center),0.0435
KI67 1 in 200 run5.ndpi,Annotation (germinal_center),0.0644
KI67 1 in 200 run5.ndpi,Annotation (germinal_center),0.0613
KI67 1 in 200 run5.ndpi,Annotation (germinal_center),0.0359
KI67 1 in 200 run5.ndpi,Annotation (germinal_center),0.0695
KI67 1 in 200 run5.ndpi,Annotation (germinal_center),0.0336
KI67 1 in 200 run5.ndpi,Annotation (germinal_center),0.0365
KI67 1 in 200 run5.ndpi,Annotation (germinal_center),0.0353
KI67 1 in 200 run5.ndpi,Annotation (germinal_center),0.0503
KI67 1 in 200 run5.ndpi,Annotation (germinal_center),0.0236
KI67 1 in 200 run5.ndpi,Annotation (germinal_center),0.0416
KI67 1 in 200 run5.ndpi,Annotation (germinal_center),0.0591
KI67 1 in 200 run5.ndpi,Annotation (germinal_center),0.0639
KI67 1 in 200 run5.ndpi,Annotation (germinal_center),0.0533
KI67 1 in 200 run5.ndpi,Annotation (germinal_center),0.0472
KI67 1 in 200 run5.ndpi,Annotation (germinal_center),0.0613
KI67 1 in 200 run5.ndpi,Annotation (germinal_center),0.0287
KI67 1 in 200 run5.ndpi,Annotation (germinal_center),0.047
KI67 1 in 200 run5.ndpi,Annotation (germinal_center),0.0651
KI67 1 in 200 run5.ndpi,Annotation (germinal_center),0.0497
KI67 1 in 200 run5.ndpi,Annotation (germinal_center),0.0448
KI67 1 in 200 run5.ndpi,Annotation (germinal_center),0.0559
KI67 1 in 200 run5.ndpi,Annotation (germinal_center),0.0368
KI67 1 in 200 run5.ndpi,Annotation (germinal_center),0.0289
KI67 1 in 200 run5.ndpi,Annotation (germinal_center),0.0616
KI67 1 in 200 run5.ndpi,Annotation (germinal_center),0.0619
KI67 1 in 200 run5.ndpi,Annotation (germinal_center),0.0689
KI67 1 in 200 run5.ndpi,Annotation (germinal_center),0.0594
KI67 1 in 200 run5.ndpi,Annotation (germinal_center),0.0804
KI67 1 in 200 run5.ndpi,Annotation (germinal_center),0.0416
KI67 1 in 200 run5.ndpi,Annotation (germinal_center),0.0343
KI67 1 in 200 run5.ndpi,Annotation (germinal_center),0.0303
KI67 1 in 200 run5.ndpi,Annotation (germinal_center),0.029
KI67 1 in 200 run5.ndpi,Annotation (germinal_center),0.0651
KI67 1 in 200 run5.ndpi,Annotation (germinal_center),0.0482
KI67 1 in 200 run5.ndpi,Annotation (germinal_center),0.0403
KI67 1 in 200 run5.ndpi,Annotation (germinal_center),0.0366
KI67 1 in 200 run5.ndpi,Annotation (germinal_center),0.0421
KI67 1 in 200 run5.ndpi,Annotation (germinal_center),0.0491
KI67 1 in 200 run5.ndpi,Annotation (germinal_center),0.0408
KI67 1 in 200 run5.ndpi,Annotation (germinal_center),0.0503
KI67 1 in 200 run5.ndpi,Annotation (germinal_center),0.0516
KI67 1 in 200 run5.ndpi,Annotation (germinal_center),0.0697
KI67 1 in 200 run5.ndpi,Annotation (germinal_center),0.0623
KI67 1 in 200 run5.ndpi,Annotation (germinal_center),0.0337
KI67 1 in 200 run5.ndpi,Annotation (germinal_center),0.0477
KI67 1 in 200 run5.ndpi,Annotation (germinal_center),0.0509
KI67 1 in 200 run5.ndpi,Annotation (germinal_center),0.0376
KI67 1 in 200 run5.ndpi,Annotation (germinal_center),0.0384
KI67 1 in 200 run5.ndpi,Annotation (germinal_center),0.0746
KI67 1 in 200 run5.ndpi,Annotation (germinal_center),0.0336
KI67 1 in 200 run5.ndpi,Annotation (germinal_center),0.0493
KI67 1 in 200 run5.ndpi,Annotation (germinal_center),0.0462
KI67 1 in 200 run5.ndpi,Annotation (germinal_center),
KI67 1 in 200 run5.ndpi,Annotation (germinal_center),0.0656
KI67 1 in 200 run5.ndpi,Annotation (germinal_center),0.0394
KI67 1 in 200 run5.ndpi,Annotation (germinal_center),0.0417
KI67 1 in 200 run5.ndpi,Annotation (germinal_center),0.064
KI67 1 in 200 run5.ndpi,Annotation (germinal_center),0.0364
KI67 1 in 200 run5.ndpi,Annotation (germinal_center),0.1147
KI67 1 in 200 run5.ndpi,Annotation (germinal_center),0.0518
KI67 1 in 200 run5.ndpi,Annotation (germinal_center),0.0539
KI67 1 in 200 run5.ndpi,Annotation (germinal_center),0.0449
KI67 1 in 200 run5.ndpi,Annotation (germinal_center),0.0582
KI67 1 in 200 run5.ndpi,Annotation (germinal_center),0.0879
KI67 1 in 200 run5.ndpi,Annotation (germinal_center),0.0635
KI67 1 in 200 run5.ndpi,Annotation (germinal_center),0.0799
KI67 1 in 200 run5.ndpi,Annotation (germinal_center),0.0473
KI67 1 in 200 run5.ndpi,Annotation (germinal_center),0.0495
KI67 1 in 200 run5.ndpi,Annotation (germinal_center),0.0636
KI67 1 in 200 run5.ndpi,Annotation (germinal_center),0.0733
KI67 1 in 200 run5.ndpi,Annotation (germinal_center),0.0492
KI67 1 in 200 run5.ndpi,Annotation (germinal_center),0.0611
KI67 1 in 200 run5.ndpi,Annotation (germinal_center),0.0486
KI67 1 in 200 run5.ndpi,Annotation (germinal_center),0.0514
KI67 1 in 200 run5.ndpi,Annotation (germinal_center),0.0496
KI67 1 in 200 run5.ndpi,Annotation (germinal_center),0.1081
KI67 1 in 200 run5.ndpi,Annotation (germinal_center),0.0436
KI67 1 in 200 run5.ndpi,Annotation (germinal_center),0.0433
KI67 1 in 200 run5.ndpi,Annotation (germinal_center),0.0533
KI67 1 in 200 run5.ndpi,Annotation (germinal_center),0.0619
KI67 1 in 200 run5.ndpi,Annotation (germinal_center),0.048
KI67 1 in 200 run5.ndpi,Annotation (germinal_center),0.0272
KI67 1 in 200 run5.ndpi,Annotation (germinal_center),0.0687
KI67 1 in 200 run5.ndpi,Annotation (germinal_center),0.07
KI67 1 in 200 run5.ndpi,Annotation (germinal_center),0.0357
KI67 1 in 200 run5.ndpi,Annotation (germinal_center),0.0583
KI67 1 in 200 run5.ndpi,Annotation (germinal_center),0.0445
KI67 1 in 200 run5.ndpi,Annotation (germinal_center),0.0403
KI67 1 in 200 run5.ndpi,Annotation (germinal_center),0.0446
KI67 1 in 200 run5.ndpi,Annotation (germinal_center),0.0451
KI67 1 in 200 run5.ndpi,Annotation (germinal_center),0.0391
KI67 1 in 200 run5.ndpi,Annotation (germinal_center),0.0629
KI67 1 in 200 run5.ndpi,Annotation (germinal_center),0.0559
KI67 1 in 200 run5.ndpi,Annotation (germinal_center),0.0328
KI67 1 in 200 run5.ndpi,Annotation (germinal_center),0.0447
KI67 1 in 200 run5.ndpi,Annotation (germinal_center),0.0524
KI67 1 in 200 run5.ndpi,Annotation (germinal_center),0.0435
KI67 1 in 200 run5.ndpi,Annotation (germinal_center),0.0395
KI67 1 in 200 run5.ndpi,Annotation (germinal_center),0.1074
KI67 1 in 200 run5.ndpi,Annotation (germinal_center),0.0614
KI67 1 in 200 run5.ndpi,Annotation (germinal_center),0.0503
KI67 1 in 200 run5.ndpi,Annotation (germinal_center),0.0375
KI67 1 in 200 run5.ndpi,Annotation (germinal_center),0.0598
KI67 1 in 200 run5.ndpi,Annotation (germinal_center),0.0511
KI67 1 in 200 run5.ndpi,Annotation (germinal_center),0.0394
KI67 1 in 200 run5.ndpi,Annotation (germinal_center),0.0578
KI67 1 in 200 run5.ndpi,Annotation (germinal_center),0.0489
KI67 1 in 200 run5.ndpi,Annotation (germinal_center),0.0721
KI67 1 in 200 run5.ndpi,Annotation (germinal_center),0.0515
KI67 1 in 200 run5.ndpi,Annotation (germinal_center),0.0644
KI67 1 in 200 run5.ndpi,Annotation (germinal_center),0.0398
KI67 1 in 200 run5.ndpi,Annotation (germinal_center),0.034
KI67 1 in 200 run5.ndpi,Annotation (germinal_center),0.044
KI67 1 in 200 run5.ndpi,Annotation (germinal_center),0.0525
KI67 1 in 200 run5.ndpi,Annotation (germinal_center),0.0461
KI67 1 in 200 run5.ndpi,Annotation (germinal_center),0.046
KI67 1 in 200 run5.ndpi,Annotation (germinal_center),0.0372
KI67 1 in 200 run5.ndpi,Annotation (germinal_center),0.0391
KI67 1 in 200 run5.ndpi,Annotation (germinal_center),0.0714
KI67 1 in 200 run5.ndpi,Annotation (germinal_center),0.0464
KI67 1 in 200 run5.ndpi,Annotation (germinal_center),0.0432
KI67 1 in 200 run5.ndpi,Annotation (germinal_center),0.0377
KI67 1 in 200 run5.ndpi,Annotation (germinal_center),0.04
KI67 1 in 200 run5.ndpi,Annotation (germinal_center),0.0819
KI67 1 in 200 run5.ndpi,Annotation (germinal_center),0.0614
KI67 1 in 200 run5.ndpi,Annotation (germinal_center),0.0544
KI67 1 in 200 run5.ndpi,Annotation (germinal_center),0.0668
KI67 1 in 200 run5.ndpi,Annotation (germinal_center),0.0545
KI67 1 in 200 run5.ndpi,Annotation (germinal_center),0.0552
KI67 1 in 200 run5.ndpi,Annotation (germinal_center),0.0439
KI67 1 in 200 run5.ndpi,Annotation (germinal_center),0.0703
KI67 1 in 200 run5.ndpi,Annotation (germinal_center),0.0678
KI67 1 in 200 run5.ndpi,Annotation (germinal_center),0.0472
KI67 1 in 200 run5.ndpi,Annotation (germinal_center),0.0928
KI67 1 in 200 run5.ndpi,Annotation (germinal_center),0.0363
KI67 1 in 200 run5.ndpi,Annotation (germinal_center),0.0461
KI67 1 in 200 run5.ndpi,Annotation (germinal_center),0.0368
KI67 1 in 200 run5.ndpi,Annotation (germinal_center),0.0848
KI67 1 in 200 run5.ndpi,Annotation (germinal_center),0.0517
KI67 1 in 200 run5.ndpi,Annotation (germinal_center),0.0477
KI67 1 in 200 run5.ndpi,Annotation (germinal_center),0.0341
KI67 1 in 200 run5.ndpi,Annotation (germinal_center),0.0558
KI67 1 in 200 run5.ndpi,Annotation (germinal_center),0.0517
KI67 1 in 200 run5.ndpi,Annotation (germinal_center),0.0426
KI67 1 in 200 run5.ndpi,Annotation (germinal_center),0.0404
KI67 1 in 200 run5.ndpi,Annotation (germinal_center),0.0526
KI67 1 in 200 run5.ndpi,Annotation (germinal_center),0.0433
KI67 1 in 200 run5.ndpi,Annotation (germinal_center),0.0614
KI67 1 in 200 run5.ndpi,Annotation (germinal_center),0.0418
KI67 1 in 200 run5.ndpi,Annotation (germinal_center),
KI67 1 in 200 run5.ndpi,Annotation (germinal_center),0.0436
KI67 1 in 200 run5.ndpi,Annotation (germinal_center),0.0526
KI67 1 in 200 run5.ndpi,Annotation (germinal_center),0.0429
KI67 1 in 200 run5.ndpi,Annotation (germinal_center),0.0287
KI67 1 in 200 run5.ndpi,Annotation (germinal_center),0.0578
KI67 1 in 200 run5.ndpi,Annotation (germinal_center),0.0393
KI67 1 in 200 run5.ndpi,Annotation (germinal_center),0.0628
KI67 1 in 200 run5.ndpi,Annotation (germinal_center),0.0397
KI67 1 in 200 run5.ndpi,Annotation (germinal_center),0.0435
KI67 1 in 200 run5.ndpi,Annotation (germinal_center),0.0508
KI67 1 in 200 run5.ndpi,Annotation (germinal_center),0.0712
KI67 1 in 200 run5.ndpi,Annotation (germinal_center),0.0411
KI67 1 in 200 run5.ndpi,Annotation (germinal_center),0.0471
KI67 1 in 200 run5.ndpi,Annotation (germinal_center),0.0553
KI67 1 in 200 run5.ndpi,Annotation (germinal_center),0.0312
KI67 1 in 200 run5.ndpi,Annotation (germinal_center),0.049
KI67 1 in 200 run5.ndpi,Annotation (germinal_center),0.0484
KI67 1 in 200 run5.ndpi,Annotation (germinal_center),0.0371
KI67 1 in 200 run5.ndpi,Annotation (germinal_center),0.0426
KI67 1 in 200 run5.ndpi,Annotation (germinal_center),0.0487
KI67 1 in 200 run5.ndpi,Annotation (germinal_center),
KI67 1 in 200 run5.ndpi,Annotation (germinal_center),
KI67 1 in 200 run5.ndpi,Annotation (germinal_center),0.0261
KI67 1 in 200 run5.ndpi,Annotation (germinal_center),0.474
KI67 1 in 200 run5.ndpi,Annotation (germinal_center),0.1566
KI67 1 in 200 run5.ndpi,Annotation (germinal_center),0.0587
KI67 1 in 200 run5.ndpi,Annotation (germinal_center),0.092
KI67 1 in 200 run5.ndpi,Annotation (germinal_center),0.0713
KI67 1 in 200 run5.ndpi,Annotation (germinal_center),0.0672
KI67 1 in 200 run5.ndpi,Annotation (germinal_center),0.0391
KI67 1 in 200 run5.ndpi,Annotation (germinal_center),0.0701
KI67 1 in 200 run5.ndpi,Annotation (germinal_center),0.0636
KI67 1 in 200 run5.ndpi,Annotation (germinal_center),0.0783
KI67 1 in 200 run5.ndpi,Annotation (germinal_center),0.1048
KI67 1 in 200 run5.ndpi,Annotation (germinal_center),0.0705
KI67 1 in 200 run5.ndpi,Annotation (germinal_center),
KI67 1 in 200 run5.ndpi,Annotation (germinal_center),0.0311
KI67 1 in 200 run5.ndpi,Annotation (germinal_center),0.0838
KI67 1 in 200 run5.ndpi,Annotation (germinal_center),0.0574
KI67 1 in 200 run5.ndpi,Annotation (germinal_center),0.0675
KI67 1 in 200 run5.ndpi,Annotation (germinal_center),0.0759
KI67 1 in 200 run5.ndpi,Annotation (germinal_center),0.0729
KI67 1 in 200 run5.ndpi,Annotation (germinal_center),0.0821
KI67 1 in 200 run5.ndpi,Annotation (germinal_center),0.0658
KI67 1 in 200 run5.ndpi,Annotation (germinal_center),0.0655
KI67 1 in 200 run5.ndpi,Annotation (germinal_center),0.0753
KI67 1 in 200 run5.ndpi,Annotation (germinal_center),0.0648
KI67 1 in 200 run5.ndpi,Annotation (germinal_center),0.0755
KI67 1 in 200 run5.ndpi,Annotation (germinal_center),0.0509
KI67 1 in 200 run5.ndpi,Annotation (germinal_center),0.055
KI67 1 in 200 run5.ndpi,Annotation (germinal_center),0.0814
KI67 1 in 200 run5.ndpi,Annotation (germinal_center),0.0577
KI67 1 in 200 run5.ndpi,Annotation (germinal_center),0.0547
KI67 1 in 200 run5.ndpi,Annotation (germinal_center),0.1883
KI67 1 in 200 run5.ndpi,Annotation (germinal_center),0.0631
KI67 1 in 200 run5.ndpi,Annotation (germinal_center),0.072
KI67 1 in 200 run5.ndpi,Annotation (germinal_center),0.0651
KI67 1 in 200 run5.ndpi,Annotation (germinal_center),0.051
KI67 1 in 200 run5.ndpi,Annotation (germinal_center),0.0717
KI67 1 in 200 run5.ndpi,Annotation (germinal_center),0.069
KI67 1 in 200 run5.ndpi,Annotation (germinal_center),0.0835
KI67 1 in 200 run5.ndpi,Annotation (germinal_center),0.0721
KI67 1 in 200 run5.ndpi,Annotation (germinal_center),0.0701
KI67 1 in 200 run5.ndpi,Annotation (germinal_center),0.0635
KI67 1 in 200 run5.ndpi,Annotation (germinal_center),0.1079
KI67 1 in 200 run5.ndpi,Annotation (germinal_center),0.0902
KI67 1 in 200 run5.ndpi,Annotation (germinal_center),0.0963
KI67 1 in 200 run5.ndpi,Annotation (germinal_center),0.4099
KI67 1 in 200 run5.ndpi,Annotation (germinal_center),0.0445
KI67 1 in 200 run5.ndpi,Annotation (germinal_center),0.073
KI67 1 in 200 run5.ndpi,Annotation (germinal_center),0.0851
KI67 1 in 200 run5.ndpi,Annotation (germinal_center),0.0607
KI67 1 in 200 run5.ndpi,Annotation (germinal_center),0.0718
KI67 1 in 200 run5.ndpi,Annotation (germinal_center),0.0422
KI67 1 in 200 run5.ndpi,Annotation (germinal_center),0.0541
KI67 1 in 200 run5.ndpi,Annotation (germinal_center),0.0761
KI67 1 in 200 run5.ndpi,Annotation (germinal_center),0.08
KI67 1 in 200 run5.ndpi,Annotation (germinal_center),0.0708
KI67 1 in 200 run5.ndpi,Annotation (germinal_center),0.0561
KI67 1 in 200 run5.ndpi,Annotation (germinal_center),0.0727
KI67 1 in 200 run5.ndpi,Annotation (germinal_center),0.0677
KI67 1 in 200 run5.ndpi,Annotation (germinal_center),0.6095
KI67 1 in 200 run5.ndpi,Annotation (germinal_center),0.0778
KI67 1 in 200 run5.ndpi,Annotation (germinal_center),0.0619
KI67 1 in 200 run5.ndpi,Annotation (germinal_center),0.0615
KI67 1 in 200 run5.ndpi,Annotation (germinal_center),0.0625
KI67 1 in 200 run5.ndpi,Annotation (germinal_center),0.0782
KI67 1 in 200 run5.ndpi,Annotation (germinal_center),0.1005
KI67 1 in 200 run5.ndpi,Annotation (germinal_center),0.0819
KI67 1 in 200 run5.ndpi,Annotation (germinal_center),0.0628
KI67 1 in 200 run5.ndpi,Annotation (germinal_center),0.0692
KI67 1 in 200 run5.ndpi,Annotation (germinal_center),0.0563
KI67 1 in 200 run5.ndpi,Annotation (germinal_center),0.0483
KI67 1 in 200 run5.ndpi,Annotation (germinal_center),0.0576
KI67 1 in 200 run5.ndpi,Annotation (germinal_center),0.0342
KI67 1 in 200 run5.ndpi,Annotation (germinal_center),0.0435
KI67 1 in 200 run5.ndpi,Annotation (germinal_center),0.0735
KI67 1 in 200 run5.ndpi,Annotation (germinal_center),0.0745
KI67 1 in 200 run5.ndpi,Annotation (germinal_center),0.0771
KI67 1 in 200 run5.ndpi,Annotation (germinal_center),0.0341
KI67 1 in 200 run5.ndpi,Annotation (germinal_center),0.0821
KI67 1 in 200 run5.ndpi,Annotation (germinal_center),0.0466
KI67 1 in 200 run5.ndpi,Annotation (germinal_center),0.0802
KI67 1 in 200 run5.ndpi,Annotation (germinal_center),0.063
KI67 1 in 200 run5.ndpi,Annotation (germinal_center),0.057
KI67 1 in 200 run5.ndpi,Annotation (germinal_center),0.0798
KI67 1 in 200 run5.ndpi,Annotation (germinal_center),0.0793
KI67 1 in 200 run5.ndpi,Annotation (germinal_center),0.0579
KI67 1 in 200 run5.ndpi,Annotation (germinal_center),0.0933
KI67 1 in 200 run5.ndpi,Annotation (germinal_center),0.074
KI67 1 in 200 run5.ndpi,Annotation (germinal_center),0.0529
KI67 1 in 200 run5.ndpi,Annotation (germinal_center),0.1006
KI67 1 in 200 run5.ndpi,Annotation (germinal_center),0.0449
KI67 1 in 200 run5.ndpi,Annotation (germinal_center),0.0662
KI67 1 in 200 run5.ndpi,Annotation (germinal_center),0.0478
KI67 1 in 200 run5.ndpi,Annotation (germinal_center),0.0808
KI67 1 in 200 run5.ndpi,Annotation (germinal_center),0.0373
KI67 1 in 200 run5.ndpi,Annotation (germinal_center),0.075
KI67 1 in 200 run5.ndpi,Annotation (germinal_center),0.0369
KI67 1 in 200 run5.ndpi,Annotation (germinal_center),0.0718
KI67 1 in 200 run5.ndpi,Annotation (germinal_center),0.0919
KI67 1 in 200 run5.ndpi,Annotation (germinal_center),0.0408
KI67 1 in 200 run5.ndpi,Annotation (germinal_center),0.0546
KI67 1 in 200 run5.ndpi,Annotation (germinal_center),0.0511
KI67 1 in 200 run5.ndpi,Annotation (germinal_center),0.0445
KI67 1 in 200 run5.ndpi,Annotation (germinal_center),0.0682
KI67 1 in 200 run5.ndpi,Annotation (germinal_center),0.0714
KI67 1 in 200 run5.ndpi,Annotation (germinal_center),0.1013
KI67 1 in 200 run5.ndpi,Annotation (germinal_center),0.0771
KI67 1 in 200 run5.ndpi,Annotation (germinal_center),0.0674
KI67 1 in 200 run5.ndpi,Annotation (germinal_center),0.0733
KI67 1 in 200 run5.ndpi,Annotation (germinal_center),0.0644
KI67 1 in 200 run5.ndpi,Annotation (germinal_center),0.0603
KI67 1 in 200 run5.ndpi,Annotation (germinal_center),0.0327
KI67 1 in 200 run5.ndpi,Annotation (germinal_center),0.0765
KI67 1 in 200 run5.ndpi,Annotation (germinal_center),0.1128
KI67 1 in 200 run5.ndpi,Annotation (germinal_center),0.0283
KI67 1 in 200 run5.ndpi,Annotation (germinal_center),0.0774
KI67 1 in 200 run5.ndpi,Annotation (germinal_center),0.0841
KI67 1 in 200 run5.ndpi,Annotation (germinal_center),0.0448
KI67 1 in 200 run5.ndpi,Annotation (germinal_center),0.0883
KI67 1 in 200 run5.ndpi,Annotation (germinal_center),0.0243
KI67 1 in 200 run5.ndpi,Annotation (germinal_center),0.0468
KI67 1 in 200 run5.ndpi,Annotation (germinal_center),0.0575
KI67 1 in 200 run5.ndpi,Annotation (germinal_center),0.0314
KI67 1 in 200 run5.ndpi,Annotation (germinal_center),0.0511
KI67 1 in 200 run5.ndpi,Annotation (germinal_center),0.0624
KI67 1 in 200 run5.ndpi,Annotation (germinal_center),0.0641
KI67 1 in 200 run5.ndpi,Annotation (germinal_center),0.0913
KI67 1 in 200 run5.ndpi,Annotation (germinal_center),0.0567
KI67 1 in 200 run5.ndpi,Annotation (germinal_center),0.0871
KI67 1 in 200 run5.ndpi,Annotation (germinal_center),0.0417
KI67 1 in 200 run5.ndpi,Annotation (germinal_center),0.0651
KI67 1 in 200 run5.ndpi,Annotation (germinal_center),0.0899
KI67 1 in 200 run5.ndpi,Annotation (germinal_center),0.0415
KI67 1 in 200 run5.ndpi,Annotation (germinal_center),0.035
KI67 1 in 200 run5.ndpi,Annotation (germinal_center),0.0412
KI67 1 in 200 run5.ndpi,Annotation (germinal_center),0.0545
KI67 1 in 200 run5.ndpi,Annotation (germinal_center),0.0279
KI67 1 in 200 run5.ndpi,Annotation (germinal_center),0.0436
KI67 1 in 200 run5.ndpi,Annotation (germinal_center),0.0412
KI67 1 in 200 run5.ndpi,Annotation (germinal_center),0.0453
KI67 1 in 200 run5.ndpi,Annotation (germinal_center),0.0422
KI67 1 in 200 run5.ndpi,Annotation (germinal_center),0.0721
KI67 1 in 200 run5.ndpi,Annotation (germinal_center),0.0561
KI67 1 in 200 run5.ndpi,Annotation (germinal_center),0.0852
KI67 1 in 200 run5.ndpi,Annotation (germinal_center),0.0753
KI67 1 in 200 run5.ndpi,Annotation (germinal_center),0.0345
KI67 1 in 200 run5.ndpi,Annotation (germinal_center),0.074
KI67 1 in 200 run5.ndpi,Annotation (germinal_center),0.0551
KI67 1 in 200 run5.ndpi,Annotation (germinal_center),0.0343
KI67 1 in 200 run5.ndpi,Annotation (germinal_center),0.0601
KI67 1 in 200 run5.ndpi,Annotation (germinal_center),0.0702
KI67 1 in 200 run5.ndpi,Annotation (germinal_center),0.0377
KI67 1 in 200 run5.ndpi,Annotation (germinal_center),0.0683
KI67 1 in 200 run5.ndpi,Annotation (germinal_center),0.057
KI67 1 in 200 run5.ndpi,Annotation (germinal_center),0.0824
KI67 1 in 200 run5.ndpi,Annotation (germinal_center),0.0474
KI67 1 in 200 run5.ndpi,Annotation (germinal_center),0.0372
KI67 1 in 200 run5.ndpi,Annotation (germinal_center),0.0537
KI67 1 in 200 run5.ndpi,Annotation (germinal_center),0.094
KI67 1 in 200 run5.ndpi,Annotation (germinal_center),0.1032
KI67 1 in 200 run5.ndpi,Annotation (germinal_center),0.0693
KI67 1 in 200 run5.ndpi,Annotation (germinal_center),0.0555
KI67 1 in 200 run5.ndpi,Annotation (germinal_center),0.0575
KI67 1 in 200 run5.ndpi,Annotation (germinal_center),0.0379
KI67 1 in 200 run5.ndpi,Annotation (germinal_center),0.0577
KI67 1 in 200 run5.ndpi,Annotation (germinal_center),0.0532
KI67 1 in 200 run5.ndpi,Annotation (germinal_center),0.0409
KI67 1 in 200 run5.ndpi,Annotation (germinal_center),0.0688
KI67 1 in 200 run5.ndpi,Annotation (germinal_center),0.0426
KI67 1 in 200 run5.ndpi,Annotation (germinal_center),0.0611
KI67 1 in 200 run5.ndpi,Annotation (germinal_center),0.0665
KI67 1 in 200 run5.ndpi,Annotation (germinal_center),0.0575
KI67 1 in 200 run5.ndpi,Annotation (germinal_center),0.0501
KI67 1 in 200 run5.ndpi,Annotation (germinal_center),0.0477
KI67 1 in 200 run5.ndpi,Annotation (germinal_center),0.0863
KI67 1 in 200 run5.ndpi,Annotation (germinal_center),0.0471
KI67 1 in 200 run5.ndpi,Annotation (germinal_center),0.0611
KI67 1 in 200 run5.ndpi,Annotation (germinal_center),0.0767
KI67 1 in 200 run5.ndpi,Annotation (germinal_center),0.0479
KI67 1 in 200 run5.ndpi,Annotation (germinal_center),0.0469
KI67 1 in 200 run5.ndpi,Annotation (germinal_center),0.0508
KI67 1 in 200 run5.ndpi,Annotation (germinal_center),0.0708
KI67 1 in 200 run5.ndpi,Annotation (germinal_center),0.0511
KI67 1 in 200 run5.ndpi,Annotation (germinal_center),0.0633
KI67 1 in 200 run5.ndpi,Annotation (germinal_center),0.0647
KI67 1 in 200 run5.ndpi,Annotation (germinal_center),0.061
KI67 1 in 200 run5.ndpi,Annotation (germinal_center),0.0406
KI67 1 in 200 run5.ndpi,Annotation (germinal_center),0.0623
KI67 1 in 200 run5.ndpi,Annotation (germinal_center),0.0425
KI67 1 in 200 run5.ndpi,Annotation (germinal_center),0.0447
KI67 1 in 200 run5.ndpi,Annotation (germinal_center),0.0683
KI67 1 in 200 run5.ndpi,Annotation (germinal_center),0.0611
KI67 1 in 200 run5.ndpi,Annotation (germinal_center),0.0561
KI67 1 in 200 run5.ndpi,Annotation (germinal_center),0.0495
KI67 1 in 200 run5.ndpi,Annotation (germinal_center),0.0669
KI67 1 in 200 run5.ndpi,Annotation (germinal_center),0.0417
KI67 1 in 200 run5.ndpi,Annotation (germinal_center),0.0439
KI67 1 in 200 run5.ndpi,Annotation (germinal_center),0.0403
KI67 1 in 200 run5.ndpi,Annotation (germinal_center),0.0843
KI67 1 in 200 run5.ndpi,Annotation (germinal_center),0.0429
KI67 1 in 200 run5.ndpi,Annotation (germinal_center),0.0466
KI67 1 in 200 run5.ndpi,Annotation (germinal_center),0.0534
KI67 1 in 200 run5.ndpi,Annotation (germinal_center),0.0469
KI67 1 in 200 run5.ndpi,Annotation (germinal_center),0.0454
KI67 1 in 200 run5.ndpi,Annotation (germinal_center),0.0298
KI67 1 in 200 run5.ndpi,Annotation (germinal_center),0.0842
KI67 1 in 200 run5.ndpi,Annotation (germinal_center),0.0726
KI67 1 in 200 run5.ndpi,Annotation (germinal_center),0.0464
KI67 1 in 200 run5.ndpi,Annotation (germinal_center),0.0382
KI67 1 in 200 run5.ndpi,Annotation (germinal_center),0.0321
KI67 1 in 200 run5.ndpi,Annotation (germinal_center),0.0601
KI67 1 in 200 run5.ndpi,Annotation (germinal_center),0.0903
KI67 1 in 200 run5.ndpi,Annotation (germinal_center),0.0625
KI67 1 in 200 run5.ndpi,Annotation (germinal_center),0.061
KI67 1 in 200 run5.ndpi,Annotation (germinal_center),0.0462
KI67 1 in 200 run5.ndpi,Annotation (germinal_center),0.0397
KI67 1 in 200 run5.ndpi,Annotation (germinal_center),0.0472
KI67 1 in 200 run5.ndpi,Annotation (germinal_center),0.0294
KI67 1 in 200 run5.ndpi,Annotation (germinal_center),0.0589
KI67 1 in 200 run5.ndpi,Annotation (germinal_center),0.1011
KI67 1 in 200 run5.ndpi,Annotation (germinal_center),0.0575
KI67 1 in 200 run5.ndpi,Annotation (germinal_center),0.0599
KI67 1 in 200 run5.ndpi,Annotation (germinal_center),0.0614
KI67 1 in 200 run5.ndpi,Annotation (germinal_center),0.0464
KI67 1 in 200 run5.ndpi,Annotation (germinal_center),0.0522
KI67 1 in 200 run5.ndpi,Annotation (germinal_center),0.0206
KI67 1 in 200 run5.ndpi,Annotation (germinal_center),0.0348
KI67 1 in 200 run5.ndpi,Annotation (germinal_center),0.0413
KI67 1 in 200 run5.ndpi,Annotation (germinal_center),0.0532
KI67 1 in 200 run5.ndpi,Annotation (germinal_center),0.0383
KI67 1 in 200 run5.ndpi,Annotation (germinal_center),0.0607
KI67 1 in 200 run5.ndpi,Annotation (germinal_center),0.0689
KI67 1 in 200 run5.ndpi,Annotation (germinal_center),0.0424
KI67 1 in 200 run5.ndpi,Annotation (germinal_center),0.0373
KI67 1 in 200 run5.ndpi,Annotation (germinal_center),0.0405
KI67 1 in 200 run5.ndpi,Annotation (germinal_center),0.0385
KI67 1 in 200 run5.ndpi,Annotation (germinal_center),0.0378
KI67 1 in 200 run5.ndpi,Annotation (germinal_center),0.0281
KI67 1 in 200 run5.ndpi,Annotation (germinal_center),0.067
KI67 1 in 200 run5.ndpi,Annotation (germinal_center),0.0852
KI67 1 in 200 run5.ndpi,Annotation (germinal_center),0.0355
KI67 1 in 200 run5.ndpi,Annotation (germinal_center),0.0717
KI67 1 in 200 run5.ndpi,Annotation (germinal_center),0.0558
KI67 1 in 200 run5.ndpi,Annotation (germinal_center),0.0734
KI67 1 in 200 run5.ndpi,Annotation (germinal_center),0.048
KI67 1 in 200 run5.ndpi,Annotation (germinal_center),0.0488
KI67 1 in 200 run5.ndpi,Annotation (germinal_center),0.0475
KI67 1 in 200 run5.ndpi,Annotation (germinal_center),0.1067
KI67 1 in 200 run5.ndpi,Annotation (germinal_center),0.0588
KI67 1 in 200 run5.ndpi,Annotation (germinal_center),0.0646
KI67 1 in 200 run5.ndpi,Annotation (germinal_center),0.0411
KI67 1 in 200 run5.ndpi,Annotation (germinal_center),0.0357
KI67 1 in 200 run5.ndpi,Annotation (germinal_center),0.1403
KI67 1 in 200 run5.ndpi,Annotation (germinal_center),0.0652
KI67 1 in 200 run5.ndpi,Annotation (germinal_center),0.087
KI67 1 in 200 run5.ndpi,Annotation (germinal_center),0.0363
KI67 1 in 200 run5.ndpi,Annotation (germinal_center),0.0416
KI67 1 in 200 run5.ndpi,Annotation (germinal_center),0.0341
KI67 1 in 200 run5.ndpi,Annotation (germinal_center),0.0714
KI67 1 in 200 run5.ndpi,Annotation (germinal_center),0.0393
KI67 1 in 200 run5.ndpi,Annotation (germinal_center),0.0479
KI67 1 in 200 run5.ndpi,Annotation (germinal_center),0.0431
KI67 1 in 200 run5.ndpi,Annotation (germinal_center),0.0417
KI67 1 in 200 run5.ndpi,Annotation (germinal_center),0.0383
KI67 1 in 200 run5.ndpi,Annotation (germinal_center),0.0328
KI67 1 in 200 run5.ndpi,Annotation (germinal_center),0.0377
KI67 1 in 200 run5.ndpi,Annotation (germinal_center),0.0509
KI67 1 in 200 run5.ndpi,Annotation (germinal_center),0.0603
KI67 1 in 200 run5.ndpi,Annotation (germinal_center),0.0653
KI67 1 in 200 run5.ndpi,Annotation (germinal_center),0.0659
KI67 1 in 200 run5.ndpi,Annotation (germinal_center),0.0372
KI67 1 in 200 run5.ndpi,Annotation (germinal_center),0.0552
KI67 1 in 200 run5.ndpi,Annotation (germinal_center),0.0649
KI67 1 in 200 run5.ndpi,Annotation (germinal_center),0.0436
KI67 1 in 200 run5.ndpi,Annotation (germinal_center),0.0433
KI67 1 in 200 run5.ndpi,Annotation (germinal_center),0.0422
KI67 1 in 200 run5.ndpi,Annotation (germinal_center),0.058
KI67 1 in 200 run5.ndpi,Annotation (germinal_center),0.0643
KI67 1 in 200 run5.ndpi,Annotation (germinal_center),0.0664
KI67 1 in 200 run5.ndpi,Annotation (germinal_center),0.0375
KI67 1 in 200 run5.ndpi,Annotation (germinal_center),0.0587
KI67 1 in 200 run5.ndpi,Annotation (germinal_center),0.0318
KI67 1 in 200 run5.ndpi,Annotation (germinal_center),0.033
KI67 1 in 200 run5.ndpi,Annotation (germinal_center),0.0411
KI67 1 in 200 run5.ndpi,Annotation (germinal_center),0.0741
KI67 1 in 200 run5.ndpi,Annotation (germinal_center),0.0665
KI67 1 in 200 run5.ndpi,Annotation (germinal_center),0.0381
KI67 1 in 200 run5.ndpi,Annotation (germinal_center),0.0587
KI67 1 in 200 run5.ndpi,Annotation (germinal_center),0.0528
KI67 1 in 200 run5.ndpi,Annotation (germinal_center),0.0779
KI67 1 in 200 run5.ndpi,Annotation (germinal_center),0.0702
KI67 1 in 200 run5.ndpi,Annotation (germinal_center),0.0412
KI67 1 in 200 run5.ndpi,Annotation (germinal_center),0.0446
KI67 1 in 200 run5.ndpi,Annotation (germinal_center),0.0378
KI67 1 in 200 run5.ndpi,Annotation (germinal_center),0.04
KI67 1 in 200 run5.ndpi,Annotation (germinal_center),0.0378
KI67 1 in 200 run5.ndpi,Annotation (germinal_center),0.049
KI67 1 in 200 run5.ndpi,Annotation (germinal_center),0.0566
KI67 1 in 200 run5.ndpi,Annotation (germinal_center),0.045
KI67 1 in 200 run5.ndpi,Annotation (germinal_center),0.0485
KI67 1 in 200 run5.ndpi,Annotation (germinal_center),0.0699
KI67 1 in 200 run5.ndpi,Annotation (germinal_center),0.0875
KI67 1 in 200 run5.ndpi,Annotation (germinal_center),0.0488
KI67 1 in 200 run5.ndpi,Annotation (germinal_center),0.1026
KI67 1 in 200 run5.ndpi,Annotation (germinal_center),0.0466
KI67 1 in 200 run5.ndpi,Annotation (germinal_center),0.0414
KI67 1 in 200 run5.ndpi,Annotation (germinal_center),0.0759
KI67 1 in 200 run5.ndpi,Annotation (germinal_center),0.053
KI67 1 in 200 run5.ndpi,Annotation (germinal_center),0.0725
KI67 1 in 200 run5.ndpi,Annotation (germinal_center),0.0747
KI67 1 in 200 run5.ndpi,Annotation (germinal_center),0.0372
KI67 1 in 200 run5.ndpi,Annotation (germinal_center),0.0573
KI67 1 in 200 run5.ndpi,Annotation (germinal_center),0.0478
KI67 1 in 200 run5.ndpi,Annotation (germinal_center),0.0392
KI67 1 in 200 run5.ndpi,Annotation (germinal_center),0.0351
KI67 1 in 200 run5.ndpi,Annotation (germinal_center),0.0915
KI67 1 in 200 run5.ndpi,Annotation (germinal_center),0.0616
KI67 1 in 200 run5.ndpi,Annotation (germinal_center),0.0521
KI67 1 in 200 run5.ndpi,Annotation (germinal_center),0.0492
KI67 1 in 200 run5.ndpi,Annotation (germinal_center),0.0596
KI67 1 in 200 run5.ndpi,Annotation (germinal_center),0.0386
KI67 1 in 200 run5.ndpi,Annotation (germinal_center),0.0341
KI67 1 in 200 run5.ndpi,Annotation (germinal_center),0.032
KI67 1 in 200 run5.ndpi,Annotation (germinal_center),0.0593
KI67 1 in 200 run5.ndpi,Annotation (germinal_center),0.0455
KI67 1 in 200 run5.ndpi,Annotation (germinal_center),0.052
KI67 1 in 200 run5.ndpi,Annotation (germinal_center),0.0429
KI67 1 in 200 run5.ndpi,Annotation (germinal_center),0.0453
KI67 1 in 200 run5.ndpi,Annotation (germinal_center),0.0571
KI67 1 in 200 run5.ndpi,Annotation (germinal_center),0.0534
KI67 1 in 200 run5.ndpi,Annotation (germinal_center),0.0524
KI67 1 in 200 run5.ndpi,Annotation (germinal_center),0.0703
KI67 1 in 200 run5.ndpi,Annotation (germinal_center),0.0677
KI67 1 in 200 run5.ndpi,Annotation (germinal_center),0.0554
KI67 1 in 200 run5.ndpi,Annotation (germinal_center),0.0423
KI67 1 in 200 run5.ndpi,Annotation (germinal_center),0.0616
KI67 1 in 200 run5.ndpi,Annotation (germinal_center),0.0622
KI67 1 in 200 run5.ndpi,Annotation (germinal_center),0.0429
KI67 1 in 200 run5.ndpi,Annotation (germinal_center),0.0447
KI67 1 in 200 run5.ndpi,Annotation (germinal_center),0.0476
KI67 1 in 200 run5.ndpi,Annotation (germinal_center),0.0911
KI67 1 in 200 run5.ndpi,Annotation (germinal_center),0.0437
KI67 1 in 200 run5.ndpi,Annotation (germinal_center),0.0469
KI67 1 in 200 run5.ndpi,Annotation (germinal_center),0.0833
KI67 1 in 200 run5.ndpi,Annotation (germinal_center),0.0583
KI67 1 in 200 run5.ndpi,Annotation (germinal_center),0.0406
KI67 1 in 200 run5.ndpi,Annotation (germinal_center),0.0502
KI67 1 in 200 run5.ndpi,Annotation (germinal_center),0.0629
KI67 1 in 200 run5.ndpi,Annotation (germinal_center),0.0512
KI67 1 in 200 run5.ndpi,Annotation (germinal_center),0.0789
KI67 1 in 200 run5.ndpi,Annotation (germinal_center),0.0472
KI67 1 in 200 run5.ndpi,Annotation (germinal_center),0.0367
KI67 1 in 200 run5.ndpi,Annotation (germinal_center),0.0428
KI67 1 in 200 run5.ndpi,Annotation (germinal_center),0.0679
KI67 1 in 200 run5.ndpi,Annotation (germinal_center),0.0652
KI67 1 in 200 run5.ndpi,Annotation (germinal_center),0.0983
KI67 1 in 200 run5.ndpi,Annotation (germinal_center),0.0491
KI67 1 in 200 run5.ndpi,Annotation (germinal_center),0.0822
KI67 1 in 200 run5.ndpi,Annotation (germinal_center),0.0712
KI67 1 in 200 run5.ndpi,Annotation (germinal_center),0.0535
KI67 1 in 200 run5.ndpi,Annotation (germinal_center),0.0681
KI67 1 in 200 run5.ndpi,Annotation (germinal_center),0.0422
KI67 1 in 200 run5.ndpi,Annotation (germinal_center),0.0722
KI67 1 in 200 run5.ndpi,Annotation (germinal_center),0.0456
KI67 1 in 200 run5.ndpi,Annotation (germinal_center),0.0537
KI67 1 in 200 run5.ndpi,Annotation (germinal_center),0.053
KI67 1 in 200 run5.ndpi,Annotation (germinal_center),0.0756
KI67 1 in 200 run5.ndpi,Annotation (germinal_center),0.0365
KI67 1 in 200 run5.ndpi,Annotation (germinal_center),0.0622
KI67 1 in 200 run5.ndpi,Annotation (germinal_center),0.0508
KI67 1 in 200 run5.ndpi,Annotation (germinal_center),0.0326
KI67 1 in 200 run5.ndpi,Annotation (germinal_center),0.1211
KI67 1 in 200 run5.ndpi,Annotation (germinal_center),0.0747
KI67 1 in 200 run5.ndpi,Annotation (germinal_center),0.0802
KI67 1 in 200 run5.ndpi,Annotation (germinal_center),0.0615
KI67 1 in 200 run5.ndpi,Annotation (germinal_center),0.0703
KI67 1 in 200 run5.ndpi,Annotation (germinal_center),0.0523
KI67 1 in 200 run5.ndpi,Annotation (germinal_center),0.0607
KI67 1 in 200 run5.ndpi,Annotation (germinal_center),0.0384
KI67 1 in 200 run5.ndpi,Annotation (germinal_center),0.073
KI67 1 in 200 run5.ndpi,Annotation (germinal_center),0.0333
KI67 1 in 200 run5.ndpi,Annotation (germinal_center),0.0359
KI67 1 in 200 run5.ndpi,Annotation (germinal_center),0.0469
KI67 1 in 200 run5.ndpi,Annotation (germinal_center),0.0557
KI67 1 in 200 run5.ndpi,Annotation (germinal_center),0.0492
KI67 1 in 200 run5.ndpi,Annotation (germinal_center),0.0334
KI67 1 in 200 run5.ndpi,Annotation (germinal_center),0.052
KI67 1 in 200 run5.ndpi,Annotation (germinal_center),0.0905
KI67 1 in 200 run5.ndpi,Annotation (germinal_center),0.0323
KI67 1 in 200 run5.ndpi,Annotation (germinal_center),0.0316
KI67 1 in 200 run5.ndpi,Annotation (germinal_center),0.0305
KI67 1 in 200 run5.ndpi,Annotation (germinal_center),0.0271
KI67 1 in 200 run5.ndpi,Annotation (germinal_center),0.034
KI67 1 in 200 run5.ndpi,Annotation (germinal_center),0.0621
KI67 1 in 200 run5.ndpi,Annotation (germinal_center),0.0286
KI67 1 in 200 run5.ndpi,Annotation (germinal_center),0.0546
KI67 1 in 200 run5.ndpi,Annotation (germinal_center),0.0396
KI67 1 in 200 run5.ndpi,Annotation (germinal_center),0.0451
KI67 1 in 200 run5.ndpi,Annotation (germinal_center),0.0727
KI67 1 in 200 run5.ndpi,Annotation (germinal_center),0.0445
KI67 1 in 200 run5.ndpi,Annotation (germinal_center),0.0796
KI67 1 in 200 run5.ndpi,Annotation (germinal_center),0.0513
KI67 1 in 200 run5.ndpi,Annotation (germinal_center),0.0435
KI67 1 in 200 run5.ndpi,Annotation (germinal_center),0.0429
KI67 1 in 200 run5.ndpi,Annotation (germinal_center),0.0549
KI67 1 in 200 run5.ndpi,Annotation (germinal_center),0.0767
KI67 1 in 200 run5.ndpi,Annotation (germinal_center),0.0376
KI67 1 in 200 run5.ndpi,Annotation (germinal_center),0.0421
KI67 1 in 200 run5.ndpi,Annotation (germinal_center),0.067
KI67 1 in 200 run5.ndpi,Annotation (germinal_center),0.0394
KI67 1 in 200 run5.ndpi,Annotation (germinal_center),0.0648
KI67 1 in 200 run5.ndpi,Annotation (germinal_center),0.0551
KI67 1 in 200 run5.ndpi,Annotation (germinal_center),0.0425
KI67 1 in 200 run5.ndpi,Annotation (germinal_center),0.0388
KI67 1 in 200 run5.ndpi,Annotation (germinal_center),0.081
KI67 1 in 200 run5.ndpi,Annotation (germinal_center),0.1135
KI67 1 in 200 run5.ndpi,Annotation (germinal_center),0.0298
KI67 1 in 200 run5.ndpi,Annotation (germinal_center),0.0432
KI67 1 in 200 run5.ndpi,Annotation (germinal_center),0.0345
KI67 1 in 200 run5.ndpi,Annotation (germinal_center),0.0568
KI67 1 in 200 run5.ndpi,Annotation (germinal_center),0.0457
KI67 1 in 200 run5.ndpi,Annotation (germinal_center),0.0754
KI67 1 in 200 run5.ndpi,Annotation (germinal_center),0.037
KI67 1 in 200 run5.ndpi,Annotation (germinal_center),0.0363
KI67 1 in 200 run5.ndpi,Annotation (germinal_center),0.0417
KI67 1 in 200 run5.ndpi,Annotation (germinal_center),0.0287
KI67 1 in 200 run5.ndpi,Annotation (germinal_center),0.0483
KI67 1 in 200 run5.ndpi,Annotation (germinal_center),0.0402
KI67 1 in 200 run5.ndpi,Annotation (germinal_center),0.1286
KI67 1 in 200 run5.ndpi,Annotation (germinal_center),0.0817
KI67 1 in 200 run5.ndpi,Annotation (germinal_center),0.044
KI67 1 in 200 run5.ndpi,Annotation (germinal_center),0.0534
KI67 1 in 200 run5.ndpi,Annotation (germinal_center),0.0569
KI67 1 in 200 run5.ndpi,Annotation (germinal_center),0.0604
KI67 1 in 200 run5.ndpi,Annotation (germinal_center),0.0515
KI67 1 in 200 run5.ndpi,Annotation (germinal_center),0.0458
KI67 1 in 200 run5.ndpi,Annotation (germinal_center),0.1144
KI67 1 in 200 run5.ndpi,Annotation (germinal_center),0.0497
KI67 1 in 200 run5.ndpi,Annotation (germinal_center),0.0471
KI67 1 in 200 run5.ndpi,Annotation (germinal_center),0.0457
KI67 1 in 200 run5.ndpi,Annotation (germinal_center),0.0728
KI67 1 in 200 run5.ndpi,Annotation (germinal_center),0.0579
KI67 1 in 200 run5.ndpi,Annotation (germinal_center),0.0587
KI67 1 in 200 run5.ndpi,Annotation (germinal_center),0.0519
KI67 1 in 200 run5.ndpi,Annotation (germinal_center),0.0825
KI67 1 in 200 run5.ndpi,Annotation (germinal_center),0.0572
KI67 1 in 200 run5.ndpi,Annotation (germinal_center),0.0612
KI67 1 in 200 run5.ndpi,Annotation (germinal_center),0.0785
KI67 1 in 200 run5.ndpi,Annotation (germinal_center),0.051
KI67 1 in 200 run5.ndpi,Annotation (germinal_center),0.0481
KI67 1 in 200 run5.ndpi,Annotation (germinal_center),0.0362
KI67 1 in 200 run5.ndpi,Annotation (germinal_center),0.0627
KI67 1 in 200 run5.ndpi,Annotation (germinal_center),0.0471
KI67 1 in 200 run5.ndpi,Annotation (germinal_center),0.0427
KI67 1 in 200 run5.ndpi,Annotation (germinal_center),0.0467
KI67 1 in 200 run5.ndpi,Annotation (germinal_center),0.0503
KI67 1 in 200 run5.ndpi,Annotation (germinal_center),0.0856
KI67 1 in 200 run5.ndpi,Annotation (germinal_center),0.0418
KI67 1 in 200 run5.ndpi,Annotation (germinal_center),0.0426
KI67 1 in 200 run5.ndpi,Annotation (germinal_center),0.0731
KI67 1 in 200 run5.ndpi,Annotation (germinal_center),0.044
KI67 1 in 200 run5.ndpi,Annotation (germinal_center),0.0409
KI67 1 in 200 run5.ndpi,Annotation (germinal_center),0.0407
KI67 1 in 200 run5.ndpi,Annotation (germinal_center),0.0348
KI67 1 in 200 run5.ndpi,Annotation (germinal_center),0.0337
KI67 1 in 200 run5.ndpi,Annotation (germinal_center),0.0558
KI67 1 in 200 run5.ndpi,Annotation (germinal_center),0.053
KI67 1 in 200 run5.ndpi,Annotation (germinal_center),0.0304
KI67 1 in 200 run5.ndpi,Annotation (germinal_center),0.0602
KI67 1 in 200 run5.ndpi,Annotation (germinal_center),0.0397
KI67 1 in 200 run5.ndpi,Annotation (germinal_center),0.0427
KI67 1 in 200 run5.ndpi,Annotation (germinal_center),0.0794
KI67 1 in 200 run5.ndpi,Annotation (germinal_center),0.0526
KI67 1 in 200 run5.ndpi,Annotation (germinal_center),0.0466
KI67 1 in 200 run5.ndpi,Annotation (germinal_center),0.0434
KI67 1 in 200 run5.ndpi,Annotation (germinal_center),0.0667
KI67 1 in 200 run5.ndpi,Annotation (germinal_center),0.0574
KI67 1 in 200 run5.ndpi,Annotation (germinal_center),0.0854
KI67 1 in 200 run5.ndpi,Annotation (germinal_center),0.0523
KI67 1 in 200 run5.ndpi,Annotation (germinal_center),0.0909
KI67 1 in 200 run5.ndpi,Annotation (germinal_center),0.0893
KI67 1 in 200 run5.ndpi,Annotation (germinal_center),0.0465
KI67 1 in 200 run5.ndpi,Annotation (germinal_center),0.0584
KI67 1 in 200 run5.ndpi,Annotation (germinal_center),0.0455
KI67 1 in 200 run5.ndpi,Annotation (germinal_center),0.0588
KI67 1 in 200 run5.ndpi,Annotation (germinal_center),0.0776
KI67 1 in 200 run5.ndpi,Annotation (germinal_center),0.069
KI67 1 in 200 run5.ndpi,Annotation (germinal_center),0.043
KI67 1 in 200 run5.ndpi,Annotation (germinal_center),0.0847
KI67 1 in 200 run5.ndpi,Annotation (germinal_center),0.0992
KI67 1 in 200 run5.ndpi,Annotation (germinal_center),0.04
KI67 1 in 200 run5.ndpi,Annotation (germinal_center),0.0685
KI67 1 in 200 run5.ndpi,Annotation (germinal_center),0.052
KI67 1 in 200 run5.ndpi,Annotation (germinal_center),0.0457
KI67 1 in 200 run5.ndpi,Annotation (germinal_center),0.0798
KI67 1 in 200 run5.ndpi,Annotation (germinal_center),0.071
KI67 1 in 200 run5.ndpi,Annotation (germinal_center),0.0891
KI67 1 in 200 run5.ndpi,Annotation (germinal_center),0.0535
KI67 1 in 200 run5.ndpi,Annotation (germinal_center),0.059
KI67 1 in 200 run5.ndpi,Annotation (germinal_center),0.0449
KI67 1 in 200 run5.ndpi,Annotation (germinal_center),0.0548
KI67 1 in 200 run5.ndpi,Annotation (germinal_center),0.0614
KI67 1 in 200 run5.ndpi,Annotation (germinal_center),0.0705
KI67 1 in 200 run5.ndpi,Annotation (germinal_center),0.1378
KI67 1 in 200 run5.ndpi,Annotation (germinal_center),0.0614
KI67 1 in 200 run5.ndpi,Annotation (germinal_center),0.0524
KI67 1 in 200 run5.ndpi,Annotation (germinal_center),0.0489
KI67 1 in 200 run5.ndpi,Annotation (germinal_center),0.0545
KI67 1 in 200 run5.ndpi,Annotation (germinal_center),0.0579
KI67 1 in 200 run5.ndpi,Annotation (germinal_center),0.0397
KI67 1 in 200 run5.ndpi,Annotation (germinal_center),0.0498
KI67 1 in 200 run5.ndpi,Annotation (germinal_center),0.0596
KI67 1 in 200 run5.ndpi,Annotation (germinal_center),0.0436
KI67 1 in 200 run5.ndpi,Annotation (germinal_center),0.0677
KI67 1 in 200 run5.ndpi,Annotation (germinal_center),0.0432
KI67 1 in 200 run5.ndpi,Annotation (germinal_center),0.0636
KI67 1 in 200 run5.ndpi,Annotation (germinal_center),0.0673
KI67 1 in 200 run5.ndpi,Annotation (germinal_center),0.0419
KI67 1 in 200 run5.ndpi,Annotation (germinal_center),0.0512
KI67 1 in 200 run5.ndpi,Annotation (germinal_center),0.0595
KI67 1 in 200 run5.ndpi,Annotation (germinal_center),0.0472
KI67 1 in 200 run5.ndpi,Annotation (germinal_center),0.0332
KI67 1 in 200 run5.ndpi,Annotation (germinal_center),0.1008
KI67 1 in 200 run5.ndpi,Annotation (germinal_center),0.0624
KI67 1 in 200 run5.ndpi,Annotation (germinal_center),0.0359
KI67 1 in 200 run5.ndpi,Annotation (germinal_center),0.0405
KI67 1 in 200 run5.ndpi,Annotation (germinal_center),0.0456
KI67 1 in 200 run5.ndpi,Annotation (germinal_center),0.0633
KI67 1 in 200 run5.ndpi,Annotation (germinal_center),0.0405
KI67 1 in 200 run5.ndpi,Annotation (germinal_center),0.036
KI67 1 in 200 run5.ndpi,Annotation (germinal_center),0.0608
KI67 1 in 200 run5.ndpi,Annotation (germinal_center),0.0412
KI67 1 in 200 run5.ndpi,Annotation (germinal_center),0.0372
KI67 1 in 200 run5.ndpi,Annotation (germinal_center),0.0369
KI67 1 in 200 run5.ndpi,Annotation (germinal_center),0.0888
KI67 1 in 200 run5.ndpi,Annotation (germinal_center),0.06
KI67 1 in 200 run5.ndpi,Annotation (germinal_center),0.1128
KI67 1 in 200 run5.ndpi,Annotation (germinal_center),0.0448
KI67 1 in 200 run5.ndpi,Annotation (germinal_center),0.0479
KI67 1 in 200 run5.ndpi,Annotation (germinal_center),0.0801
KI67 1 in 200 run5.ndpi,Annotation (germinal_center),0.0463
KI67 1 in 200 run5.ndpi,Annotation (germinal_center),0.0902
KI67 1 in 200 run5.ndpi,Annotation (germinal_center),0.0402
KI67 1 in 200 run5.ndpi,Annotation (germinal_center),0.0723
KI67 1 in 200 run5.ndpi,Annotation (germinal_center),0.0612
KI67 1 in 200 run5.ndpi,Annotation (germinal_center),0.075
KI67 1 in 200 run5.ndpi,Annotation (germinal_center),0.0319
KI67 1 in 200 run5.ndpi,Annotation (germinal_center),0.1087
KI67 1 in 200 run5.ndpi,Annotation (germinal_center),0.0377
KI67 1 in 200 run5.ndpi,Annotation (germinal_center),0.0403
KI67 1 in 200 run5.ndpi,Annotation (germinal_center),0.0421
KI67 1 in 200 run5.ndpi,Annotation (germinal_center),0.0519
KI67 1 in 200 run5.ndpi,Annotation (germinal_center),0.046
KI67 1 in 200 run5.ndpi,Annotation (germinal_center),0.0518
KI67 1 in 200 run5.ndpi,Annotation (germinal_center),0.0492
KI67 1 in 200 run5.ndpi,Annotation (germinal_center),0.0486
KI67 1 in 200 run5.ndpi,Annotation (germinal_center),0.0598
KI67 1 in 200 run5.ndpi,Annotation (germinal_center),0.078
KI67 1 in 200 run5.ndpi,Annotation (germinal_center),0.048
KI67 1 in 200 run5.ndpi,Annotation (germinal_center),0.0408
KI67 1 in 200 run5.ndpi,Annotation (germinal_center),0.0606
KI67 1 in 200 run5.ndpi,Annotation (germinal_center),0.0655
KI67 1 in 200 run5.ndpi,Annotation (germinal_center),0.0352
KI67 1 in 200 run5.ndpi,Annotation (germinal_center),0.042
KI67 1 in 200 run5.ndpi,Annotation (germinal_center),0.0741
KI67 1 in 200 run5.ndpi,Annotation (germinal_center),0.0482
KI67 1 in 200 run5.ndpi,Annotation (germinal_center),0.0353
KI67 1 in 200 run5.ndpi,Annotation (germinal_center),0.053
KI67 1 in 200 run5.ndpi,Annotation (germinal_center),0.083
KI67 1 in 200 run5.ndpi,Annotation (germinal_center),0.0461
KI67 1 in 200 run5.ndpi,Annotation (germinal_center),0.0399
KI67 1 in 200 run5.ndpi,Annotation (germinal_center),0.0566
KI67 1 in 200 run5.ndpi,Annotation (germinal_center),0.0483
KI67 1 in 200 run5.ndpi,Annotation (germinal_center),0.0326
KI67 1 in 200 run5.ndpi,Annotation (germinal_center),0.0537
KI67 1 in 200 run5.ndpi,Annotation (germinal_center),0.0454
KI67 1 in 200 run5.ndpi,Annotation (germinal_center),0.0468
KI67 1 in 200 run5.ndpi,Annotation (germinal_center),0.0446
KI67 1 in 200 run5.ndpi,Annotation (germinal_center),0.0407
KI67 1 in 200 run5.ndpi,Annotation (germinal_center),0.05
KI67 1 in 200 run5.ndpi,Annotation (germinal_center),0.0452
KI67 1 in 200 run5.ndpi,Annotation (germinal_center),0.0604
KI67 1 in 200 run5.ndpi,Annotation (germinal_center),0.0281
KI67 1 in 200 run5.ndpi,Annotation (germinal_center),0.0503
KI67 1 in 200 run5.ndpi,Annotation (germinal_center),0.0466
KI67 1 in 200 run5.ndpi,Annotation (germinal_center),0.0519
KI67 1 in 200 run5.ndpi,Annotation (germinal_center),0.0409
KI67 1 in 200 run5.ndpi,Annotation (germinal_center),0.0468
KI67 1 in 200 run5.ndpi,Annotation (germinal_center),0.0349
KI67 1 in 200 run5.ndpi,Annotation (germinal_center),0.0474
KI67 1 in 200 run5.ndpi,Annotation (germinal_center),0.0791
KI67 1 in 200 run5.ndpi,Annotation (germinal_center),0.0762
KI67 1 in 200 run5.ndpi,Annotation (germinal_center),0.0604
KI67 1 in 200 run5.ndpi,Annotation (germinal_center),0.0463
KI67 1 in 200 run5.ndpi,Annotation (germinal_center),0.0295
KI67 1 in 200 run5.ndpi,Annotation (germinal_center),0.0575
KI67 1 in 200 run5.ndpi,Annotation (germinal_center),0.0713
KI67 1 in 200 run5.ndpi,Annotation (germinal_center),0.0495
KI67 1 in 200 run5.ndpi,Annotation (germinal_center),0.0308
KI67 1 in 200 run5.ndpi,Annotation (germinal_center),0.0527
KI67 1 in 200 run5.ndpi,Annotation (germinal_center),0.0734
KI67 1 in 200 run5.ndpi,Annotation (germinal_center),0.0719
KI67 1 in 200 run5.ndpi,Annotation (germinal_center),0.0337
KI67 1 in 200 run5.ndpi,Annotation (germinal_center),0.0692
KI67 1 in 200 run5.ndpi,Annotation (germinal_center),0.0404
KI67 1 in 200 run5.ndpi,Annotation (germinal_center),0.0292
KI67 1 in 200 run5.ndpi,Annotation (germinal_center),0.0665
KI67 1 in 200 run5.ndpi,Annotation (germinal_center),0.068
KI67 1 in 200 run5.ndpi,Annotation (germinal_center),0.046
KI67 1 in 200 run5.ndpi,Annotation (germinal_center),0.0899
KI67 1 in 200 run5.ndpi,Annotation (germinal_center),0.04
KI67 1 in 200 run5.ndpi,Annotation (germinal_center),0.0451
KI67 1 in 200 run5.ndpi,Annotation (germinal_center),0.0598
KI67 1 in 200 run5.ndpi,Annotation (germinal_center),0.0407
KI67 1 in 200 run5.ndpi,Annotation (germinal_center),0.0501
KI67 1 in 200 run5.ndpi,Annotation (germinal_center),0.0764
KI67 1 in 200 run5.ndpi,Annotation (germinal_center),0.0275
KI67 1 in 200 run5.ndpi,Annotation (germinal_center),0.0509
KI67 1 in 200 run5.ndpi,Annotation (germinal_center),0.0734
KI67 1 in 200 run5.ndpi,Annotation (germinal_center),0.0737
KI67 1 in 200 run5.ndpi,Annotation (germinal_center),0.0561
KI67 1 in 200 run5.ndpi,Annotation (germinal_center),0.0529
KI67 1 in 200 run5.ndpi,Annotation (germinal_center),0.024
KI67 1 in 200 run5.ndpi,Annotation (germinal_center),0.0557
KI67 1 in 200 run5.ndpi,Annotation (germinal_center),0.0542
KI67 1 in 200 run5.ndpi,Annotation (germinal_center),0.057
KI67 1 in 200 run5.ndpi,Annotation (germinal_center),0.0907
KI67 1 in 200 run5.ndpi,Annotation (germinal_center),0.0482
KI67 1 in 200 run5.ndpi,Annotation (germinal_center),0.0594
KI67 1 in 200 run5.ndpi,Annotation (germinal_center),0.0485
KI67 1 in 200 run5.ndpi,Annotation (germinal_center),0.0398
KI67 1 in 200 run5.ndpi,Annotation (germinal_center),0.0486
KI67 1 in 200 run5.ndpi,Annotation (germinal_center),0.0415
KI67 1 in 200 run5.ndpi,Annotation (germinal_center),0.0486
KI67 1 in 200 run5.ndpi,Annotation (germinal_center),0.0817
KI67 1 in 200 run5.ndpi,Annotation (germinal_center),0.0681
KI67 1 in 200 run5.ndpi,Annotation (germinal_center),0.0601
KI67 1 in 200 run5.ndpi,Annotation (germinal_center),0.049
KI67 1 in 200 run5.ndpi,Annotation (germinal_center),0.0486
KI67 1 in 200 run5.ndpi,Annotation (germinal_center),0.034
KI67 1 in 200 run5.ndpi,Annotation (germinal_center),0.0427
KI67 1 in 200 run5.ndpi,Annotation (germinal_center),0.0556
KI67 1 in 200 run5.ndpi,Annotation (germinal_center),0.0333
KI67 1 in 200 run5.ndpi,Annotation (germinal_center),0.0448
KI67 1 in 200 run5.ndpi,Annotation (germinal_center),0.0705
KI67 1 in 200 run5.ndpi,Annotation (germinal_center),0.0451
KI67 1 in 200 run5.ndpi,Annotation (germinal_center),0.0462
KI67 1 in 200 run5.ndpi,Annotation (germinal_center),0.0234
KI67 1 in 200 run5.ndpi,Annotation (germinal_center),0.0446
KI67 1 in 200 run5.ndpi,Annotation (germinal_center),0.061
KI67 1 in 200 run5.ndpi,Annotation (germinal_center),0.0756
KI67 1 in 200 run5.ndpi,Annotation (germinal_center),0.0405
KI67 1 in 200 run5.ndpi,Annotation (germinal_center),0.0527
KI67 1 in 200 run5.ndpi,Annotation (germinal_center),0.0513
KI67 1 in 200 run5.ndpi,Annotation (germinal_center),0.0756
KI67 1 in 200 run5.ndpi,Annotation (germinal_center),0.0581
KI67 1 in 200 run5.ndpi,Annotation (germinal_center),0.0591
KI67 1 in 200 run5.ndpi,Annotation (germinal_center),0.0424
KI67 1 in 200 run5.ndpi,Annotation (germinal_center),0.05
KI67 1 in 200 run5.ndpi,Annotation (germinal_center),0.0304
KI67 1 in 200 run5.ndpi,Annotation (germinal_center),0.0647
KI67 1 in 200 run5.ndpi,Annotation (germinal_center),0.046
KI67 1 in 200 run5.ndpi,Annotation (germinal_center),0.042
KI67 1 in 200 run5.ndpi,Annotation (germinal_center),0.0399
KI67 1 in 200 run5.ndpi,Annotation (germinal_center),0.0397
KI67 1 in 200 run5.ndpi,Annotation (germinal_center),0.0324
KI67 1 in 200 run5.ndpi,Annotation (germinal_center),0.0451
KI67 1 in 200 run5.ndpi,Annotation (germinal_center),0.0337
KI67 1 in 200 run5.ndpi,Annotation (germinal_center),0.0616
KI67 1 in 200 run5.ndpi,Annotation (germinal_center),0.0658
KI67 1 in 200 run5.ndpi,Annotation (germinal_center),0.0431
KI67 1 in 200 run5.ndpi,Annotation (germinal_center),0.0496
KI67 1 in 200 run5.ndpi,Annotation (germinal_center),0.0688
KI67 1 in 200 run5.ndpi,Annotation (germinal_center),0.0388
KI67 1 in 200 run5.ndpi,Annotation (germinal_center),0.045
KI67 1 in 200 run5.ndpi,Annotation (germinal_center),0.0355
KI67 1 in 200 run5.ndpi,Annotation (germinal_center),0.0383
KI67 1 in 200 run5.ndpi,Annotation (germinal_center),0.041
KI67 1 in 200 run5.ndpi,Annotation (germinal_center),0.0299
KI67 1 in 200 run5.ndpi,Annotation (germinal_center),0.0435
KI67 1 in 200 run5.ndpi,Annotation (germinal_center),0.042
KI67 1 in 200 run5.ndpi,Annotation (germinal_center),0.0385
KI67 1 in 200 run5.ndpi,Annotation (germinal_center),0.0296
KI67 1 in 200 run5.ndpi,Annotation (germinal_center),0.1293
KI67 1 in 200 run5.ndpi,Annotation (germinal_center),0.0471
KI67 1 in 200 run5.ndpi,Annotation (germinal_center),0.0512
KI67 1 in 200 run5.ndpi,Annotation (germinal_center),0.038
KI67 1 in 200 run5.ndpi,Annotation (germinal_center),0.0513
KI67 1 in 200 run5.ndpi,Annotation (germinal_center),0.0835
KI67 1 in 200 run5.ndpi,Annotation (germinal_center),0.0445
KI67 1 in 200 run5.ndpi,Annotation (germinal_center),0.0367
KI67 1 in 200 run5.ndpi,Annotation (germinal_center),0.0343
KI67 1 in 200 run5.ndpi,Annotation (germinal_center),0.0895
KI67 1 in 200 run5.ndpi,Annotation (germinal_center),0.0569
KI67 1 in 200 run5.ndpi,Annotation (germinal_center),0.0631
KI67 1 in 200 run5.ndpi,Annotation (germinal_center),0.0421
KI67 1 in 200 run5.ndpi,Annotation (germinal_center),0.0525
KI67 1 in 200 run5.ndpi,Annotation (germinal_center),0.0521
KI67 1 in 200 run5.ndpi,Annotation (germinal_center),0.0551
KI67 1 in 200 run5.ndpi,Annotation (germinal_center),0.0433
KI67 1 in 200 run5.ndpi,Annotation (germinal_center),0.0702
KI67 1 in 200 run5.ndpi,Annotation (germinal_center),0.0374
KI67 1 in 200 run5.ndpi,Annotation (germinal_center),0.0307
KI67 1 in 200 run5.ndpi,Annotation (germinal_center),0.0792
KI67 1 in 200 run5.ndpi,Annotation (germinal_center),0.0448
KI67 1 in 200 run5.ndpi,Annotation (germinal_center),0.0405
KI67 1 in 200 run5.ndpi,Annotation (germinal_center),0.0519
KI67 1 in 200 run5.ndpi,Annotation (germinal_center),0.0696
KI67 1 in 200 run5.ndpi,Annotation (germinal_center),0.0707
KI67 1 in 200 run5.ndpi,Annotation (germinal_center),0.069
KI67 1 in 200 run5.ndpi,Annotation (germinal_center),0.0409
KI67 1 in 200 run5.ndpi,Annotation (germinal_center),0.039
KI67 1 in 200 run5.ndpi,Annotation (germinal_center),0.0351
KI67 1 in 200 run5.ndpi,Annotation (germinal_center),0.0433
KI67 1 in 200 run5.ndpi,Annotation (germinal_center),0.0483
KI67 1 in 200 run5.ndpi,Annotation (germinal_center),0.0377
KI67 1 in 200 run5.ndpi,Annotation (germinal_center),0.0577
KI67 1 in 200 run5.ndpi,Annotation (germinal_center),0.0394
KI67 1 in 200 run5.ndpi,Annotation (germinal_center),0.0349
KI67 1 in 200 run5.ndpi,Annotation (germinal_center),0.059
KI67 1 in 200 run5.ndpi,Annotation (germinal_center),0.0345
KI67 1 in 200 run5.ndpi,Annotation (germinal_center),0.0762
KI67 1 in 200 run5.ndpi,Annotation (germinal_center),0.0347
KI67 1 in 200 run5.ndpi,Annotation (germinal_center),0.0387
KI67 1 in 200 run5.ndpi,Annotation (germinal_center),0.053
KI67 1 in 200 run5.ndpi,Annotation (germinal_center),0.0277
KI67 1 in 200 run5.ndpi,Annotation (germinal_center),0.0404
KI67 1 in 200 run5.ndpi,Annotation (germinal_center),0.0378
KI67 1 in 200 run5.ndpi,Annotation (germinal_center),0.0668
KI67 1 in 200 run5.ndpi,Annotation (germinal_center),0.084
KI67 1 in 200 run5.ndpi,Annotation (germinal_center),0.0578
KI67 1 in 200 run5.ndpi,Annotation (germinal_center),0.0428
KI67 1 in 200 run5.ndpi,Annotation (germinal_center),0.0702
KI67 1 in 200 run5.ndpi,Annotation (germinal_center),0.0377
KI67 1 in 200 run5.ndpi,Annotation (germinal_center),0.049
KI67 1 in 200 run5.ndpi,Annotation (germinal_center),0.0617
KI67 1 in 200 run5.ndpi,Annotation (germinal_center),0.0563
KI67 1 in 200 run5.ndpi,Annotation (germinal_center),0.0395
KI67 1 in 200 run5.ndpi,Annotation (germinal_center),0.0276
KI67 1 in 200 run5.ndpi,Annotation (germinal_center),0.0551
KI67 1 in 200 run5.ndpi,Annotation (germinal_center),0.0462
KI67 1 in 200 run5.ndpi,Annotation (germinal_center),0.0454
KI67 1 in 200 run5.ndpi,Annotation (germinal_center),0.0687
KI67 1 in 200 run5.ndpi,Annotation (germinal_center),0.0395
KI67 1 in 200 run5.ndpi,Annotation (germinal_center),0.0692
KI67 1 in 200 run5.ndpi,Annotation (germinal_center),0.0371
KI67 1 in 200 run5.ndpi,Annotation (germinal_center),0.053
KI67 1 in 200 run5.ndpi,Annotation (germinal_center),0.041
KI67 1 in 200 run5.ndpi,Annotation (germinal_center),0.0514
KI67 1 in 200 run5.ndpi,Annotation (germinal_center),0.056
KI67 1 in 200 run5.ndpi,Annotation (germinal_center),0.0505
KI67 1 in 200 run5.ndpi,Annotation (germinal_center),0.104
KI67 1 in 200 run5.ndpi,Annotation (germinal_center),0.0312
KI67 1 in 200 run5.ndpi,Annotation (germinal_center),0.0333
KI67 1 in 200 run5.ndpi,Annotation (germinal_center),0.0516
KI67 1 in 200 run5.ndpi,Annotation (germinal_center),0.0772
KI67 1 in 200 run5.ndpi,Annotation (germinal_center),0.037
KI67 1 in 200 run5.ndpi,Annotation (germinal_center),0.0594
KI67 1 in 200 run5.ndpi,Annotation (germinal_center),0.0503
KI67 1 in 200 run5.ndpi,Annotation (germinal_center),0.0643
KI67 1 in 200 run5.ndpi,Annotation (germinal_center),0.0434
KI67 1 in 200 run5.ndpi,Annotation (germinal_center),0.0667
KI67 1 in 200 run5.ndpi,Annotation (germinal_center),0.056
KI67 1 in 200 run5.ndpi,Annotation (germinal_center),0.0364
KI67 1 in 200 run5.ndpi,Annotation (germinal_center),0.0505
KI67 1 in 200 run5.ndpi,Annotation (germinal_center),0.0539
KI67 1 in 200 run5.ndpi,Annotation (germinal_center),0.0668
KI67 1 in 200 run5.ndpi,Annotation (germinal_center),0.0623
KI67 1 in 200 run5.ndpi,Annotation (germinal_center),0.0419
KI67 1 in 200 run5.ndpi,Annotation (germinal_center),0.0654
KI67 1 in 200 run5.ndpi,Annotation (germinal_center),0.0418
KI67 1 in 200 run5.ndpi,Annotation (germinal_center),0.0412
KI67 1 in 200 run5.ndpi,Annotation (germinal_center),0.0834
KI67 1 in 200 run5.ndpi,Annotation (germinal_center),0.0748
KI67 1 in 200 run5.ndpi,Annotation (germinal_center),0.0403
KI67 1 in 200 run5.ndpi,Annotation (germinal_center),0.0693
KI67 1 in 200 run5.ndpi,Annotation (germinal_center),0.0912
KI67 1 in 200 run5.ndpi,Annotation (germinal_center),0.0429
KI67 1 in 200 run5.ndpi,Annotation (germinal_center),0.0505
KI67 1 in 200 run5.ndpi,Annotation (germinal_center),0.0621
KI67 1 in 200 run5.ndpi,Annotation (germinal_center),0.0538
KI67 1 in 200 run5.ndpi,Annotation (germinal_center),0.0661
KI67 1 in 200 run5.ndpi,Annotation (germinal_center),0.056
KI67 1 in 200 run5.ndpi,Annotation (germinal_center),0.0393
KI67 1 in 200 run5.ndpi,Annotation (germinal_center),0.0455
KI67 1 in 200 run5.ndpi,Annotation (germinal_center),0.0961
KI67 1 in 200 run5.ndpi,Annotation (germinal_center),0.0386
KI67 1 in 200 run5.ndpi,Annotation (germinal_center),0.0504
KI67 1 in 200 run5.ndpi,Annotation (germinal_center),0.0358
KI67 1 in 200 run5.ndpi,Annotation (germinal_center),0.0609
KI67 1 in 200 run5.ndpi,Annotation (germinal_center),0.0386
KI67 1 in 200 run5.ndpi,Annotation (germinal_center),0.0498
KI67 1 in 200 run5.ndpi,Annotation (germinal_center),0.0887
KI67 1 in 200 run5.ndpi,Annotation (germinal_center),0.0342
KI67 1 in 200 run5.ndpi,Annotation (germinal_center),0.034
KI67 1 in 200 run5.ndpi,Annotation (germinal_center),0.0383
KI67 1 in 200 run5.ndpi,Annotation (germinal_center),0.0453
KI67 1 in 200 run5.ndpi,Annotation (germinal_center),0.0716
KI67 1 in 200 run5.ndpi,Annotation (germinal_center),0.0506
KI67 1 in 200 run5.ndpi,Annotation (germinal_center),0.0265
KI67 1 in 200 run5.ndpi,Annotation (germinal_center),0.0462
KI67 1 in 200 run5.ndpi,Annotation (germinal_center),0.0521
KI67 1 in 200 run5.ndpi,Annotation (germinal_center),0.0379
KI67 1 in 200 run5.ndpi,Annotation (germinal_center),0.0659
KI67 1 in 200 run5.ndpi,Annotation (germinal_center),0.0474
KI67 1 in 200 run5.ndpi,Annotation (germinal_center),0.0504
KI67 1 in 200 run5.ndpi,Annotation (germinal_center),0.0472
KI67 1 in 200 run5.ndpi,Annotation (germinal_center),0.0569
KI67 1 in 200 run5.ndpi,Annotation (germinal_center),0.0501
KI67 1 in 200 run5.ndpi,Annotation (germinal_center),0.0434
KI67 1 in 200 run5.ndpi,Annotation (germinal_center),0.0387
KI67 1 in 200 run5.ndpi,Annotation (germinal_center),0.0512
KI67 1 in 200 run5.ndpi,Annotation (germinal_center),0.0769
KI67 1 in 200 run5.ndpi,Annotation (germinal_center),0.0574
KI67 1 in 200 run5.ndpi,Annotation (germinal_center),0.0562
KI67 1 in 200 run5.ndpi,Annotation (germinal_center),0.0509
KI67 1 in 200 run5.ndpi,Annotation (germinal_center),0.0445
KI67 1 in 200 run5.ndpi,Annotation (germinal_center),0.0454
KI67 1 in 200 run5.ndpi,Annotation (germinal_center),0.0278
KI67 1 in 200 run5.ndpi,Annotation (germinal_center),0.081
KI67 1 in 200 run5.ndpi,Annotation (germinal_center),0.0525
KI67 1 in 200 run5.ndpi,Annotation (germinal_center),0.0656
KI67 1 in 200 run5.ndpi,Annotation (germinal_center),0.0815
KI67 1 in 200 run5.ndpi,Annotation (germinal_center),0.0464
KI67 1 in 200 run5.ndpi,Annotation (germinal_center),0.059
KI67 1 in 200 run5.ndpi,Annotation (germinal_center),0.0568
KI67 1 in 200 run5.ndpi,Annotation (germinal_center),0.054
KI67 1 in 200 run5.ndpi,Annotation (germinal_center),0.073
KI67 1 in 200 run5.ndpi,Annotation (germinal_center),0.0702
KI67 1 in 200 run5.ndpi,Annotation (germinal_center),0.0657
KI67 1 in 200 run5.ndpi,Annotation (germinal_center),0.0628
KI67 1 in 200 run5.ndpi,Annotation (germinal_center),0.0539
KI67 1 in 200 run5.ndpi,Annotation (germinal_center),0.0728
KI67 1 in 200 run5.ndpi,Annotation (germinal_center),0.079
KI67 1 in 200 run5.ndpi,Annotation (germinal_center),0.0447
KI67 1 in 200 run5.ndpi,Annotation (germinal_center),0.08
KI67 1 in 200 run5.ndpi,Annotation (germinal_center),0.0363
KI67 1 in 200 run5.ndpi,Annotation (germinal_center),0.0652
KI67 1 in 200 run5.ndpi,Annotation (germinal_center),0.0639
KI67 1 in 200 run5.ndpi,Annotation (germinal_center),0.0736
KI67 1 in 200 run5.ndpi,Annotation (germinal_center),0.0752
KI67 1 in 200 run5.ndpi,Annotation (germinal_center),0.0387
KI67 1 in 200 run5.ndpi,Annotation (germinal_center),0.0594
KI67 1 in 200 run5.ndpi,Annotation (germinal_center),0.0679
KI67 1 in 200 run5.ndpi,Annotation (germinal_center),0.0521
KI67 1 in 200 run5.ndpi,Annotation (germinal_center),0.0554
KI67 1 in 200 run5.ndpi,Annotation (germinal_center),0.053
KI67 1 in 200 run5.ndpi,Annotation (germinal_center),0.0558
KI67 1 in 200 run5.ndpi,Annotation (germinal_center),0.0456
KI67 1 in 200 run5.ndpi,Annotation (germinal_center),0.0672
KI67 1 in 200 run5.ndpi,Annotation (germinal_center),0.0657
KI67 1 in 200 run5.ndpi,Annotation (germinal_center),0.0625
KI67 1 in 200 run5.ndpi,Annotation (germinal_center),0.0513
KI67 1 in 200 run5.ndpi,Annotation (germinal_center),0.0432
KI67 1 in 200 run5.ndpi,Annotation (germinal_center),0.0412
KI67 1 in 200 run5.ndpi,Annotation (germinal_center),0.0782
KI67 1 in 200 run5.ndpi,Annotation (germinal_center),0.0374
KI67 1 in 200 run5.ndpi,Annotation (germinal_center),0.0356
KI67 1 in 200 run5.ndpi,Annotation (germinal_center),0.0565
KI67 1 in 200 run5.ndpi,Annotation (germinal_center),0.0414
KI67 1 in 200 run5.ndpi,Annotation (germinal_center),0.0837
KI67 1 in 200 run5.ndpi,Annotation (germinal_center),0.0301
KI67 1 in 200 run5.ndpi,Annotation (germinal_center),0.0559
KI67 1 in 200 run5.ndpi,Annotation (germinal_center),0.0413
KI67 1 in 200 run5.ndpi,Annotation (germinal_center),0.0821
KI67 1 in 200 run5.ndpi,Annotation (germinal_center),0.0515
KI67 1 in 200 run5.ndpi,Annotation (germinal_center),0.0446
KI67 1 in 200 run5.ndpi,Annotation (germinal_center),0.0672
KI67 1 in 200 run5.ndpi,Annotation (germinal_center),0.0477
KI67 1 in 200 run5.ndpi,Annotation (germinal_center),0.0478
KI67 1 in 200 run5.ndpi,Annotation (germinal_center),0.0641
KI67 1 in 200 run5.ndpi,Annotation (germinal_center),0.0601
KI67 1 in 200 run5.ndpi,Annotation (germinal_center),0.0835
KI67 1 in 200 run5.ndpi,Annotation (germinal_center),0.0526
KI67 1 in 200 run5.ndpi,Annotation (germinal_center),0.0672
KI67 1 in 200 run5.ndpi,Annotation (germinal_center),0.0453
KI67 1 in 200 run5.ndpi,Annotation (germinal_center),0.0466
KI67 1 in 200 run5.ndpi,Annotation (germinal_center),0.0462
KI67 1 in 200 run5.ndpi,Annotation (germinal_center),0.0563
KI67 1 in 200 run5.ndpi,Annotation (germinal_center),0.0745
KI67 1 in 200 run5.ndpi,Annotation (germinal_center),0.0631
KI67 1 in 200 run5.ndpi,Annotation (germinal_center),0.0841
KI67 1 in 200 run5.ndpi,Annotation (germinal_center),0.0597
KI67 1 in 200 run5.ndpi,Annotation (germinal_center),0.0391
KI67 1 in 200 run5.ndpi,Annotation (germinal_center),0.0515
KI67 1 in 200 run5.ndpi,Annotation (germinal_center),0.0766
KI67 1 in 200 run5.ndpi,Annotation (germinal_center),0.0707
KI67 1 in 200 run5.ndpi,Annotation (germinal_center),0.0475
KI67 1 in 200 run5.ndpi,Annotation (germinal_center),0.0584
KI67 1 in 200 run5.ndpi,Annotation (germinal_center),0.0499
KI67 1 in 200 run5.ndpi,Annotation (germinal_center),0.0339
KI67 1 in 200 run5.ndpi,Annotation (germinal_center),0.0462
KI67 1 in 200 run5.ndpi,Annotation (germinal_center),0.0661
KI67 1 in 200 run5.ndpi,Annotation (germinal_center),0.0444
KI67 1 in 200 run5.ndpi,Annotation (germinal_center),0.0532
KI67 1 in 200 run5.ndpi,Annotation (germinal_center),0.0582
KI67 1 in 200 run5.ndpi,Annotation (germinal_center),0.0525
KI67 1 in 200 run5.ndpi,Annotation (germinal_center),0.0763
KI67 1 in 200 run5.ndpi,Annotation (germinal_center),0.0579
KI67 1 in 200 run5.ndpi,Annotation (germinal_center),0.0711
KI67 1 in 200 run5.ndpi,Annotation (germinal_center),0.0479
KI67 1 in 200 run5.ndpi,Annotation (germinal_center),0.0465
KI67 1 in 200 run5.ndpi,Annotation (germinal_center),0.0813
KI67 1 in 200 run5.ndpi,Annotation (germinal_center),0.0782
KI67 1 in 200 run5.ndpi,Annotation (germinal_center),0.0446
KI67 1 in 200 run5.ndpi,Annotation (germinal_center),0.0566
KI67 1 in 200 run5.ndpi,Annotation (germinal_center),0.0941
KI67 1 in 200 run5.ndpi,Annotation (germinal_center),0.0526
KI67 1 in 200 run5.ndpi,Annotation (germinal_center),0.0415
KI67 1 in 200 run5.ndpi,Annotation (germinal_center),0.0509
KI67 1 in 200 run5.ndpi,Annotation (germinal_center),0.0674
KI67 1 in 200 run5.ndpi,Annotation (germinal_center),0.0497
KI67 1 in 200 run5.ndpi,Annotation (germinal_center),0.0761
KI67 1 in 200 run5.ndpi,Annotation (germinal_center),0.0519
KI67 1 in 200 run5.ndpi,Annotation (germinal_center),0.0403
KI67 1 in 200 run5.ndpi,Annotation (germinal_center),0.0629
KI67 1 in 200 run5.ndpi,Annotation (germinal_center),0.0347
KI67 1 in 200 run5.ndpi,Annotation (germinal_center),0.0357
KI67 1 in 200 run5.ndpi,Annotation (germinal_center),0.0446
KI67 1 in 200 run5.ndpi,Annotation (germinal_center),0.0424
KI67 1 in 200 run5.ndpi,Annotation (germinal_center),0.0536
KI67 1 in 200 run5.ndpi,Annotation (germinal_center),0.0699
KI67 1 in 200 run5.ndpi,Annotation (germinal_center),0.0605
KI67 1 in 200 run5.ndpi,Annotation (germinal_center),0.0369
KI67 1 in 200 run5.ndpi,Annotation (germinal_center),0.0526
KI67 1 in 200 run5.ndpi,Annotation (germinal_center),0.0612
KI67 1 in 200 run5.ndpi,Annotation (germinal_center),0.0699
KI67 1 in 200 run5.ndpi,Annotation (germinal_center),0.0658
KI67 1 in 200 run5.ndpi,Annotation (germinal_center),0.0622
KI67 1 in 200 run5.ndpi,Annotation (germinal_center),0.0568
KI67 1 in 200 run5.ndpi,Annotation (germinal_center),0.0422
KI67 1 in 200 run5.ndpi,Annotation (germinal_center),0.0558
KI67 1 in 200 run5.ndpi,Annotation (germinal_center),0.0499
KI67 1 in 200 run5.ndpi,Annotation (germinal_center),0.0765
KI67 1 in 200 run5.ndpi,Annotation (germinal_center),0.049
KI67 1 in 200 run5.ndpi,Annotation (germinal_center),0.0405
KI67 1 in 200 run5.ndpi,Annotation (germinal_center),0.0991
KI67 1 in 200 run5.ndpi,Annotation (germinal_center),0.0882
KI67 1 in 200 run5.ndpi,Annotation (germinal_center),0.0542
KI67 1 in 200 run5.ndpi,Annotation (germinal_center),0.0538
KI67 1 in 200 run5.ndpi,Annotation (germinal_center),0.0682
KI67 1 in 200 run5.ndpi,Annotation (germinal_center),0.0695
KI67 1 in 200 run5.ndpi,Annotation (germinal_center),0.0791
KI67 1 in 200 run5.ndpi,Annotation (germinal_center),0.0593
KI67 1 in 200 run5.ndpi,Annotation (germinal_center),0.0562
KI67 1 in 200 run5.ndpi,Annotation (germinal_center),0.0324
KI67 1 in 200 run5.ndpi,Annotation (germinal_center),0.0542
KI67 1 in 200 run5.ndpi,Annotation (germinal_center),0.0652
KI67 1 in 200 run5.ndpi,Annotation (germinal_center),0.0521
KI67 1 in 200 run5.ndpi,Annotation (germinal_center),0.0449
KI67 1 in 200 run5.ndpi,Annotation (germinal_center),0.0319
KI67 1 in 200 run5.ndpi,Annotation (germinal_center),0.0605
KI67 1 in 200 run5.ndpi,Annotation (germinal_center),0.0472
KI67 1 in 200 run5.ndpi,Annotation (germinal_center),0.0649
KI67 1 in 200 run5.ndpi,Annotation (germinal_center),0.0529
KI67 1 in 200 run5.ndpi,Annotation (germinal_center),0.081
KI67 1 in 200 run5.ndpi,Annotation (germinal_center),0.0825
KI67 1 in 200 run5.ndpi,Annotation (germinal_center),0.0711
KI67 1 in 200 run5.ndpi,Annotation (germinal_center),0.0671
KI67 1 in 200 run5.ndpi,Annotation (germinal_center),0.0461
KI67 1 in 200 run5.ndpi,Annotation (germinal_center),0.0393
KI67 1 in 200 run5.ndpi,Annotation (germinal_center),0.0469
KI67 1 in 200 run5.ndpi,Annotation (germinal_center),0.0559
KI67 1 in 200 run5.ndpi,Annotation (germinal_center),0.0445
KI67 1 in 200 run5.ndpi,Annotation (germinal_center),0.0411
KI67 1 in 200 run5.ndpi,Annotation (germinal_center),0.0347
KI67 1 in 200 run5.ndpi,Annotation (germinal_center),0.0425
KI67 1 in 200 run5.ndpi,Annotation (germinal_center),0.0543
KI67 1 in 200 run5.ndpi,Annotation (germinal_center),0.0435
KI67 1 in 200 run5.ndpi,Annotation (germinal_center),0.0477
KI67 1 in 200 run5.ndpi,Annotation (germinal_center),0.05
KI67 1 in 200 run5.ndpi,Annotation (germinal_center),0.0586
KI67 1 in 200 run5.ndpi,Annotation (germinal_center),0.0426
KI67 1 in 200 run5.ndpi,Annotation (germinal_center),0.0303
KI67 1 in 200 run5.ndpi,Annotation (germinal_center),0.0505
KI67 1 in 200 run5.ndpi,Annotation (germinal_center),0.0396
KI67 1 in 200 run5.ndpi,Annotation (germinal_center),0.0429
KI67 1 in 200 run5.ndpi,Annotation (germinal_center),0.0631
KI67 1 in 200 run5.ndpi,Annotation (germinal_center),0.0587
KI67 1 in 200 run5.ndpi,Annotation (germinal_center),0.0861
KI67 1 in 200 run5.ndpi,Annotation (germinal_center),0.0496
KI67 1 in 200 run5.ndpi,Annotation (germinal_center),0.0431
KI67 1 in 200 run5.ndpi,Annotation (germinal_center),0.0796
KI67 1 in 200 run5.ndpi,Annotation (germinal_center),0.0711
KI67 1 in 200 run5.ndpi,Annotation (germinal_center),0.045
KI67 1 in 200 run5.ndpi,Annotation (germinal_center),0.0525
KI67 1 in 200 run5.ndpi,Annotation (germinal_center),0.0854
KI67 1 in 200 run5.ndpi,Annotation (germinal_center),0.0447
KI67 1 in 200 run5.ndpi,Annotation (germinal_center),0.0664
KI67 1 in 200 run5.ndpi,Annotation (germinal_center),0.0532
KI67 1 in 200 run5.ndpi,Annotation (germinal_center),0.0501
KI67 1 in 200 run5.ndpi,Annotation (germinal_center),0.07
KI67 1 in 200 run5.ndpi,Annotation (germinal_center),0.0617
KI67 1 in 200 run5.ndpi,Annotation (germinal_center),0.0453
KI67 1 in 200 run5.ndpi,Annotation (germinal_center),0.0733
KI67 1 in 200 run5.ndpi,Annotation (germinal_center),0.0437
KI67 1 in 200 run5.ndpi,Annotation (germinal_center),0.058
KI67 1 in 200 run5.ndpi,Annotation (germinal_center),0.0495
KI67 1 in 200 run5.ndpi,Annotation (germinal_center),0.0372
KI67 1 in 200 run5.ndpi,Annotation (germinal_center),0.0555
KI67 1 in 200 run5.ndpi,Annotation (germinal_center),0.0622
KI67 1 in 200 run5.ndpi,Annotation (germinal_center),0.0858
KI67 1 in 200 run5.ndpi,Annotation (germinal_center),0.0451
KI67 1 in 200 run5.ndpi,Annotation (germinal_center),0.0548
KI67 1 in 200 run5.ndpi,Annotation (germinal_center),0.0719
KI67 1 in 200 run5.ndpi,Annotation (germinal_center),0.0609
KI67 1 in 200 run5.ndpi,Annotation (germinal_center),0.0755
KI67 1 in 200 run5.ndpi,Annotation (germinal_center),0.0304
KI67 1 in 200 run5.ndpi,Annotation (germinal_center),0.0392
KI67 1 in 200 run5.ndpi,Annotation (germinal_center),0.0439
KI67 1 in 200 run5.ndpi,Annotation (germinal_center),0.0594
KI67 1 in 200 run5.ndpi,Annotation (germinal_center),0.0418
KI67 1 in 200 run5.ndpi,Annotation (germinal_center),0.0433
KI67 1 in 200 run5.ndpi,Annotation (germinal_center),0.0838
KI67 1 in 200 run5.ndpi,Annotation (germinal_center),0.0496
KI67 1 in 200 run5.ndpi,Annotation (germinal_center),0.074
KI67 1 in 200 run5.ndpi,Annotation (germinal_center),0.0642
KI67 1 in 200 run5.ndpi,Annotation (germinal_center),0.042
KI67 1 in 200 run5.ndpi,Annotation (germinal_center),0.0396
KI67 1 in 200 run5.ndpi,Annotation (germinal_center),0.0519
KI67 1 in 200 run5.ndpi,Annotation (germinal_center),0.0842
KI67 1 in 200 run5.ndpi,Annotation (germinal_center),0.0367
KI67 1 in 200 run5.ndpi,Annotation (germinal_center),0.0569
KI67 1 in 200 run5.ndpi,Annotation (germinal_center),0.0483
KI67 1 in 200 run5.ndpi,Annotation (germinal_center),0.0507
KI67 1 in 200 run5.ndpi,Annotation (germinal_center),0.048
KI67 1 in 200 run5.ndpi,Annotation (germinal_center),0.0456
KI67 1 in 200 run5.ndpi,Annotation (germinal_center),0.0548
KI67 1 in 200 run5.ndpi,Annotation (germinal_center),0.0501
KI67 1 in 200 run5.ndpi,Annotation (germinal_center),0.0441
KI67 1 in 200 run5.ndpi,Annotation (germinal_center),0.0584
KI67 1 in 200 run5.ndpi,Annotation (germinal_center),0.0399
KI67 1 in 200 run5.ndpi,Annotation (germinal_center),0.0602
KI67 1 in 200 run5.ndpi,Annotation (germinal_center),0.0437
KI67 1 in 200 run5.ndpi,Annotation (germinal_center),0.0451
KI67 1 in 200 run5.ndpi,Annotation (germinal_center),0.046
KI67 1 in 200 run5.ndpi,Annotation (germinal_center),0.0443
KI67 1 in 200 run5.ndpi,Annotation (germinal_center),0.0608
KI67 1 in 200 run5.ndpi,Annotation (germinal_center),0.0449
KI67 1 in 200 run5.ndpi,Annotation (germinal_center),0.0364
KI67 1 in 200 run5.ndpi,Annotation (germinal_center),0.0588
KI67 1 in 200 run5.ndpi,Annotation (germinal_center),0.0496
KI67 1 in 200 run5.ndpi,Annotation (germinal_center),0.0531
KI67 1 in 200 run5.ndpi,Annotation (germinal_center),0.031
KI67 1 in 200 run5.ndpi,Annotation (germinal_center),0.05
KI67 1 in 200 run5.ndpi,Annotation (germinal_center),0.0464
KI67 1 in 200 run5.ndpi,Annotation (germinal_center),0.0492
KI67 1 in 200 run5.ndpi,Annotation (germinal_center),0.0415
KI67 1 in 200 run5.ndpi,Annotation (germinal_center),0.0734
KI67 1 in 200 run5.ndpi,Annotation (germinal_center),0.045
KI67 1 in 200 run5.ndpi,Annotation (germinal_center),0.046
KI67 1 in 200 run5.ndpi,Annotation (germinal_center),0.0499
KI67 1 in 200 run5.ndpi,Annotation (germinal_center),0.0628
KI67 1 in 200 run5.ndpi,Annotation (germinal_center),0.0537
KI67 1 in 200 run5.ndpi,Annotation (germinal_center),0.0453
KI67 1 in 200 run5.ndpi,Annotation (germinal_center),0.0418
KI67 1 in 200 run5.ndpi,Annotation (germinal_center),0.0481
KI67 1 in 200 run5.ndpi,Annotation (germinal_center),0.0602
KI67 1 in 200 run5.ndpi,Annotation (germinal_center),0.0602
KI67 1 in 200 run5.ndpi,Annotation (germinal_center),0.0665
KI67 1 in 200 run5.ndpi,Annotation (germinal_center),0.0452
KI67 1 in 200 run5.ndpi,Annotation (germinal_center),0.0616
KI67 1 in 200 run5.ndpi,Annotation (germinal_center),0.0321
KI67 1 in 200 run5.ndpi,Annotation (germinal_center),0.0396
KI67 1 in 200 run5.ndpi,Annotation (germinal_center),0.0411
KI67 1 in 200 run5.ndpi,Annotation (germinal_center),0.0494
KI67 1 in 200 run5.ndpi,Annotation (germinal_center),0.0391
KI67 1 in 200 run5.ndpi,Annotation (germinal_center),0.0768
KI67 1 in 200 run5.ndpi,Annotation (germinal_center),0.0316
KI67 1 in 200 run5.ndpi,Annotation (germinal_center),0.0612
KI67 1 in 200 run5.ndpi,Annotation (germinal_center),0.0459
KI67 1 in 200 run5.ndpi,Annotation (germinal_center),0.0599
KI67 1 in 200 run5.ndpi,Annotation (germinal_center),0.0315
KI67 1 in 200 run5.ndpi,Annotation (germinal_center),0.0842
KI67 1 in 200 run5.ndpi,Annotation (germinal_center),0.0379
KI67 1 in 200 run5.ndpi,Annotation (germinal_center),0.0523
KI67 1 in 200 run5.ndpi,Annotation (germinal_center),0.0358
KI67 1 in 200 run5.ndpi,Annotation (germinal_center),0.0815
KI67 1 in 200 run5.ndpi,Annotation (germinal_center),0.0543
KI67 1 in 200 run5.ndpi,Annotation (germinal_center),0.0428
KI67 1 in 200 run5.ndpi,Annotation (germinal_center),0.053
KI67 1 in 200 run5.ndpi,Annotation (germinal_center),0.0499
KI67 1 in 200 run5.ndpi,Annotation (germinal_center),0.0535
KI67 1 in 200 run5.ndpi,Annotation (germinal_center),0.0382
KI67 1 in 200 run5.ndpi,Annotation (germinal_center),0.039
KI67 1 in 200 run5.ndpi,Annotation (germinal_center),0.048
KI67 1 in 200 run5.ndpi,Annotation (germinal_center),0.0956
KI67 1 in 200 run5.ndpi,Annotation (germinal_center),0.0517
KI67 1 in 200 run5.ndpi,Annotation (germinal_center),0.0391
KI67 1 in 200 run5.ndpi,Annotation (germinal_center),0.039
KI67 1 in 200 run5.ndpi,Annotation (germinal_center),0.0419
KI67 1 in 200 run5.ndpi,Annotation (germinal_center),0.0246
KI67 1 in 200 run5.ndpi,Annotation (germinal_center),0.0378
KI67 1 in 200 run5.ndpi,Annotation (germinal_center),0.0614
KI67 1 in 200 run5.ndpi,Annotation (germinal_center),0.0401
KI67 1 in 200 run5.ndpi,Annotation (germinal_center),0.0413
KI67 1 in 200 run5.ndpi,Annotation (germinal_center),0.0625
KI67 1 in 200 run5.ndpi,Annotation (germinal_center),0.0371
KI67 1 in 200 run5.ndpi,Annotation (germinal_center),0.0485
KI67 1 in 200 run5.ndpi,Annotation (germinal_center),0.0376
KI67 1 in 200 run5.ndpi,Annotation (germinal_center),0.0565
KI67 1 in 200 run5.ndpi,Annotation (germinal_center),0.0387
KI67 1 in 200 run5.ndpi,Annotation (germinal_center),0.0438
KI67 1 in 200 run5.ndpi,Annotation (germinal_center),0.0482
KI67 1 in 200 run5.ndpi,Annotation (germinal_center),0.0617
KI67 1 in 200 run5.ndpi,Annotation (germinal_center),0.045
KI67 1 in 200 run5.ndpi,Annotation (germinal_center),0.0567
KI67 1 in 200 run5.ndpi,Annotation (germinal_center),0.0346
KI67 1 in 200 run5.ndpi,Annotation (germinal_center),0.0768
KI67 1 in 200 run5.ndpi,Annotation (germinal_center),0.0471
KI67 1 in 200 run5.ndpi,Annotation (germinal_center),0.0442
KI67 1 in 200 run5.ndpi,Annotation (germinal_center),0.0473
KI67 1 in 200 run5.ndpi,Annotation (germinal_center),0.0525
KI67 1 in 200 run5.ndpi,Annotation (germinal_center),0.0478
KI67 1 in 200 run5.ndpi,Annotation (germinal_center),0.0492
KI67 1 in 200 run5.ndpi,Annotation (germinal_center),0.0551
KI67 1 in 200 run5.ndpi,Annotation (germinal_center),0.0573
KI67 1 in 200 run5.ndpi,Annotation (germinal_center),0.0378
KI67 1 in 200 run5.ndpi,Annotation (germinal_center),0.0741
KI67 1 in 200 run5.ndpi,Annotation (germinal_center),0.0536
KI67 1 in 200 run5.ndpi,Annotation (germinal_center),0.0533
KI67 1 in 200 run5.ndpi,Annotation (germinal_center),0.0775
KI67 1 in 200 run5.ndpi,Annotation (germinal_center),0.0673
KI67 1 in 200 run5.ndpi,Annotation (germinal_center),0.0528
KI67 1 in 200 run5.ndpi,Annotation (germinal_center),0.0268
KI67 1 in 200 run5.ndpi,Annotation (germinal_center),0.0407
KI67 1 in 200 run5.ndpi,Annotation (germinal_center),0.0467
KI67 1 in 200 run5.ndpi,Annotation (germinal_center),0.0419
KI67 1 in 200 run5.ndpi,Annotation (germinal_center),0.0531
KI67 1 in 200 run5.ndpi,Annotation (germinal_center),0.0682
KI67 1 in 200 run5.ndpi,Annotation (germinal_center),
KI67 1 in 200 run5.ndpi,Annotation (germinal_center),0.0665
KI67 1 in 200 run5.ndpi,Annotation (germinal_center),0.0407
KI67 1 in 200 run5.ndpi,Annotation (germinal_center),0.0471
KI67 1 in 200 run5.ndpi,Annotation (germinal_center),0.095
KI67 1 in 200 run5.ndpi,Annotation (germinal_center),0.0489
KI67 1 in 200 run5.ndpi,Annotation (germinal_center),
KI67 1 in 200 run5.ndpi,Annotation (germinal_center),0.0515
KI67 1 in 200 run5.ndpi,Annotation (germinal_center),0.0941
KI67 1 in 200 run5.ndpi,Annotation (germinal_center),0.0618
KI67 1 in 200 run5.ndpi,Annotation (germinal_center),0.0676
KI67 1 in 200 run5.ndpi,Annotation (germinal_center),0.061
KI67 1 in 200 run5.ndpi,Annotation (germinal_center),0.0854
KI67 1 in 200 run5.ndpi,Annotation (germinal_center),0.0735
KI67 1 in 200 run5.ndpi,Annotation (germinal_center),0.0724
KI67 1 in 200 run5.ndpi,Annotation (germinal_center),0.0436
KI67 1 in 200 run5.ndpi,Annotation (germinal_center),0.0969
KI67 1 in 200 run5.ndpi,Annotation (germinal_center),0.0946
KI67 1 in 200 run5.ndpi,Annotation (germinal_center),0.0641
KI67 1 in 200 run5.ndpi,Annotation (germinal_center),0.0434
KI67 1 in 200 run5.ndpi,Annotation (germinal_center),0.1139
KI67 1 in 200 run5.ndpi,Annotation (germinal_center),0.0744
KI67 1 in 200 run5.ndpi,Annotation (germinal_center),
KI67 1 in 200 run5.ndpi,Annotation (germinal_center),0.0451
KI67 1 in 200 run5.ndpi,Annotation (germinal_center),0.0875
KI67 1 in 200 run5.ndpi,Annotation (germinal_center),0.0978
KI67 1 in 200 run5.ndpi,Annotation (germinal_center),0.0571
KI67 1 in 200 run5.ndpi,Annotation (germinal_center),0.0253
KI67 1 in 200 run5.ndpi,Annotation (germinal_center),0.0814
KI67 1 in 200 run5.ndpi,Annotation (germinal_center),0.0902
KI67 1 in 200 run5.ndpi,Annotation (germinal_center),0.054
KI67 1 in 200 run5.ndpi,Annotation (germinal_center),0.0609
KI67 1 in 200 run5.ndpi,Annotation (germinal_center),0.0262
KI67 1 in 200 run5.ndpi,Annotation (germinal_center),0.0676
KI67 1 in 200 run5.ndpi,Annotation (germinal_center),0.0766
KI67 1 in 200 run5.ndpi,Annotation (germinal_center),0.0331
KI67 1 in 200 run5.ndpi,Annotation (germinal_center),0.4476
KI67 1 in 200 run5.ndpi,Annotation (germinal_center),0.0559
KI67 1 in 200 run5.ndpi,Annotation (germinal_center),0.0452
KI67 1 in 200 run5.ndpi,Annotation (germinal_center),0.0325
KI67 1 in 200 run5.ndpi,Annotation (germinal_center),0.0585
KI67 1 in 200 run5.ndpi,Annotation (germinal_center),0.0699
KI67 1 in 200 run5.ndpi,Annotation (germinal_center),0.0407
KI67 1 in 200 run5.ndpi,Annotation (germinal_center),0.0605
KI67 1 in 200 run5.ndpi,Annotation (germinal_center),0.0846
KI67 1 in 200 run5.ndpi,Annotation (germinal_center),0.047
KI67 1 in 200 run5.ndpi,Annotation (germinal_center),0.0717
KI67 1 in 200 run5.ndpi,Annotation (germinal_center),0.0918
KI67 1 in 200 run5.ndpi,Annotation (germinal_center),0.0693
KI67 1 in 200 run5.ndpi,Annotation (germinal_center),0.0386
KI67 1 in 200 run5.ndpi,Annotation (germinal_center),0.073
KI67 1 in 200 run5.ndpi,Annotation (germinal_center),0.061
KI67 1 in 200 run5.ndpi,Annotation (germinal_center),0.0588
KI67 1 in 200 run5.ndpi,Annotation (germinal_center),0.0353
KI67 1 in 200 run5.ndpi,Annotation (germinal_center),0.0357
KI67 1 in 200 run5.ndpi,Annotation (germinal_center),0.0707
KI67 1 in 200 run5.ndpi,Annotation (germinal_center),0.0687
KI67 1 in 200 run5.ndpi,Annotation (germinal_center),0.0442
KI67 1 in 200 run5.ndpi,Annotation (germinal_center),0.0797
KI67 1 in 200 run5.ndpi,Annotation (germinal_center),0.0533
KI67 1 in 200 run5.ndpi,Annotation (germinal_center),0.0878
KI67 1 in 200 run5.ndpi,Annotation (germinal_center),0.0722
KI67 1 in 200 run5.ndpi,Annotation (germinal_center),0.0667
KI67 1 in 200 run5.ndpi,Annotation (germinal_center),0.0888
KI67 1 in 200 run5.ndpi,Annotation (germinal_center),0.0906
KI67 1 in 200 run5.ndpi,Annotation (germinal_center),0.0638
KI67 1 in 200 run5.ndpi,Annotation (germinal_center),0.0598
KI67 1 in 200 run5.ndpi,Annotation (germinal_center),0.0556
KI67 1 in 200 run5.ndpi,Annotation (germinal_center),0.0621
KI67 1 in 200 run5.ndpi,Annotation (germinal_center),0.0835
KI67 1 in 200 run5.ndpi,Annotation (germinal_center),0.0419
KI67 1 in 200 run5.ndpi,Annotation (germinal_center),0.0465
KI67 1 in 200 run5.ndpi,Annotation (germinal_center),0.0455
KI67 1 in 200 run5.ndpi,Annotation (germinal_center),0.065
KI67 1 in 200 run5.ndpi,Annotation (germinal_center),0.055
KI67 1 in 200 run5.ndpi,Annotation (germinal_center),0.0407
KI67 1 in 200 run5.ndpi,Annotation (germinal_center),0.0589
KI67 1 in 200 run5.ndpi,Annotation (germinal_center),0.0916
KI67 1 in 200 run5.ndpi,Annotation (germinal_center),0.0818
KI67 1 in 200 run5.ndpi,Annotation (germinal_center),0.0829
KI67 1 in 200 run5.ndpi,Annotation (germinal_center),0.0868
KI67 1 in 200 run5.ndpi,Annotation (germinal_center),0.0825
KI67 1 in 200 run5.ndpi,Annotation (germinal_center),0.0497
KI67 1 in 200 run5.ndpi,Annotation (germinal_center),0.0852
KI67 1 in 200 run5.ndpi,Annotation (germinal_center),0.0779
KI67 1 in 200 run5.ndpi,Annotation (germinal_center),0.0453
KI67 1 in 200 run5.ndpi,Annotation (germinal_center),0.0366
KI67 1 in 200 run5.ndpi,Annotation (germinal_center),0.0367
KI67 1 in 200 run5.ndpi,Annotation (germinal_center),0.0602
KI67 1 in 200 run5.ndpi,Annotation (germinal_center),0.0734
KI67 1 in 200 run5.ndpi,Annotation (germinal_center),0.0615
KI67 1 in 200 run5.ndpi,Annotation (germinal_center),0.0392
KI67 1 in 200 run5.ndpi,Annotation (germinal_center),0.0781
KI67 1 in 200 run5.ndpi,Annotation (germinal_center),0.0576
KI67 1 in 200 run5.ndpi,Annotation (germinal_center),0.0801
KI67 1 in 200 run5.ndpi,Annotation (germinal_center),0.0726
KI67 1 in 200 run5.ndpi,Annotation (germinal_center),0.071
KI67 1 in 200 run5.ndpi,Annotation (germinal_center),0.0612
KI67 1 in 200 run5.ndpi,Annotation (germinal_center),0.3795
KI67 1 in 200 run5.ndpi,Annotation (germinal_center),0.0566
KI67 1 in 200 run5.ndpi,Annotation (germinal_center),0.041
KI67 1 in 200 run5.ndpi,Annotation (germinal_center),0.0506
KI67 1 in 200 run5.ndpi,Annotation (germinal_center),0.0395
KI67 1 in 200 run5.ndpi,Annotation (germinal_center),0.0872
KI67 1 in 200 run5.ndpi,Annotation (germinal_center),0.0508
KI67 1 in 200 run5.ndpi,Annotation (germinal_center),0.0454
KI67 1 in 200 run5.ndpi,Annotation (germinal_center),0.0437
KI67 1 in 200 run5.ndpi,Annotation (germinal_center),0.0741
KI67 1 in 200 run5.ndpi,Annotation (germinal_center),0.0765
KI67 1 in 200 run5.ndpi,Annotation (germinal_center),0.0475
KI67 1 in 200 run5.ndpi,Annotation (germinal_center),0.0405
KI67 1 in 200 run5.ndpi,Annotation (germinal_center),0.1009
KI67 1 in 200 run5.ndpi,Annotation (germinal_center),0.0764
KI67 1 in 200 run5.ndpi,Annotation (germinal_center),0.0477
KI67 1 in 200 run5.ndpi,Annotation (germinal_center),0.0619
KI67 1 in 200 run5.ndpi,Annotation (germinal_center),0.0624
KI67 1 in 200 run5.ndpi,Annotation (germinal_center),0.0417
KI67 1 in 200 run5.ndpi,Annotation (germinal_center),0.0905
KI67 1 in 200 run5.ndpi,Annotation (germinal_center),0.0608
KI67 1 in 200 run5.ndpi,Annotation (germinal_center),0.0534
KI67 1 in 200 run5.ndpi,Annotation (germinal_center),0.0579
KI67 1 in 200 run5.ndpi,Annotation (germinal_center),0.0336
KI67 1 in 200 run5.ndpi,Annotation (germinal_center),0.0888
KI67 1 in 200 run5.ndpi,Annotation (germinal_center),0.0726
KI67 1 in 200 run5.ndpi,Annotation (germinal_center),0.0538
KI67 1 in 200 run5.ndpi,Annotation (germinal_center),0.0762
KI67 1 in 200 run5.ndpi,Annotation (germinal_center),0.0701
KI67 1 in 200 run5.ndpi,Annotation (germinal_center),0.0428
KI67 1 in 200 run5.ndpi,Annotation (germinal_center),0.0424
KI67 1 in 200 run5.ndpi,Annotation (germinal_center),0.0291
KI67 1 in 200 run5.ndpi,Annotation (germinal_center),0.0743
KI67 1 in 200 run5.ndpi,Annotation (germinal_center),0.0315
KI67 1 in 200 run5.ndpi,Annotation (germinal_center),0.0832
KI67 1 in 200 run5.ndpi,Annotation (germinal_center),0.0923
KI67 1 in 200 run5.ndpi,Annotation (germinal_center),0.0611
KI67 1 in 200 run5.ndpi,Annotation (germinal_center),0.0383
KI67 1 in 200 run5.ndpi,Annotation (germinal_center),0.0526
KI67 1 in 200 run5.ndpi,Annotation (germinal_center),0.0642
KI67 1 in 200 run5.ndpi,Annotation (germinal_center),0.0563
KI67 1 in 200 run5.ndpi,Annotation (germinal_center),0.0612
KI67 1 in 200 run5.ndpi,Annotation (germinal_center),0.0557
KI67 1 in 200 run5.ndpi,Annotation (germinal_center),0.0499
KI67 1 in 200 run5.ndpi,Annotation (germinal_center),0.0608
KI67 1 in 200 run5.ndpi,Annotation (germinal_center),0.0612
KI67 1 in 200 run5.ndpi,Annotation (germinal_center),0.1028
KI67 1 in 200 run5.ndpi,Annotation (germinal_center),0.061
KI67 1 in 200 run5.ndpi,Annotation (germinal_center),0.035
KI67 1 in 200 run5.ndpi,Annotation (germinal_center),0.0289
KI67 1 in 200 run5.ndpi,Annotation (germinal_center),0.0774
KI67 1 in 200 run5.ndpi,Annotation (germinal_center),0.0828
KI67 1 in 200 run5.ndpi,Annotation (germinal_center),0.0428
KI67 1 in 200 run5.ndpi,Annotation (germinal_center),0.0631
KI67 1 in 200 run5.ndpi,Annotation (germinal_center),0.0712
KI67 1 in 200 run5.ndpi,Annotation (germinal_center),0.0621
KI67 1 in 200 run5.ndpi,Annotation (germinal_center),0.1027
KI67 1 in 200 run5.ndpi,Annotation (germinal_center),0.0933
KI67 1 in 200 run5.ndpi,Annotation (germinal_center),0.0313
KI67 1 in 200 run5.ndpi,Annotation (germinal_center),0.057
KI67 1 in 200 run5.ndpi,Annotation (germinal_center),0.0647
KI67 1 in 200 run5.ndpi,Annotation (germinal_center),0.0383
KI67 1 in 200 run5.ndpi,Annotation (germinal_center),0.0628
KI67 1 in 200 run5.ndpi,Annotation (germinal_center),0.037
KI67 1 in 200 run5.ndpi,Annotation (germinal_center),0.0438
KI67 1 in 200 run5.ndpi,Annotation (germinal_center),0.0374
KI67 1 in 200 run5.ndpi,Annotation (germinal_center),0.0511
KI67 1 in 200 run5.ndpi,Annotation (germinal_center),0.0364
KI67 1 in 200 run5.ndpi,Annotation (germinal_center),0.0751
KI67 1 in 200 run5.ndpi,Annotation (germinal_center),0.0441
KI67 1 in 200 run5.ndpi,Annotation (germinal_center),0.0433
KI67 1 in 200 run5.ndpi,Annotation (germinal_center),0.0398
KI67 1 in 200 run5.ndpi,Annotation (germinal_center),0.0675
KI67 1 in 200 run5.ndpi,Annotation (germinal_center),0.0255
KI67 1 in 200 run5.ndpi,Annotation (germinal_center),0.046
KI67 1 in 200 run5.ndpi,Annotation (germinal_center),0.0478
KI67 1 in 200 run5.ndpi,Annotation (germinal_center),0.1073
KI67 1 in 200 run5.ndpi,Annotation (germinal_center),0.037
KI67 1 in 200 run5.ndpi,Annotation (germinal_center),0.0526
KI67 1 in 200 run5.ndpi,Annotation (germinal_center),0.0872
KI67 1 in 200 run5.ndpi,Annotation (germinal_center),0.0756
KI67 1 in 200 run5.ndpi,Annotation (germinal_center),0.0335
KI67 1 in 200 run5.ndpi,Annotation (germinal_center),0.0614
KI67 1 in 200 run5.ndpi,Annotation (germinal_center),0.073
KI67 1 in 200 run5.ndpi,Annotation (germinal_center),0.0473
KI67 1 in 200 run5.ndpi,Annotation (germinal_center),0.058
KI67 1 in 200 run5.ndpi,Annotation (germinal_center),0.0486
KI67 1 in 200 run5.ndpi,Annotation (germinal_center),0.0454
KI67 1 in 200 run5.ndpi,Annotation (germinal_center),0.0614
KI67 1 in 200 run5.ndpi,Annotation (germinal_center),0.0977
KI67 1 in 200 run5.ndpi,Annotation (germinal_center),0.0518
KI67 1 in 200 run5.ndpi,Annotation (germinal_center),0.0575
KI67 1 in 200 run5.ndpi,Annotation (germinal_center),0.0432
KI67 1 in 200 run5.ndpi,Annotation (germinal_center),0.0645
KI67 1 in 200 run5.ndpi,Annotation (germinal_center),0.0788
KI67 1 in 200 run5.ndpi,Annotation (germinal_center),0.0506
KI67 1 in 200 run5.ndpi,Annotation (germinal_center),0.0364
KI67 1 in 200 run5.ndpi,Annotation (germinal_center),0.0761
KI67 1 in 200 run5.ndpi,Annotation (germinal_center),0.0818
KI67 1 in 200 run5.ndpi,Annotation (germinal_center),0.0579
KI67 1 in 200 run5.ndpi,Annotation (germinal_center),0.0438
KI67 1 in 200 run5.ndpi,Annotation (germinal_center),0.0686
KI67 1 in 200 run5.ndpi,Annotation (germinal_center),0.0673
KI67 1 in 200 run5.ndpi,Annotation (germinal_center),0.0643
KI67 1 in 200 run5.ndpi,Annotation (germinal_center),0.0596
KI67 1 in 200 run5.ndpi,Annotation (germinal_center),0.0523
KI67 1 in 200 run5.ndpi,Annotation (germinal_center),0.0752
KI67 1 in 200 run5.ndpi,Annotation (germinal_center),0.0402
KI67 1 in 200 run5.ndpi,Annotation (germinal_center),0.0343
KI67 1 in 200 run5.ndpi,Annotation (germinal_center),0.1156
KI67 1 in 200 run5.ndpi,Annotation (germinal_center),0.0572
KI67 1 in 200 run5.ndpi,Annotation (germinal_center),0.0602
KI67 1 in 200 run5.ndpi,Annotation (germinal_center),0.0714
KI67 1 in 200 run5.ndpi,Annotation (germinal_center),0.0603
KI67 1 in 200 run5.ndpi,Annotation (germinal_center),0.0948
KI67 1 in 200 run5.ndpi,Annotation (germinal_center),0.0675
KI67 1 in 200 run5.ndpi,Annotation (germinal_center),0.0484
KI67 1 in 200 run5.ndpi,Annotation (germinal_center),0.037
KI67 1 in 200 run5.ndpi,Annotation (germinal_center),0.0964
KI67 1 in 200 run5.ndpi,Annotation (germinal_center),0.027
KI67 1 in 200 run5.ndpi,Annotation (germinal_center),0.0383
KI67 1 in 200 run5.ndpi,Annotation (germinal_center),0.0509
KI67 1 in 200 run5.ndpi,Annotation (germinal_center),0.0424
KI67 1 in 200 run5.ndpi,Annotation (germinal_center),0.0397
KI67 1 in 200 run5.ndpi,Annotation (germinal_center),0.0446
KI67 1 in 200 run5.ndpi,Annotation (germinal_center),0.0434
KI67 1 in 200 run5.ndpi,Annotation (germinal_center),0.0529
KI67 1 in 200 run5.ndpi,Annotation (germinal_center),0.0844
KI67 1 in 200 run5.ndpi,Annotation (germinal_center),0.0842
KI67 1 in 200 run5.ndpi,Annotation (germinal_center),0.057
KI67 1 in 200 run5.ndpi,Annotation (germinal_center),0.0637
KI67 1 in 200 run5.ndpi,Annotation (germinal_center),0.0341
KI67 1 in 200 run5.ndpi,Annotation (germinal_center),0.1028
KI67 1 in 200 run5.ndpi,Annotation (germinal_center),0.0429
KI67 1 in 200 run5.ndpi,Annotation (germinal_center),0.0729
KI67 1 in 200 run5.ndpi,Annotation (germinal_center),0.0658
KI67 1 in 200 run5.ndpi,Annotation (germinal_center),0.0679
KI67 1 in 200 run5.ndpi,Annotation (germinal_center),0.0627
KI67 1 in 200 run5.ndpi,Annotation (germinal_center),0.0538
KI67 1 in 200 run5.ndpi,Annotation (germinal_center),0.0459
KI67 1 in 200 run5.ndpi,Annotation (germinal_center),0.0701
KI67 1 in 200 run5.ndpi,Annotation (germinal_center),0.0685
KI67 1 in 200 run5.ndpi,Annotation (germinal_center),0.0501
KI67 1 in 200 run5.ndpi,Annotation (germinal_center),0.036
KI67 1 in 200 run5.ndpi,Annotation (germinal_center),0.0551
KI67 1 in 200 run5.ndpi,Annotation (germinal_center),0.0436
KI67 1 in 200 run5.ndpi,Annotation (germinal_center),0.0512
KI67 1 in 200 run5.ndpi,Annotation (germinal_center),0.0379
KI67 1 in 200 run5.ndpi,Annotation (germinal_center),0.0591
KI67 1 in 200 run5.ndpi,Annotation (germinal_center),0.0503
KI67 1 in 200 run5.ndpi,Annotation (germinal_center),0.0523
KI67 1 in 200 run5.ndpi,Annotation (germinal_center),0.0609
KI67 1 in 200 run5.ndpi,Annotation (germinal_center),0.059
KI67 1 in 200 run5.ndpi,Annotation (germinal_center),0.0685
KI67 1 in 200 run5.ndpi,Annotation (germinal_center),0.0805
KI67 1 in 200 run5.ndpi,Annotation (germinal_center),0.0642
KI67 1 in 200 run5.ndpi,Annotation (germinal_center),0.0642
KI67 1 in 200 run5.ndpi,Annotation (germinal_center),0.0608
KI67 1 in 200 run5.ndpi,Annotation (germinal_center),0.0465
KI67 1 in 200 run5.ndpi,Annotation (germinal_center),0.0598
KI67 1 in 200 run5.ndpi,Annotation (germinal_center),0.0704
KI67 1 in 200 run5.ndpi,Annotation (germinal_center),0.0315
KI67 1 in 200 run5.ndpi,Annotation (germinal_center),0.0445
KI67 1 in 200 run5.ndpi,Annotation (germinal_center),0.0405
KI67 1 in 200 run5.ndpi,Annotation (germinal_center),0.0461
KI67 1 in 200 run5.ndpi,Annotation (germinal_center),0.0545
KI67 1 in 200 run5.ndpi,Annotation (germinal_center),0.0684
KI67 1 in 200 run5.ndpi,Annotation (germinal_center),0.0886
KI67 1 in 200 run5.ndpi,Annotation (germinal_center),0.0726
KI67 1 in 200 run5.ndpi,Annotation (germinal_center),0.0469
KI67 1 in 200 run5.ndpi,Annotation (germinal_center),0.0578
KI67 1 in 200 run5.ndpi,Annotation (germinal_center),0.0567
KI67 1 in 200 run5.ndpi,Annotation (germinal_center),0.0347
KI67 1 in 200 run5.ndpi,Annotation (germinal_center),0.0832
KI67 1 in 200 run5.ndpi,Annotation (germinal_center),0.041
KI67 1 in 200 run5.ndpi,Annotation (germinal_center),0.0489
KI67 1 in 200 run5.ndpi,Annotation (germinal_center),0.0349
KI67 1 in 200 run5.ndpi,Annotation (germinal_center),0.0572
KI67 1 in 200 run5.ndpi,Annotation (germinal_center),0.0635
KI67 1 in 200 run5.ndpi,Annotation (germinal_center),0.0492
KI67 1 in 200 run5.ndpi,Annotation (germinal_center),0.0814
KI67 1 in 200 run5.ndpi,Annotation (germinal_center),0.037
KI67 1 in 200 run5.ndpi,Annotation (germinal_center),0.0408
KI67 1 in 200 run5.ndpi,Annotation (germinal_center),0.039
KI67 1 in 200 run5.ndpi,Annotation (germinal_center),0.0462
KI67 1 in 200 run5.ndpi,Annotation (germinal_center),0.0481
KI67 1 in 200 run5.ndpi,Annotation (germinal_center),0.0592
KI67 1 in 200 run5.ndpi,Annotation (germinal_center),0.04
KI67 1 in 200 run5.ndpi,Annotation (germinal_center),0.0715
KI67 1 in 200 run5.ndpi,Annotation (germinal_center),0.0404
KI67 1 in 200 run5.ndpi,Annotation (germinal_center),0.0726
KI67 1 in 200 run5.ndpi,Annotation (germinal_center),0.0405
KI67 1 in 200 run5.ndpi,Annotation (germinal_center),0.0391
KI67 1 in 200 run5.ndpi,Annotation (germinal_center),0.0506
KI67 1 in 200 run5.ndpi,Annotation (germinal_center),0.0595
KI67 1 in 200 run5.ndpi,Annotation (germinal_center),0.055
KI67 1 in 200 run5.ndpi,Annotation (germinal_center),0.0893
KI67 1 in 200 run5.ndpi,Annotation (germinal_center),0.1133
KI67 1 in 200 run5.ndpi,Annotation (germinal_center),0.0566
KI67 1 in 200 run5.ndpi,Annotation (germinal_center),0.0706
KI67 1 in 200 run5.ndpi,Annotation (germinal_center),0.0456
KI67 1 in 200 run5.ndpi,Annotation (germinal_center),0.0821
KI67 1 in 200 run5.ndpi,Annotation (germinal_center),0.0377
KI67 1 in 200 run5.ndpi,Annotation (germinal_center),0.0677
KI67 1 in 200 run5.ndpi,Annotation (germinal_center),0.049
KI67 1 in 200 run5.ndpi,Annotation (germinal_center),0.0391
KI67 1 in 200 run5.ndpi,Annotation (germinal_center),0.054
KI67 1 in 200 run5.ndpi,Annotation (germinal_center),0.1059
KI67 1 in 200 run5.ndpi,Annotation (germinal_center),0.0829
KI67 1 in 200 run5.ndpi,Annotation (germinal_center),0.0631
KI67 1 in 200 run5.ndpi,Annotation (germinal_center),0.0498
KI67 1 in 200 run5.ndpi,Annotation (germinal_center),0.0314
KI67 1 in 200 run5.ndpi,Annotation (germinal_center),0.0677
KI67 1 in 200 run5.ndpi,Annotation (germinal_center),0.0652
KI67 1 in 200 run5.ndpi,Annotation (germinal_center),0.1142
KI67 1 in 200 run5.ndpi,Annotation (germinal_center),0.0377
KI67 1 in 200 run5.ndpi,Annotation (germinal_center),0.0987
KI67 1 in 200 run5.ndpi,Annotation (germinal_center),0.0408
KI67 1 in 200 run5.ndpi,Annotation (germinal_center),0.0486
KI67 1 in 200 run5.ndpi,Annotation (germinal_center),0.046
KI67 1 in 200 run5.ndpi,Annotation (germinal_center),0.0449
KI67 1 in 200 run5.ndpi,Annotation (germinal_center),0.0626
KI67 1 in 200 run5.ndpi,Annotation (germinal_center),0.0606
KI67 1 in 200 run5.ndpi,Annotation (germinal_center),0.0769
KI67 1 in 200 run5.ndpi,Annotation (germinal_center),0.0361
KI67 1 in 200 run5.ndpi,Annotation (germinal_center),0.0664
KI67 1 in 200 run5.ndpi,Annotation (germinal_center),0.032
KI67 1 in 200 run5.ndpi,Annotation (germinal_center),0.0484
KI67 1 in 200 run5.ndpi,Annotation (germinal_center),0.0815
KI67 1 in 200 run5.ndpi,Annotation (germinal_center),0.0609
KI67 1 in 200 run5.ndpi,Annotation (germinal_center),0.0651
KI67 1 in 200 run5.ndpi,Annotation (germinal_center),0.0715
KI67 1 in 200 run5.ndpi,Annotation (germinal_center),0.0557
KI67 1 in 200 run5.ndpi,Annotation (germinal_center),0.0433
KI67 1 in 200 run5.ndpi,Annotation (germinal_center),0.0469
KI67 1 in 200 run5.ndpi,Annotation (germinal_center),0.0351
KI67 1 in 200 run5.ndpi,Annotation (germinal_center),0.033
KI67 1 in 200 run5.ndpi,Annotation (germinal_center),0.0424
KI67 1 in 200 run5.ndpi,Annotation (germinal_center),0.0616
KI67 1 in 200 run5.ndpi,Annotation (germinal_center),0.0617
KI67 1 in 200 run5.ndpi,Annotation (germinal_center),0.0821
KI67 1 in 200 run5.ndpi,Annotation (germinal_center),0.0753
KI67 1 in 200 run5.ndpi,Annotation (germinal_center),0.0526
KI67 1 in 200 run5.ndpi,Annotation (germinal_center),0.0446
KI67 1 in 200 run5.ndpi,Annotation (germinal_center),0.0527
KI67 1 in 200 run5.ndpi,Annotation (germinal_center),0.028
KI67 1 in 200 run5.ndpi,Annotation (germinal_center),0.0567
KI67 1 in 200 run5.ndpi,Annotation (germinal_center),0.0683
KI67 1 in 200 run5.ndpi,Annotation (germinal_center),0.0599
KI67 1 in 200 run5.ndpi,Annotation (germinal_center),0.0553
KI67 1 in 200 run5.ndpi,Annotation (germinal_center),0.0391
KI67 1 in 200 run5.ndpi,Annotation (germinal_center),0.0573
KI67 1 in 200 run5.ndpi,Annotation (germinal_center),0.046
KI67 1 in 200 run5.ndpi,Annotation (germinal_center),0.0457
KI67 1 in 200 run5.ndpi,Annotation (germinal_center),0.0339
KI67 1 in 200 run5.ndpi,Annotation (germinal_center),0.0417
KI67 1 in 200 run5.ndpi,Annotation (germinal_center),0.0587
KI67 1 in 200 run5.ndpi,Annotation (germinal_center),0.0432
KI67 1 in 200 run5.ndpi,Annotation (germinal_center),0.0656
KI67 1 in 200 run5.ndpi,Annotation (germinal_center),0.0479
KI67 1 in 200 run5.ndpi,Annotation (germinal_center),0.0638
KI67 1 in 200 run5.ndpi,Annotation (germinal_center),0.0293
KI67 1 in 200 run5.ndpi,Annotation (germinal_center),0.0398
KI67 1 in 200 run5.ndpi,Annotation (germinal_center),0.0434
KI67 1 in 200 run5.ndpi,Annotation (germinal_center),0.0387
KI67 1 in 200 run5.ndpi,Annotation (germinal_center),0.0655
KI67 1 in 200 run5.ndpi,Annotation (germinal_center),0.0617
KI67 1 in 200 run5.ndpi,Annotation (germinal_center),0.0441
KI67 1 in 200 run5.ndpi,Annotation (germinal_center),0.0571
KI67 1 in 200 run5.ndpi,Annotation (germinal_center),0.0546
KI67 1 in 200 run5.ndpi,Annotation (germinal_center),0.0803
KI67 1 in 200 run5.ndpi,Annotation (germinal_center),0.0623
KI67 1 in 200 run5.ndpi,Annotation (germinal_center),0.054
KI67 1 in 200 run5.ndpi,Annotation (germinal_center),0.0407
KI67 1 in 200 run5.ndpi,Annotation (germinal_center),0.0777
KI67 1 in 200 run5.ndpi,Annotation (germinal_center),0.0501
KI67 1 in 200 run5.ndpi,Annotation (germinal_center),0.0483
KI67 1 in 200 run5.ndpi,Annotation (germinal_center),0.0426
KI67 1 in 200 run5.ndpi,Annotation (germinal_center),0.041
KI67 1 in 200 run5.ndpi,Annotation (germinal_center),0.0431
KI67 1 in 200 run5.ndpi,Annotation (germinal_center),0.0409
KI67 1 in 200 run5.ndpi,Annotation (germinal_center),0.047
KI67 1 in 200 run5.ndpi,Annotation (germinal_center),0.0484
KI67 1 in 200 run5.ndpi,Annotation (germinal_center),0.0739
KI67 1 in 200 run5.ndpi,Annotation (germinal_center),0.0599
KI67 1 in 200 run5.ndpi,Annotation (germinal_center),0.0525
KI67 1 in 200 run5.ndpi,Annotation (germinal_center),0.0371
KI67 1 in 200 run5.ndpi,Annotation (germinal_center),0.0774
KI67 1 in 200 run5.ndpi,Annotation (germinal_center),0.049
KI67 1 in 200 run5.ndpi,Annotation (germinal_center),0.0447
KI67 1 in 200 run5.ndpi,Annotation (germinal_center),0.0552
KI67 1 in 200 run5.ndpi,Annotation (germinal_center),0.0715
KI67 1 in 200 run5.ndpi,Annotation (germinal_center),0.0446
KI67 1 in 200 run5.ndpi,Annotation (germinal_center),0.0416
KI67 1 in 200 run5.ndpi,Annotation (germinal_center),0.0382
KI67 1 in 200 run5.ndpi,Annotation (germinal_center),0.0576
KI67 1 in 200 run5.ndpi,Annotation (germinal_center),0.0471
KI67 1 in 200 run5.ndpi,Annotation (germinal_center),0.0426
KI67 1 in 200 run5.ndpi,Annotation (germinal_center),0.0398
KI67 1 in 200 run5.ndpi,Annotation (germinal_center),0.0522
KI67 1 in 200 run5.ndpi,Annotation (germinal_center),0.0801
KI67 1 in 200 run5.ndpi,Annotation (germinal_center),0.0443
KI67 1 in 200 run5.ndpi,Annotation (germinal_center),0.045
KI67 1 in 200 run5.ndpi,Annotation (germinal_center),0.0706
KI67 1 in 200 run5.ndpi,Annotation (germinal_center),0.0899
KI67 1 in 200 run5.ndpi,Annotation (germinal_center),0.0537
KI67 1 in 200 run5.ndpi,Annotation (germinal_center),0.0588
KI67 1 in 200 run5.ndpi,Annotation (germinal_center),0.049
KI67 1 in 200 run5.ndpi,Annotation (germinal_center),0.0375
KI67 1 in 200 run5.ndpi,Annotation (germinal_center),0.0553
KI67 1 in 200 run5.ndpi,Annotation (germinal_center),0.101
KI67 1 in 200 run5.ndpi,Annotation (germinal_center),0.0501
KI67 1 in 200 run5.ndpi,Annotation (germinal_center),0.0674
KI67 1 in 200 run5.ndpi,Annotation (germinal_center),0.043
KI67 1 in 200 run5.ndpi,Annotation (germinal_center),0.0422
KI67 1 in 200 run5.ndpi,Annotation (germinal_center),0.0973
KI67 1 in 200 run5.ndpi,Annotation (germinal_center),0.0594
KI67 1 in 200 run5.ndpi,Annotation (germinal_center),0.0587
KI67 1 in 200 run5.ndpi,Annotation (germinal_center),0.048
KI67 1 in 200 run5.ndpi,Annotation (germinal_center),0.0987
KI67 1 in 200 run5.ndpi,Annotation (germinal_center),0.0991
KI67 1 in 200 run5.ndpi,Annotation (germinal_center),0.0771
KI67 1 in 200 run5.ndpi,Annotation (germinal_center),0.0663
KI67 1 in 200 run5.ndpi,Annotation (germinal_center),0.0431
KI67 1 in 200 run5.ndpi,Annotation (germinal_center),0.0359
KI67 1 in 200 run5.ndpi,Annotation (germinal_center),0.0565
KI67 1 in 200 run5.ndpi,Annotation (germinal_center),0.0377
KI67 1 in 200 run5.ndpi,Annotation (germinal_center),0.1009
KI67 1 in 200 run5.ndpi,Annotation (germinal_center),0.0647
KI67 1 in 200 run5.ndpi,Annotation (germinal_center),0.0358
KI67 1 in 200 run5.ndpi,Annotation (germinal_center),0.0391
KI67 1 in 200 run5.ndpi,Annotation (germinal_center),0.0727
KI67 1 in 200 run5.ndpi,Annotation (germinal_center),0.041
KI67 1 in 200 run5.ndpi,Annotation (germinal_center),0.0459
KI67 1 in 200 run5.ndpi,Annotation (germinal_center),0.0464
KI67 1 in 200 run5.ndpi,Annotation (germinal_center),0.0465
KI67 1 in 200 run5.ndpi,Annotation (germinal_center),0.0599
KI67 1 in 200 run5.ndpi,Annotation (germinal_center),0.0506
KI67 1 in 200 run5.ndpi,Annotation (germinal_center),0.0566
KI67 1 in 200 run5.ndpi,Annotation (germinal_center),0.0345
KI67 1 in 200 run5.ndpi,Annotation (germinal_center),0.054
KI67 1 in 200 run5.ndpi,Annotation (germinal_center),0.0452
KI67 1 in 200 run5.ndpi,Annotation (germinal_center),0.0684
KI67 1 in 200 run5.ndpi,Annotation (germinal_center),0.0556
KI67 1 in 200 run5.ndpi,Annotation (germinal_center),0.0609
KI67 1 in 200 run5.ndpi,Annotation (germinal_center),0.0508
KI67 1 in 200 run5.ndpi,Annotation (germinal_center),0.0574
KI67 1 in 200 run5.ndpi,Annotation (germinal_center),0.0644
KI67 1 in 200 run5.ndpi,Annotation (germinal_center),0.0595
KI67 1 in 200 run5.ndpi,Annotation (germinal_center),0.0769
KI67 1 in 200 run5.ndpi,Annotation (germinal_center),0.0632
KI67 1 in 200 run5.ndpi,Annotation (germinal_center),0.0589
KI67 1 in 200 run5.ndpi,Annotation (germinal_center),0.0606
KI67 1 in 200 run5.ndpi,Annotation (germinal_center),0.0535
KI67 1 in 200 run5.ndpi,Annotation (germinal_center),0.0768
KI67 1 in 200 run5.ndpi,Annotation (germinal_center),0.0567
KI67 1 in 200 run5.ndpi,Annotation (germinal_center),0.0353
KI67 1 in 200 run5.ndpi,Annotation (germinal_center),0.0529
KI67 1 in 200 run5.ndpi,Annotation (germinal_center),0.048
KI67 1 in 200 run5.ndpi,Annotation (germinal_center),0.037
KI67 1 in 200 run5.ndpi,Annotation (germinal_center),0.047
KI67 1 in 200 run5.ndpi,Annotation (germinal_center),0.0645
KI67 1 in 200 run5.ndpi,Annotation (germinal_center),0.0706
KI67 1 in 200 run5.ndpi,Annotation (germinal_center),0.0481
KI67 1 in 200 run5.ndpi,Annotation (germinal_center),0.0434
KI67 1 in 200 run5.ndpi,Annotation (germinal_center),0.0609
KI67 1 in 200 run5.ndpi,Annotation (germinal_center),0.0338
KI67 1 in 200 run5.ndpi,Annotation (germinal_center),0.0447
KI67 1 in 200 run5.ndpi,Annotation (germinal_center),0.07
KI67 1 in 200 run5.ndpi,Annotation (germinal_center),0.0829
KI67 1 in 200 run5.ndpi,Annotation (germinal_center),0.0762
KI67 1 in 200 run5.ndpi,Annotation (germinal_center),0.0452
KI67 1 in 200 run5.ndpi,Annotation (germinal_center),0.0444
KI67 1 in 200 run5.ndpi,Annotation (germinal_center),0.0792
KI67 1 in 200 run5.ndpi,Annotation (germinal_center),0.0822
KI67 1 in 200 run5.ndpi,Annotation (germinal_center),0.0342
KI67 1 in 200 run5.ndpi,Annotation (germinal_center),0.0863
KI67 1 in 200 run5.ndpi,Annotation (germinal_center),0.0852
KI67 1 in 200 run5.ndpi,Annotation (germinal_center),0.0745
KI67 1 in 200 run5.ndpi,Annotation (germinal_center),0.0464
KI67 1 in 200 run5.ndpi,Annotation (germinal_center),0.0651
KI67 1 in 200 run5.ndpi,Annotation (germinal_center),0.0396
KI67 1 in 200 run5.ndpi,Annotation (germinal_center),0.046
KI67 1 in 200 run5.ndpi,Annotation (germinal_center),0.0455
KI67 1 in 200 run5.ndpi,Annotation (germinal_center),0.0564
KI67 1 in 200 run5.ndpi,Annotation (germinal_center),0.0552
KI67 1 in 200 run5.ndpi,Annotation (germinal_center),0.0607
KI67 1 in 200 run5.ndpi,Annotation (germinal_center),0.0743
KI67 1 in 200 run5.ndpi,Annotation (germinal_center),0.0647
KI67 1 in 200 run5.ndpi,Annotation (germinal_center),0.0378
KI67 1 in 200 run5.ndpi,Annotation (germinal_center),0.0435
KI67 1 in 200 run5.ndpi,Annotation (germinal_center),0.0433
KI67 1 in 200 run5.ndpi,Annotation (germinal_center),0.0475
KI67 1 in 200 run5.ndpi,Annotation (germinal_center),0.0636
KI67 1 in 200 run5.ndpi,Annotation (germinal_center),0.0579
KI67 1 in 200 run5.ndpi,Annotation (germinal_center),0.0334
KI67 1 in 200 run5.ndpi,Annotation (germinal_center),0.0437
KI67 1 in 200 run5.ndpi,Annotation (germinal_center),0.0496
KI67 1 in 200 run5.ndpi,Annotation (germinal_center),0.0478
KI67 1 in 200 run5.ndpi,Annotation (germinal_center),0.0793
KI67 1 in 200 run5.ndpi,Annotation (germinal_center),0.0712
KI67 1 in 200 run5.ndpi,Annotation (germinal_center),0.0779
KI67 1 in 200 run5.ndpi,Annotation (germinal_center),0.0621
KI67 1 in 200 run5.ndpi,Annotation (germinal_center),0.0481
KI67 1 in 200 run5.ndpi,Annotation (germinal_center),0.0616
KI67 1 in 200 run5.ndpi,Annotation (germinal_center),0.0437
KI67 1 in 200 run5.ndpi,Annotation (germinal_center),0.0331
KI67 1 in 200 run5.ndpi,Annotation (germinal_center),0.0441
KI67 1 in 200 run5.ndpi,Annotation (germinal_center),0.0466
KI67 1 in 200 run5.ndpi,Annotation (germinal_center),0.0398
KI67 1 in 200 run5.ndpi,Annotation (germinal_center),0.0773
KI67 1 in 200 run5.ndpi,Annotation (germinal_center),0.0433
KI67 1 in 200 run5.ndpi,Annotation (germinal_center),0.056
KI67 1 in 200 run5.ndpi,Annotation (germinal_center),0.0679
KI67 1 in 200 run5.ndpi,Annotation (germinal_center),0.0388
KI67 1 in 200 run5.ndpi,Annotation (germinal_center),0.0525
KI67 1 in 200 run5.ndpi,Annotation (germinal_center),0.0485
KI67 1 in 200 run5.ndpi,Annotation (germinal_center),0.0439
KI67 1 in 200 run5.ndpi,Annotation (germinal_center),0.0399
KI67 1 in 200 run5.ndpi,Annotation (germinal_center),0.0755
KI67 1 in 200 run5.ndpi,Annotation (germinal_center),0.0205
KI67 1 in 200 run5.ndpi,Annotation (germinal_center),0.0399
KI67 1 in 200 run5.ndpi,Annotation (germinal_center),0.0604
KI67 1 in 200 run5.ndpi,Annotation (germinal_center),0.0388
KI67 1 in 200 run5.ndpi,Annotation (germinal_center),0.0682
KI67 1 in 200 run5.ndpi,Annotation (germinal_center),0.0435
KI67 1 in 200 run5.ndpi,Annotation (germinal_center),0.0402
KI67 1 in 200 run5.ndpi,Annotation (germinal_center),0.0553
KI67 1 in 200 run5.ndpi,Annotation (germinal_center),0.0451
KI67 1 in 200 run5.ndpi,Annotation (germinal_center),0.0612
KI67 1 in 200 run5.ndpi,Annotation (germinal_center),0.0418
KI67 1 in 200 run5.ndpi,Annotation (germinal_center),0.0525
KI67 1 in 200 run5.ndpi,Annotation (germinal_center),0.0651
KI67 1 in 200 run5.ndpi,Annotation (germinal_center),0.0986
KI67 1 in 200 run5.ndpi,Annotation (germinal_center),0.0367
KI67 1 in 200 run5.ndpi,Annotation (germinal_center),0.0408
KI67 1 in 200 run5.ndpi,Annotation (germinal_center),0.0924
KI67 1 in 200 run5.ndpi,Annotation (germinal_center),0.0412
KI67 1 in 200 run5.ndpi,Annotation (germinal_center),0.08
KI67 1 in 200 run5.ndpi,Annotation (germinal_center),0.0639
KI67 1 in 200 run5.ndpi,Annotation (germinal_center),0.0579
KI67 1 in 200 run5.ndpi,Annotation (germinal_center),0.0543
KI67 1 in 200 run5.ndpi,Annotation (germinal_center),0.0407
KI67 1 in 200 run5.ndpi,Annotation (germinal_center),0.0358
KI67 1 in 200 run5.ndpi,Annotation (germinal_center),0.0365
KI67 1 in 200 run5.ndpi,Annotation (germinal_center),0.0378
KI67 1 in 200 run5.ndpi,Annotation (germinal_center),0.0428
KI67 1 in 200 run5.ndpi,Annotation (germinal_center),0.0604
KI67 1 in 200 run5.ndpi,Annotation (germinal_center),0.0447
KI67 1 in 200 run5.ndpi,Annotation (germinal_center),0.0484
KI67 1 in 200 run5.ndpi,Annotation (germinal_center),0.0432
KI67 1 in 200 run5.ndpi,Annotation (germinal_center),0.0327
KI67 1 in 200 run5.ndpi,Annotation (germinal_center),0.0438
KI67 1 in 200 run5.ndpi,Annotation (germinal_center),0.047
KI67 1 in 200 run5.ndpi,Annotation (germinal_center),0.0317
KI67 1 in 200 run5.ndpi,Annotation (germinal_center),0.0643
KI67 1 in 200 run5.ndpi,Annotation (germinal_center),0.0875
KI67 1 in 200 run5.ndpi,Annotation (germinal_center),0.0556
KI67 1 in 200 run5.ndpi,Annotation (germinal_center),0.0528
KI67 1 in 200 run5.ndpi,Annotation (germinal_center),0.0365
KI67 1 in 200 run5.ndpi,Annotation (germinal_center),0.0457
KI67 1 in 200 run5.ndpi,Annotation (germinal_center),0.0443
KI67 1 in 200 run5.ndpi,Annotation (germinal_center),0.0498
KI67 1 in 200 run5.ndpi,Annotation (germinal_center),0.0636
KI67 1 in 200 run5.ndpi,Annotation (germinal_center),0.0388
KI67 1 in 200 run5.ndpi,Annotation (germinal_center),0.0396
KI67 1 in 200 run5.ndpi,Annotation (germinal_center),0.0356
KI67 1 in 200 run5.ndpi,Annotation (germinal_center),0.0725
KI67 1 in 200 run5.ndpi,Annotation (germinal_center),0.0883
KI67 1 in 200 run5.ndpi,Annotation (germinal_center),0.0421
KI67 1 in 200 run5.ndpi,Annotation (germinal_center),0.0424
KI67 1 in 200 run5.ndpi,Annotation (germinal_center),0.0537
KI67 1 in 200 run5.ndpi,Annotation (germinal_center),0.0733
KI67 1 in 200 run5.ndpi,Annotation (germinal_center),0.0573
KI67 1 in 200 run5.ndpi,Annotation (germinal_center),0.0429
KI67 1 in 200 run5.ndpi,Annotation (germinal_center),0.0462
KI67 1 in 200 run5.ndpi,Annotation (germinal_center),0.0463
KI67 1 in 200 run5.ndpi,Annotation (germinal_center),0.0534
KI67 1 in 200 run5.ndpi,Annotation (germinal_center),0.0743
KI67 1 in 200 run5.ndpi,Annotation (germinal_center),0.0858
KI67 1 in 200 run5.ndpi,Annotation (germinal_center),0.0309
KI67 1 in 200 run5.ndpi,Annotation (germinal_center),0.0431
KI67 1 in 200 run5.ndpi,Annotation (germinal_center),0.0389
KI67 1 in 200 run5.ndpi,Annotation (germinal_center),0.045
KI67 1 in 200 run5.ndpi,Annotation (germinal_center),0.0501
KI67 1 in 200 run5.ndpi,Annotation (germinal_center),0.0951
KI67 1 in 200 run5.ndpi,Annotation (germinal_center),0.032
KI67 1 in 200 run5.ndpi,Annotation (germinal_center),0.0611
KI67 1 in 200 run5.ndpi,Annotation (germinal_center),0.03
KI67 1 in 200 run5.ndpi,Annotation (germinal_center),0.0648
KI67 1 in 200 run5.ndpi,Annotation (germinal_center),0.0618
KI67 1 in 200 run5.ndpi,Annotation (germinal_center),0.0625
KI67 1 in 200 run5.ndpi,Annotation (germinal_center),0.0412
KI67 1 in 200 run5.ndpi,Annotation (germinal_center),0.0759
KI67 1 in 200 run5.ndpi,Annotation (germinal_center),0.0626
KI67 1 in 200 run5.ndpi,Annotation (germinal_center),0.1138
KI67 1 in 200 run5.ndpi,Annotation (germinal_center),0.0439
KI67 1 in 200 run5.ndpi,Annotation (germinal_center),0.0346
KI67 1 in 200 run5.ndpi,Annotation (germinal_center),0.0465
KI67 1 in 200 run5.ndpi,Annotation (germinal_center),0.0324
KI67 1 in 200 run5.ndpi,Annotation (germinal_center),0.0497
KI67 1 in 200 run5.ndpi,Annotation (germinal_center),0.0479
KI67 1 in 200 run5.ndpi,Annotation (germinal_center),0.0419
KI67 1 in 200 run5.ndpi,Annotation (germinal_center),0.0686
KI67 1 in 200 run5.ndpi,Annotation (germinal_center),0.0441
KI67 1 in 200 run5.ndpi,Annotation (germinal_center),0.0575
KI67 1 in 200 run5.ndpi,Annotation (germinal_center),0.0345
KI67 1 in 200 run5.ndpi,Annotation (germinal_center),0.0343
KI67 1 in 200 run5.ndpi,Annotation (germinal_center),0.0427
KI67 1 in 200 run5.ndpi,Annotation (germinal_center),0.0726
KI67 1 in 200 run5.ndpi,Annotation (germinal_center),0.0413
KI67 1 in 200 run5.ndpi,Annotation (germinal_center),0.0657
KI67 1 in 200 run5.ndpi,Annotation (germinal_center),0.044
KI67 1 in 200 run5.ndpi,Annotation (germinal_center),0.0454
KI67 1 in 200 run5.ndpi,Annotation (germinal_center),0.0563
KI67 1 in 200 run5.ndpi,Annotation (germinal_center),0.0236
KI67 1 in 200 run5.ndpi,Annotation (germinal_center),0.0723
KI67 1 in 200 run5.ndpi,Annotation (germinal_center),0.0561
KI67 1 in 200 run5.ndpi,Annotation (germinal_center),0.0598
KI67 1 in 200 run5.ndpi,Annotation (germinal_center),0.048
KI67 1 in 200 run5.ndpi,Annotation (germinal_center),0.0973
KI67 1 in 200 run5.ndpi,Annotation (germinal_center),0.0539
KI67 1 in 200 run5.ndpi,Annotation (germinal_center),0.0658
KI67 1 in 200 run5.ndpi,Annotation (germinal_center),0.0296
KI67 1 in 200 run5.ndpi,Annotation (germinal_center),0.2439
KI67 1 in 200 run5.ndpi,Annotation (germinal_center),0.0426
KI67 1 in 200 run5.ndpi,Annotation (germinal_center),0.0385
KI67 1 in 200 run5.ndpi,Annotation (germinal_center),0.0801
KI67 1 in 200 run5.ndpi,Annotation (germinal_center),0.0264
KI67 1 in 200 run5.ndpi,Annotation (germinal_center),0.0565
KI67 1 in 200 run5.ndpi,Annotation (germinal_center),0.0427
KI67 1 in 200 run5.ndpi,Annotation (germinal_center),0.0589
KI67 1 in 200 run5.ndpi,Annotation (germinal_center),0.0509
KI67 1 in 200 run5.ndpi,Annotation (germinal_center),0.0452
KI67 1 in 200 run5.ndpi,Annotation (germinal_center),0.0744
KI67 1 in 200 run5.ndpi,Annotation (germinal_center),0.0403
KI67 1 in 200 run5.ndpi,Annotation (germinal_center),0.0439
KI67 1 in 200 run5.ndpi,Annotation (germinal_center),0.0606
KI67 1 in 200 run5.ndpi,Annotation (germinal_center),0.0349
KI67 1 in 200 run5.ndpi,Annotation (germinal_center),0.0413
KI67 1 in 200 run5.ndpi,Annotation (germinal_center),0.0441
KI67 1 in 200 run5.ndpi,Annotation (germinal_center),0.0491
KI67 1 in 200 run5.ndpi,Annotation (germinal_center),0.0712
KI67 1 in 200 run5.ndpi,Annotation (germinal_center),0.0433
KI67 1 in 200 run5.ndpi,Annotation (germinal_center),0.0373
KI67 1 in 200 run5.ndpi,Annotation (germinal_center),0.0709
KI67 1 in 200 run5.ndpi,Annotation (germinal_center),0.0441
KI67 1 in 200 run5.ndpi,Annotation (germinal_center),0.1279
KI67 1 in 200 run5.ndpi,Annotation (germinal_center),0.064
KI67 1 in 200 run5.ndpi,Annotation (germinal_center),0.033
KI67 1 in 200 run5.ndpi,Annotation (germinal_center),0.0583
KI67 1 in 200 run5.ndpi,Annotation (germinal_center),0.0306
KI67 1 in 200 run5.ndpi,Annotation (germinal_center),0.0509
KI67 1 in 200 run5.ndpi,Annotation (germinal_center),0.0478
KI67 1 in 200 run5.ndpi,Annotation (germinal_center),0.0661
KI67 1 in 200 run5.ndpi,Annotation (germinal_center),0.0797
KI67 1 in 200 run5.ndpi,Annotation (germinal_center),0.0773
KI67 1 in 200 run5.ndpi,Annotation (germinal_center),0.0491
KI67 1 in 200 run5.ndpi,Annotation (germinal_center),0.0687
KI67 1 in 200 run5.ndpi,Annotation (germinal_center),0.0547
KI67 1 in 200 run5.ndpi,Annotation (germinal_center),0.0354
KI67 1 in 200 run5.ndpi,Annotation (germinal_center),0.0819
KI67 1 in 200 run5.ndpi,Annotation (germinal_center),0.0451
KI67 1 in 200 run5.ndpi,Annotation (germinal_center),0.0697
KI67 1 in 200 run5.ndpi,Annotation (germinal_center),0.0631
KI67 1 in 200 run5.ndpi,Annotation (germinal_center),0.0818
KI67 1 in 200 run5.ndpi,Annotation (germinal_center),0.0654
KI67 1 in 200 run5.ndpi,Annotation (germinal_center),0.0762
KI67 1 in 200 run5.ndpi,Annotation (germinal_center),0.0371
KI67 1 in 200 run5.ndpi,Annotation (germinal_center),0.0678
KI67 1 in 200 run5.ndpi,Annotation (germinal_center),0.0603
KI67 1 in 200 run5.ndpi,Annotation (germinal_center),0.0566
KI67 1 in 200 run5.ndpi,Annotation (germinal_center),0.0578
KI67 1 in 200 run5.ndpi,Annotation (germinal_center),0.0728
KI67 1 in 200 run5.ndpi,Annotation (germinal_center),0.0483
KI67 1 in 200 run5.ndpi,Annotation (germinal_center),0.0688
KI67 1 in 200 run5.ndpi,Annotation (germinal_center),0.049
KI67 1 in 200 run5.ndpi,Annotation (germinal_center),0.0515
KI67 1 in 200 run5.ndpi,Annotation (germinal_center),0.0384
KI67 1 in 200 run5.ndpi,Annotation (germinal_center),0.0468
KI67 1 in 200 run5.ndpi,Annotation (germinal_center),0.0435
KI67 1 in 200 run5.ndpi,Annotation (germinal_center),0.0415
KI67 1 in 200 run5.ndpi,Annotation (germinal_center),0.0497
KI67 1 in 200 run5.ndpi,Annotation (germinal_center),0.0322
KI67 1 in 200 run5.ndpi,Annotation (germinal_center),0.0936
KI67 1 in 200 run5.ndpi,Annotation (germinal_center),0.0438
KI67 1 in 200 run5.ndpi,Annotation (germinal_center),0.0503
KI67 1 in 200 run5.ndpi,Annotation (germinal_center),0.0387
KI67 1 in 200 run5.ndpi,Annotation (germinal_center),0.0532
KI67 1 in 200 run5.ndpi,Annotation (germinal_center),0.0472
KI67 1 in 200 run5.ndpi,Annotation (germinal_center),0.0594
KI67 1 in 200 run5.ndpi,Annotation (germinal_center),0.0397
KI67 1 in 200 run5.ndpi,Annotation (germinal_center),0.0505
KI67 1 in 200 run5.ndpi,Annotation (germinal_center),0.0818
KI67 1 in 200 run5.ndpi,Annotation (germinal_center),0.0732
KI67 1 in 200 run5.ndpi,Annotation (germinal_center),0.0402
KI67 1 in 200 run5.ndpi,Annotation (germinal_center),0.068
KI67 1 in 200 run5.ndpi,Annotation (germinal_center),0.0379
KI67 1 in 200 run5.ndpi,Annotation (germinal_center),0.0551
KI67 1 in 200 run5.ndpi,Annotation (germinal_center),0.0725
KI67 1 in 200 run5.ndpi,Annotation (germinal_center),0.0425
KI67 1 in 200 run5.ndpi,Annotation (germinal_center),0.0303
KI67 1 in 200 run5.ndpi,Annotation (germinal_center),0.0327
KI67 1 in 200 run5.ndpi,Annotation (germinal_center),0.0411
KI67 1 in 200 run5.ndpi,Annotation (germinal_center),0.0438
KI67 1 in 200 run5.ndpi,Annotation (germinal_center),0.0611
KI67 1 in 200 run5.ndpi,Annotation (germinal_center),0.1131
KI67 1 in 200 run5.ndpi,Annotation (germinal_center),0.0368
KI67 1 in 200 run5.ndpi,Annotation (germinal_center),0.0712
KI67 1 in 200 run5.ndpi,Annotation (germinal_center),0.036
KI67 1 in 200 run5.ndpi,Annotation (germinal_center),0.0596
KI67 1 in 200 run5.ndpi,Annotation (germinal_center),0.0553
KI67 1 in 200 run5.ndpi,Annotation (germinal_center),0.0548
KI67 1 in 200 run5.ndpi,Annotation (germinal_center),0.0579
KI67 1 in 200 run5.ndpi,Annotation (germinal_center),0.0451
KI67 1 in 200 run5.ndpi,Annotation (germinal_center),0.0402
KI67 1 in 200 run5.ndpi,Annotation (germinal_center),0.0648
KI67 1 in 200 run5.ndpi,Annotation (germinal_center),0.0326
KI67 1 in 200 run5.ndpi,Annotation (germinal_center),0.0752
KI67 1 in 200 run5.ndpi,Annotation (germinal_center),0.0619
KI67 1 in 200 run5.ndpi,Annotation (germinal_center),0.05
KI67 1 in 200 run5.ndpi,Annotation (germinal_center),0.0613
KI67 1 in 200 run5.ndpi,Annotation (germinal_center),0.055
KI67 1 in 200 run5.ndpi,Annotation (germinal_center),0.0661
KI67 1 in 200 run5.ndpi,Annotation (germinal_center),0.0455
KI67 1 in 200 run5.ndpi,Annotation (germinal_center),0.0473
KI67 1 in 200 run5.ndpi,Annotation (germinal_center),0.0579
KI67 1 in 200 run5.ndpi,Annotation (germinal_center),0.0478
KI67 1 in 200 run5.ndpi,Annotation (germinal_center),0.0537
KI67 1 in 200 run5.ndpi,Annotation (germinal_center),0.0536
KI67 1 in 200 run5.ndpi,Annotation (germinal_center),0.052
KI67 1 in 200 run5.ndpi,Annotation (germinal_center),0.0722
KI67 1 in 200 run5.ndpi,Annotation (germinal_center),0.0603
KI67 1 in 200 run5.ndpi,Annotation (germinal_center),0.0675
KI67 1 in 200 run5.ndpi,Annotation (germinal_center),0.0386
KI67 1 in 200 run5.ndpi,Annotation (germinal_center),0.0399
KI67 1 in 200 run5.ndpi,Annotation (germinal_center),0.0576
KI67 1 in 200 run5.ndpi,Annotation (germinal_center),0.0378
KI67 1 in 200 run5.ndpi,Annotation (germinal_center),0.0663
KI67 1 in 200 run5.ndpi,Annotation (germinal_center),0.1032
KI67 1 in 200 run5.ndpi,Annotation (germinal_center),0.0602
KI67 1 in 200 run5.ndpi,Annotation (germinal_center),0.0367
KI67 1 in 200 run5.ndpi,Annotation (germinal_center),0.0286
KI67 1 in 200 run5.ndpi,Annotation (germinal_center),0.0592
KI67 1 in 200 run5.ndpi,Annotation (germinal_center),0.0562
KI67 1 in 200 run5.ndpi,Annotation (germinal_center),0.078
KI67 1 in 200 run5.ndpi,Annotation (germinal_center),0.0799
KI67 1 in 200 run5.ndpi,Annotation (germinal_center),0.0701
KI67 1 in 200 run5.ndpi,Annotation (germinal_center),0.0365
KI67 1 in 200 run5.ndpi,Annotation (germinal_center),0.0448
KI67 1 in 200 run5.ndpi,Annotation (germinal_center),0.0393
KI67 1 in 200 run5.ndpi,Annotation (germinal_center),0.049
KI67 1 in 200 run5.ndpi,Annotation (germinal_center),0.0331
KI67 1 in 200 run5.ndpi,Annotation (germinal_center),0.0434
KI67 1 in 200 run5.ndpi,Annotation (germinal_center),0.0695
KI67 1 in 200 run5.ndpi,Annotation (germinal_center),0.03
KI67 1 in 200 run5.ndpi,Annotation (germinal_center),0.2114
KI67 1 in 200 run5.ndpi,Annotation (germinal_center),0.0563
KI67 1 in 200 run5.ndpi,Annotation (germinal_center),0.0352
KI67 1 in 200 run5.ndpi,Annotation (germinal_center),0.0415
KI67 1 in 200 run5.ndpi,Annotation (germinal_center),0.0418
KI67 1 in 200 run5.ndpi,Annotation (germinal_center),0.0718
KI67 1 in 200 run5.ndpi,Annotation (germinal_center),0.0459
KI67 1 in 200 run5.ndpi,Annotation (germinal_center),0.0886
KI67 1 in 200 run5.ndpi,Annotation (germinal_center),0.0477
KI67 1 in 200 run5.ndpi,Annotation (germinal_center),0.0719
KI67 1 in 200 run5.ndpi,Annotation (germinal_center),0.0705
KI67 1 in 200 run5.ndpi,Annotation (germinal_center),0.0341
KI67 1 in 200 run5.ndpi,Annotation (germinal_center),0.0396
KI67 1 in 200 run5.ndpi,Annotation (germinal_center),0.0525
KI67 1 in 200 run5.ndpi,Annotation (germinal_center),0.0333
KI67 1 in 200 run5.ndpi,Annotation (germinal_center),0.0367
KI67 1 in 200 run5.ndpi,Annotation (germinal_center),0.0466
KI67 1 in 200 run5.ndpi,Annotation (germinal_center),0.0549
KI67 1 in 200 run5.ndpi,Annotation (germinal_center),0.0901
KI67 1 in 200 run5.ndpi,Annotation (germinal_center),0.0416
KI67 1 in 200 run5.ndpi,Annotation (germinal_center),0.0337
KI67 1 in 200 run5.ndpi,Annotation (germinal_center),0.0619
KI67 1 in 200 run5.ndpi,Annotation (germinal_center),0.0538
KI67 1 in 200 run5.ndpi,Annotation (germinal_center),0.0503
KI67 1 in 200 run5.ndpi,Annotation (germinal_center),0.0499
KI67 1 in 200 run5.ndpi,Annotation (germinal_center),0.0291
KI67 1 in 200 run5.ndpi,Annotation (germinal_center),0.0693
KI67 1 in 200 run5.ndpi,Annotation (germinal_center),0.0488
KI67 1 in 200 run5.ndpi,Annotation (germinal_center),0.0498
KI67 1 in 200 run5.ndpi,Annotation (germinal_center),0.0579
KI67 1 in 200 run5.ndpi,Annotation (germinal_center),0.0691
KI67 1 in 200 run5.ndpi,Annotation (germinal_center),0.0489
KI67 1 in 200 run5.ndpi,Annotation (germinal_center),0.0406
KI67 1 in 200 run5.ndpi,Annotation (germinal_center),0.0413
KI67 1 in 200 run5.ndpi,Annotation (germinal_center),0.0751
KI67 1 in 200 run5.ndpi,Annotation (germinal_center),0.0365
KI67 1 in 200 run5.ndpi,Annotation (germinal_center),0.048
KI67 1 in 200 run5.ndpi,Annotation (germinal_center),0.0801
KI67 1 in 200 run5.ndpi,Annotation (germinal_center),0.0561
KI67 1 in 200 run5.ndpi,Annotation (germinal_center),0.0509
KI67 1 in 200 run5.ndpi,Annotation (germinal_center),0.0399
KI67 1 in 200 run5.ndpi,Annotation (germinal_center),0.0592
KI67 1 in 200 run5.ndpi,Annotation (germinal_center),0.0303
KI67 1 in 200 run5.ndpi,Annotation (germinal_center),0.0507
KI67 1 in 200 run5.ndpi,Annotation (germinal_center),0.0596
KI67 1 in 200 run5.ndpi,Annotation (germinal_center),0.1208
KI67 1 in 200 run5.ndpi,Annotation (germinal_center),0.0425
KI67 1 in 200 run5.ndpi,Annotation (germinal_center),0.0411
KI67 1 in 200 run5.ndpi,Annotation (germinal_center),0.0675
KI67 1 in 200 run5.ndpi,Annotation (germinal_center),0.0347
KI67 1 in 200 run5.ndpi,Annotation (germinal_center),0.0439
KI67 1 in 200 run5.ndpi,Annotation (germinal_center),0.0416
KI67 1 in 200 run5.ndpi,Annotation (germinal_center),0.0462
KI67 1 in 200 run5.ndpi,Annotation (germinal_center),0.059
KI67 1 in 200 run5.ndpi,Annotation (germinal_center),0.044
KI67 1 in 200 run5.ndpi,Annotation (germinal_center),0.0336
KI67 1 in 200 run5.ndpi,Annotation (germinal_center),0.0358
KI67 1 in 200 run5.ndpi,Annotation (germinal_center),0.0399
KI67 1 in 200 run5.ndpi,Annotation (germinal_center),0.0447
KI67 1 in 200 run5.ndpi,Annotation (germinal_center),0.0444
KI67 1 in 200 run5.ndpi,Annotation (germinal_center),0.0643
KI67 1 in 200 run5.ndpi,Annotation (germinal_center),0.062
KI67 1 in 200 run5.ndpi,Annotation (germinal_center),0.0625
KI67 1 in 200 run5.ndpi,Annotation (germinal_center),0.0488
KI67 1 in 200 run5.ndpi,Annotation (germinal_center),0.0452
KI67 1 in 200 run5.ndpi,Annotation (germinal_center),0.0648
KI67 1 in 200 run5.ndpi,Annotation (germinal_center),0.0616
KI67 1 in 200 run5.ndpi,Annotation (germinal_center),0.056
KI67 1 in 200 run5.ndpi,Annotation (germinal_center),0.0322
KI67 1 in 200 run5.ndpi,Annotation (germinal_center),0.0504
KI67 1 in 200 run5.ndpi,Annotation (germinal_center),0.0528
KI67 1 in 200 run5.ndpi,Annotation (germinal_center),0.0372
KI67 1 in 200 run5.ndpi,Annotation (germinal_center),0.051
KI67 1 in 200 run5.ndpi,Annotation (germinal_center),0.0821
KI67 1 in 200 run5.ndpi,Annotation (germinal_center),0.0371
KI67 1 in 200 run5.ndpi,Annotation (germinal_center),0.0597
KI67 1 in 200 run5.ndpi,Annotation (germinal_center),0.0492
KI67 1 in 200 run5.ndpi,Annotation (germinal_center),0.0762
KI67 1 in 200 run5.ndpi,Annotation (germinal_center),0.045
KI67 1 in 200 run5.ndpi,Annotation (germinal_center),0.0534
KI67 1 in 200 run5.ndpi,Annotation (germinal_center),0.0553
KI67 1 in 200 run5.ndpi,Annotation (germinal_center),0.0404
KI67 1 in 200 run5.ndpi,Annotation (germinal_center),0.0809
KI67 1 in 200 run5.ndpi,Annotation (germinal_center),0.0717
KI67 1 in 200 run5.ndpi,Annotation (germinal_center),0.0512
KI67 1 in 200 run5.ndpi,Annotation (germinal_center),0.0594
KI67 1 in 200 run5.ndpi,Annotation (germinal_center),0.0858
KI67 1 in 200 run5.ndpi,Annotation (germinal_center),0.0423
KI67 1 in 200 run5.ndpi,Annotation (germinal_center),0.0563
KI67 1 in 200 run5.ndpi,Annotation (germinal_center),0.0374
KI67 1 in 200 run5.ndpi,Annotation (germinal_center),0.0417
KI67 1 in 200 run5.ndpi,Annotation (germinal_center),0.0344
KI67 1 in 200 run5.ndpi,Annotation (germinal_center),0.0517
KI67 1 in 200 run5.ndpi,Annotation (germinal_center),0.0363
KI67 1 in 200 run5.ndpi,Annotation (germinal_center),0.0427
KI67 1 in 200 run5.ndpi,Annotation (germinal_center),0.0472
KI67 1 in 200 run5.ndpi,Annotation (germinal_center),0.0629
KI67 1 in 200 run5.ndpi,Annotation (germinal_center),0.0519
KI67 1 in 200 run5.ndpi,Annotation (germinal_center),0.0469
KI67 1 in 200 run5.ndpi,Annotation (germinal_center),0.0603
KI67 1 in 200 run5.ndpi,Annotation (germinal_center),0.0461
KI67 1 in 200 run5.ndpi,Annotation (germinal_center),0.0783
KI67 1 in 200 run5.ndpi,Annotation (germinal_center),0.0711
KI67 1 in 200 run5.ndpi,Annotation (germinal_center),0.0449
KI67 1 in 200 run5.ndpi,Annotation (germinal_center),0.0538
KI67 1 in 200 run5.ndpi,Annotation (germinal_center),0.0475
KI67 1 in 200 run5.ndpi,Annotation (germinal_center),0.0515
KI67 1 in 200 run5.ndpi,Annotation (germinal_center),0.0567
KI67 1 in 200 run5.ndpi,Annotation (germinal_center),0.0439
KI67 1 in 200 run5.ndpi,Annotation (germinal_center),0.0754
KI67 1 in 200 run5.ndpi,Annotation (germinal_center),0.0564
KI67 1 in 200 run5.ndpi,Annotation (germinal_center),0.0788
KI67 1 in 200 run5.ndpi,Annotation (germinal_center),0.0584
KI67 1 in 200 run5.ndpi,Annotation (germinal_center),0.0501
KI67 1 in 200 run5.ndpi,Annotation (germinal_center),0.0404
KI67 1 in 200 run5.ndpi,Annotation (germinal_center),0.0572
KI67 1 in 200 run5.ndpi,Annotation (germinal_center),0.0523
KI67 1 in 200 run5.ndpi,Annotation (germinal_center),0.1009
KI67 1 in 200 run5.ndpi,Annotation (germinal_center),0.0568
KI67 1 in 200 run5.ndpi,Annotation (germinal_center),0.0553
KI67 1 in 200 run5.ndpi,Annotation (germinal_center),0.0428
KI67 1 in 200 run5.ndpi,Annotation (germinal_center),0.0898
KI67 1 in 200 run5.ndpi,Annotation (germinal_center),0.0506
KI67 1 in 200 run5.ndpi,Annotation (germinal_center),0.0791
KI67 1 in 200 run5.ndpi,Annotation (germinal_center),0.0488
KI67 1 in 200 run5.ndpi,Annotation (germinal_center),0.0745
KI67 1 in 200 run5.ndpi,Annotation (germinal_center),0.0724
KI67 1 in 200 run5.ndpi,Annotation (germinal_center),0.0628
KI67 1 in 200 run5.ndpi,Annotation (germinal_center),0.0447
KI67 1 in 200 run5.ndpi,Annotation (germinal_center),0.0779
KI67 1 in 200 run5.ndpi,Annotation (germinal_center),0.0435
KI67 1 in 200 run5.ndpi,Annotation (germinal_center),0.0823
KI67 1 in 200 run5.ndpi,Annotation (germinal_center),0.0522
KI67 1 in 200 run5.ndpi,Annotation (germinal_center),0.0635
KI67 1 in 200 run5.ndpi,Annotation (germinal_center),0.046
KI67 1 in 200 run5.ndpi,Annotation (germinal_center),0.0758
KI67 1 in 200 run5.ndpi,Annotation (germinal_center),0.0581
KI67 1 in 200 run5.ndpi,Annotation (germinal_center),0.0535
KI67 1 in 200 run5.ndpi,Annotation (germinal_center),0.061
KI67 1 in 200 run5.ndpi,Annotation (germinal_center),0.0499
KI67 1 in 200 run5.ndpi,Annotation (germinal_center),0.0921
KI67 1 in 200 run5.ndpi,Annotation (germinal_center),0.0464
KI67 1 in 200 run5.ndpi,Annotation (germinal_center),0.0395
KI67 1 in 200 run5.ndpi,Annotation (germinal_center),0.0416
KI67 1 in 200 run5.ndpi,Annotation (germinal_center),0.0854
KI67 1 in 200 run5.ndpi,Annotation (germinal_center),0.031
KI67 1 in 200 run5.ndpi,Annotation (germinal_center),0.052
KI67 1 in 200 run5.ndpi,Annotation (germinal_center),0.0436
KI67 1 in 200 run5.ndpi,Annotation (germinal_center),0.0623
KI67 1 in 200 run5.ndpi,Annotation (germinal_center),0.0764
KI67 1 in 200 run5.ndpi,Annotation (germinal_center),0.0532
KI67 1 in 200 run5.ndpi,Annotation (germinal_center),0.0589
KI67 1 in 200 run5.ndpi,Annotation (germinal_center),0.039
KI67 1 in 200 run5.ndpi,Annotation (germinal_center),0.0788
KI67 1 in 200 run5.ndpi,Annotation (germinal_center),0.0534
KI67 1 in 200 run5.ndpi,Annotation (germinal_center),0.0659
KI67 1 in 200 run5.ndpi,Annotation (germinal_center),0.0559
KI67 1 in 200 run5.ndpi,Annotation (germinal_center),0.0406
KI67 1 in 200 run5.ndpi,Annotation (germinal_center),0.0563
KI67 1 in 200 run5.ndpi,Annotation (germinal_center),0.0377
KI67 1 in 200 run5.ndpi,Annotation (germinal_center),0.0496
KI67 1 in 200 run5.ndpi,Annotation (germinal_center),0.0601
KI67 1 in 200 run5.ndpi,Annotation (germinal_center),0.0626
KI67 1 in 200 run5.ndpi,Annotation (germinal_center),0.0395
KI67 1 in 200 run5.ndpi,Annotation (germinal_center),0.0398
KI67 1 in 200 run5.ndpi,Annotation (germinal_center),0.044
KI67 1 in 200 run5.ndpi,Annotation (germinal_center),0.0607
KI67 1 in 200 run5.ndpi,Annotation (germinal_center),0.0515
KI67 1 in 200 run5.ndpi,Annotation (germinal_center),0.0586
KI67 1 in 200 run5.ndpi,Annotation (germinal_center),0.0515
KI67 1 in 200 run5.ndpi,Annotation (germinal_center),0.0469
KI67 1 in 200 run5.ndpi,Annotation (germinal_center),0.0584
KI67 1 in 200 run5.ndpi,Annotation (germinal_center),0.059
KI67 1 in 200 run5.ndpi,Annotation (germinal_center),0.0401
KI67 1 in 200 run5.ndpi,Annotation (germinal_center),0.0398
KI67 1 in 200 run5.ndpi,Annotation (germinal_center),0.0646
KI67 1 in 200 run5.ndpi,Annotation (germinal_center),0.0327
KI67 1 in 200 run5.ndpi,Annotation (germinal_center),0.0673
KI67 1 in 200 run5.ndpi,Annotation (germinal_center),0.0542
KI67 1 in 200 run5.ndpi,Annotation (germinal_center),0.0587
KI67 1 in 200 run5.ndpi,Annotation (germinal_center),0.0341
KI67 1 in 200 run5.ndpi,Annotation (germinal_center),0.0374
KI67 1 in 200 run5.ndpi,Annotation (germinal_center),0.042
KI67 1 in 200 run5.ndpi,Annotation (germinal_center),0.0345
KI67 1 in 200 run5.ndpi,Annotation (germinal_center),0.0782
KI67 1 in 200 run5.ndpi,Annotation (germinal_center),0.0433
KI67 1 in 200 run5.ndpi,Annotation (germinal_center),0.0468
KI67 1 in 200 run5.ndpi,Annotation (germinal_center),0.0648
KI67 1 in 200 run5.ndpi,Annotation (germinal_center),0.0609
KI67 1 in 200 run5.ndpi,Annotation (germinal_center),0.0563
KI67 1 in 200 run5.ndpi,Annotation (germinal_center),0.0718
KI67 1 in 200 run5.ndpi,Annotation (germinal_center),0.0698
KI67 1 in 200 run5.ndpi,Annotation (germinal_center),0.0418
KI67 1 in 200 run5.ndpi,Annotation (germinal_center),0.0849
KI67 1 in 200 run5.ndpi,Annotation (germinal_center),0.0517
KI67 1 in 200 run5.ndpi,Annotation (germinal_center),0.0493
KI67 1 in 200 run5.ndpi,Annotation (germinal_center),0.0426
KI67 1 in 200 run5.ndpi,Annotation (germinal_center),0.0497
KI67 1 in 200 run5.ndpi,Annotation (germinal_center),0.0327
KI67 1 in 200 run5.ndpi,Annotation (germinal_center),0.0607
KI67 1 in 200 run5.ndpi,Annotation (germinal_center),0.0593
KI67 1 in 200 run5.ndpi,Annotation (germinal_center),0.0751
KI67 1 in 200 run5.ndpi,Annotation (germinal_center),0.05
KI67 1 in 200 run5.ndpi,Annotation (germinal_center),0.0541
KI67 1 in 200 run5.ndpi,Annotation (germinal_center),0.0654
KI67 1 in 200 run5.ndpi,Annotation (germinal_center),0.0604
KI67 1 in 200 run5.ndpi,Annotation (germinal_center),0.0662
KI67 1 in 200 run5.ndpi,Annotation (germinal_center),0.0622
KI67 1 in 200 run5.ndpi,Annotation (germinal_center),0.0517
KI67 1 in 200 run5.ndpi,Annotation (germinal_center),0.0711
KI67 1 in 200 run5.ndpi,Annotation (germinal_center),0.0469
KI67 1 in 200 run5.ndpi,Annotation (germinal_center),0.0342
KI67 1 in 200 run5.ndpi,Annotation (germinal_center),0.0485
KI67 1 in 200 run5.ndpi,Annotation (germinal_center),0.0613
KI67 1 in 200 run5.ndpi,Annotation (germinal_center),0.0685
KI67 1 in 200 run5.ndpi,Annotation (germinal_center),0.0376
KI67 1 in 200 run5.ndpi,Annotation (germinal_center),0.0651
KI67 1 in 200 run5.ndpi,Annotation (germinal_center),0.0451
KI67 1 in 200 run5.ndpi,Annotation (germinal_center),0.0518
KI67 1 in 200 run5.ndpi,Annotation (germinal_center),0.0405
KI67 1 in 200 run5.ndpi,Annotation (germinal_center),0.0577
KI67 1 in 200 run5.ndpi,Annotation (germinal_center),0.0506
KI67 1 in 200 run5.ndpi,Annotation (germinal_center),0.0511
KI67 1 in 200 run5.ndpi,Annotation (germinal_center),0.0432
KI67 1 in 200 run5.ndpi,Annotation (germinal_center),0.0562
KI67 1 in 200 run5.ndpi,Annotation (germinal_center),0.0662
KI67 1 in 200 run5.ndpi,Annotation (germinal_center),0.0458
KI67 1 in 200 run5.ndpi,Annotation (germinal_center),0.0686
KI67 1 in 200 run5.ndpi,Annotation (germinal_center),0.052
KI67 1 in 200 run5.ndpi,Annotation (germinal_center),0.0561
KI67 1 in 200 run5.ndpi,Annotation (germinal_center),0.043
KI67 1 in 200 run5.ndpi,Annotation (germinal_center),0.0475
KI67 1 in 200 run5.ndpi,Annotation (germinal_center),0.0423
KI67 1 in 200 run5.ndpi,Annotation (germinal_center),0.0474
KI67 1 in 200 run5.ndpi,Annotation (germinal_center),0.0508
KI67 1 in 200 run5.ndpi,Annotation (germinal_center),0.0552
KI67 1 in 200 run5.ndpi,Annotation (germinal_center),0.0863
KI67 1 in 200 run5.ndpi,Annotation (germinal_center),0.0415
KI67 1 in 200 run5.ndpi,Annotation (germinal_center),0.059
KI67 1 in 200 run5.ndpi,Annotation (germinal_center),0.052
KI67 1 in 200 run5.ndpi,Annotation (germinal_center),0.0694
KI67 1 in 200 run5.ndpi,Annotation (germinal_center),0.0543
KI67 1 in 200 run5.ndpi,Annotation (germinal_center),0.074
KI67 1 in 200 run5.ndpi,Annotation (germinal_center),0.0703
KI67 1 in 200 run5.ndpi,Annotation (germinal_center),0.0663
KI67 1 in 200 run5.ndpi,Annotation (germinal_center),0.045
KI67 1 in 200 run5.ndpi,Annotation (germinal_center),0.0531
KI67 1 in 200 run5.ndpi,Annotation (germinal_center),0.0452
KI67 1 in 200 run5.ndpi,Annotation (germinal_center),0.0364
KI67 1 in 200 run5.ndpi,Annotation (germinal_center),0.0405
KI67 1 in 200 run5.ndpi,Annotation (germinal_center),0.045
KI67 1 in 200 run5.ndpi,Annotation (germinal_center),0.078
KI67 1 in 200 run5.ndpi,Annotation (germinal_center),0.0395
KI67 1 in 200 run5.ndpi,Annotation (germinal_center),0.0514
KI67 1 in 200 run5.ndpi,Annotation (germinal_center),0.053
KI67 1 in 200 run5.ndpi,Annotation (germinal_center),0.0579
KI67 1 in 200 run5.ndpi,Annotation (germinal_center),0.0775
KI67 1 in 200 run5.ndpi,Annotation (germinal_center),0.0444
KI67 1 in 200 run5.ndpi,Annotation (germinal_center),0.0489
KI67 1 in 200 run5.ndpi,Annotation (germinal_center),0.0493
KI67 1 in 200 run5.ndpi,Annotation (germinal_center),0.0645
KI67 1 in 200 run5.ndpi,Annotation (germinal_center),0.0721
KI67 1 in 200 run5.ndpi,Annotation (germinal_center),0.046
KI67 1 in 200 run5.ndpi,Annotation (germinal_center),0.0608
KI67 1 in 200 run5.ndpi,Annotation (germinal_center),0.0503
KI67 1 in 200 run5.ndpi,Annotation (germinal_center),0.0582
KI67 1 in 200 run5.ndpi,Annotation (germinal_center),0.0638
KI67 1 in 200 run5.ndpi,Annotation (germinal_center),0.0604
KI67 1 in 200 run5.ndpi,Annotation (germinal_center),0.0455
KI67 1 in 200 run5.ndpi,Annotation (germinal_center),0.0576
KI67 1 in 200 run5.ndpi,Annotation (germinal_center),0.0623
KI67 1 in 200 run5.ndpi,Annotation (germinal_center),0.0714
KI67 1 in 200 run5.ndpi,Annotation (germinal_center),0.0802
KI67 1 in 200 run5.ndpi,Annotation (germinal_center),0.0425
KI67 1 in 200 run5.ndpi,Annotation (germinal_center),0.0486
KI67 1 in 200 run5.ndpi,Annotation (germinal_center),0.0686
KI67 1 in 200 run5.ndpi,Annotation (germinal_center),0.0765
KI67 1 in 200 run5.ndpi,Annotation (germinal_center),0.0663
KI67 1 in 200 run5.ndpi,Annotation (germinal_center),0.0533
KI67 1 in 200 run5.ndpi,Annotation (germinal_center),0.0573
KI67 1 in 200 run5.ndpi,Annotation (germinal_center),0.0633
KI67 1 in 200 run5.ndpi,Annotation (germinal_center),0.0426
KI67 1 in 200 run5.ndpi,Annotation (germinal_center),0.033
KI67 1 in 200 run5.ndpi,Annotation (germinal_center),0.0438
KI67 1 in 200 run5.ndpi,Annotation (germinal_center),0.0444
KI67 1 in 200 run5.ndpi,Annotation (germinal_center),0.0594
KI67 1 in 200 run5.ndpi,Annotation (germinal_center),0.0502
KI67 1 in 200 run5.ndpi,Annotation (germinal_center),0.068
KI67 1 in 200 run5.ndpi,Annotation (germinal_center),0.0793
KI67 1 in 200 run5.ndpi,Annotation (germinal_center),0.0816
KI67 1 in 200 run5.ndpi,Annotation (germinal_center),0.0568
KI67 1 in 200 run5.ndpi,Annotation (germinal_center),0.0381
KI67 1 in 200 run5.ndpi,Annotation (germinal_center),0.0599
KI67 1 in 200 run5.ndpi,Annotation (germinal_center),0.0388
KI67 1 in 200 run5.ndpi,Annotation (germinal_center),0.0664
KI67 1 in 200 run5.ndpi,Annotation (germinal_center),0.032
KI67 1 in 200 run5.ndpi,Annotation (germinal_center),0.0452
KI67 1 in 200 run5.ndpi,Annotation (germinal_center),0.0463
KI67 1 in 200 run5.ndpi,Annotation (germinal_center),0.0561
KI67 1 in 200 run5.ndpi,Annotation (germinal_center),0.0779
KI67 1 in 200 run5.ndpi,Annotation (germinal_center),0.0466
KI67 1 in 200 run5.ndpi,Annotation (germinal_center),0.0536
KI67 1 in 200 run5.ndpi,Annotation (germinal_center),0.0483
KI67 1 in 200 run5.ndpi,Annotation (germinal_center),0.0626
KI67 1 in 200 run5.ndpi,Annotation (germinal_center),0.0695
KI67 1 in 200 run5.ndpi,Annotation (germinal_center),0.0362
KI67 1 in 200 run5.ndpi,Annotation (germinal_center),0.0369
KI67 1 in 200 run5.ndpi,Annotation (germinal_center),0.04
KI67 1 in 200 run5.ndpi,Annotation (germinal_center),0.0573
KI67 1 in 200 run5.ndpi,Annotation (germinal_center),0.0472
KI67 1 in 200 run5.ndpi,Annotation (germinal_center),0.0466
KI67 1 in 200 run5.ndpi,Annotation (germinal_center),0.0676
KI67 1 in 200 run5.ndpi,Annotation (germinal_center),0.0492
KI67 1 in 200 run5.ndpi,Annotation (germinal_center),0.0654
KI67 1 in 200 run5.ndpi,Annotation (germinal_center),0.063
KI67 1 in 200 run5.ndpi,Annotation (germinal_center),0.0562
KI67 1 in 200 run5.ndpi,Annotation (germinal_center),0.0482
KI67 1 in 200 run5.ndpi,Annotation (germinal_center),0.0515
KI67 1 in 200 run5.ndpi,Annotation (germinal_center),0.084
KI67 1 in 200 run5.ndpi,Annotation (germinal_center),0.0638
KI67 1 in 200 run5.ndpi,Annotation (germinal_center),0.0506
KI67 1 in 200 run5.ndpi,Annotation (germinal_center),0.0617
KI67 1 in 200 run5.ndpi,Annotation (germinal_center),0.0456
KI67 1 in 200 run5.ndpi,Annotation (germinal_center),0.0609
KI67 1 in 200 run5.ndpi,Annotation (germinal_center),0.0405
KI67 1 in 200 run5.ndpi,Annotation (germinal_center),0.0559
KI67 1 in 200 run5.ndpi,Annotation (germinal_center),0.0628
KI67 1 in 200 run5.ndpi,Annotation (germinal_center),0.0565
KI67 1 in 200 run5.ndpi,Annotation (germinal_center),0.07
KI67 1 in 200 run5.ndpi,Annotation (germinal_center),0.0692
KI67 1 in 200 run5.ndpi,Annotation (germinal_center),0.0725
KI67 1 in 200 run5.ndpi,Annotation (germinal_center),0.0258
KI67 1 in 200 run5.ndpi,Annotation (germinal_center),0.0382
KI67 1 in 200 run5.ndpi,Annotation (germinal_center),0.0676
KI67 1 in 200 run5.ndpi,Annotation (germinal_center),0.0489
KI67 1 in 200 run5.ndpi,Annotation (germinal_center),0.0482
KI67 1 in 200 run5.ndpi,Annotation (germinal_center),0.0376
KI67 1 in 200 run5.ndpi,Annotation (germinal_center),0.0432
KI67 1 in 200 run5.ndpi,Annotation (germinal_center),0.0646
KI67 1 in 200 run5.ndpi,Annotation (germinal_center),0.0521
KI67 1 in 200 run5.ndpi,Annotation (germinal_center),0.0502
KI67 1 in 200 run5.ndpi,Annotation (germinal_center),0.0612
KI67 1 in 200 run5.ndpi,Annotation (germinal_center),0.0468
KI67 1 in 200 run5.ndpi,Annotation (germinal_center),0.0536
KI67 1 in 200 run5.ndpi,Annotation (germinal_center),0.0594
KI67 1 in 200 run5.ndpi,Annotation (germinal_center),0.0546
KI67 1 in 200 run5.ndpi,Annotation (germinal_center),0.039
KI67 1 in 200 run5.ndpi,Annotation (germinal_center),0.0533
KI67 1 in 200 run5.ndpi,Annotation (germinal_center),0.0645
KI67 1 in 200 run5.ndpi,Annotation (germinal_center),0.054
KI67 1 in 200 run5.ndpi,Annotation (germinal_center),0.1045
KI67 1 in 200 run5.ndpi,Annotation (germinal_center),0.0564
KI67 1 in 200 run5.ndpi,Annotation (germinal_center),0.0702
KI67 1 in 200 run5.ndpi,Annotation (germinal_center),0.0716
KI67 1 in 200 run5.ndpi,Annotation (germinal_center),0.0523
KI67 1 in 200 run5.ndpi,Annotation (germinal_center),0.0696
KI67 1 in 200 run5.ndpi,Annotation (germinal_center),0.0744
KI67 1 in 200 run5.ndpi,Annotation (germinal_center),0.0596
KI67 1 in 200 run5.ndpi,Annotation (germinal_center),0.0569
KI67 1 in 200 run5.ndpi,Annotation (germinal_center),0.0464
KI67 1 in 200 run5.ndpi,Annotation (germinal_center),0.0762
KI67 1 in 200 run5.ndpi,Annotation (germinal_center),0.0534
KI67 1 in 200 run5.ndpi,Annotation (germinal_center),0.0525
KI67 1 in 200 run5.ndpi,Annotation (germinal_center),0.0538
KI67 1 in 200 run5.ndpi,Annotation (germinal_center),0.0519
KI67 1 in 200 run5.ndpi,Annotation (germinal_center),0.0435
KI67 1 in 200 run5.ndpi,Annotation (germinal_center),0.0499
KI67 1 in 200 run5.ndpi,Annotation (germinal_center),0.0472
KI67 1 in 200 run5.ndpi,Annotation (germinal_center),0.0427
KI67 1 in 200 run5.ndpi,Annotation (germinal_center),0.0491
KI67 1 in 200 run5.ndpi,Annotation (germinal_center),0.056
KI67 1 in 200 run5.ndpi,Annotation (germinal_center),0.05
KI67 1 in 200 run5.ndpi,Annotation (germinal_center),0.0364
KI67 1 in 200 run5.ndpi,Annotation (germinal_center),0.0313
KI67 1 in 200 run5.ndpi,Annotation (germinal_center),0.051
KI67 1 in 200 run5.ndpi,Annotation (germinal_center),0.0499
KI67 1 in 200 run5.ndpi,Annotation (germinal_center),0.104
KI67 1 in 200 run5.ndpi,Annotation (germinal_center),0.0611
KI67 1 in 200 run5.ndpi,Annotation (germinal_center),0.0845
KI67 1 in 200 run5.ndpi,Annotation (germinal_center),0.0546
KI67 1 in 200 run5.ndpi,Annotation (germinal_center),0.0475
KI67 1 in 200 run5.ndpi,Annotation (germinal_center),0.0412
KI67 1 in 200 run5.ndpi,Annotation (germinal_center),0.0593
KI67 1 in 200 run5.ndpi,Annotation (germinal_center),0.0393
KI67 1 in 200 run5.ndpi,Annotation (germinal_center),0.0559
KI67 1 in 200 run5.ndpi,Annotation (germinal_center),0.0441
KI67 1 in 200 run5.ndpi,Annotation (germinal_center),0.0544
KI67 1 in 200 run5.ndpi,Annotation (germinal_center),0.0692
KI67 1 in 200 run5.ndpi,Annotation (germinal_center),0.0656
KI67 1 in 200 run5.ndpi,Annotation (germinal_center),0.0697
KI67 1 in 200 run5.ndpi,Annotation (germinal_center),0.0833
KI67 1 in 200 run5.ndpi,Annotation (germinal_center),0.0451
KI67 1 in 200 run5.ndpi,Annotation (germinal_center),0.0632
KI67 1 in 200 run5.ndpi,Annotation (germinal_center),0.0418
KI67 1 in 200 run5.ndpi,Annotation (germinal_center),0.1056
KI67 1 in 200 run5.ndpi,Annotation (germinal_center),0.0661
KI67 1 in 200 run5.ndpi,Annotation (germinal_center),0.0643
KI67 1 in 200 run5.ndpi,Annotation (germinal_center),0.0357
KI67 1 in 200 run5.ndpi,Annotation (germinal_center),0.0395
KI67 1 in 200 run5.ndpi,Annotation (germinal_center),0.0295
KI67 1 in 200 run5.ndpi,Annotation (germinal_center),0.0874
KI67 1 in 200 run5.ndpi,Annotation (germinal_center),0.0631
KI67 1 in 200 run5.ndpi,Annotation (germinal_center),0.0513
KI67 1 in 200 run5.ndpi,Annotation (germinal_center),0.0502
KI67 1 in 200 run5.ndpi,Annotation (germinal_center),0.0432
KI67 1 in 200 run5.ndpi,Annotation (germinal_center),0.0391
KI67 1 in 200 run5.ndpi,Annotation (germinal_center),0.0417
KI67 1 in 200 run5.ndpi,Annotation (germinal_center),0.0834
KI67 1 in 200 run5.ndpi,Annotation (germinal_center),0.042
KI67 1 in 200 run5.ndpi,Annotation (germinal_center),0.0497
KI67 1 in 200 run5.ndpi,Annotation (germinal_center),0.0542
KI67 1 in 200 run5.ndpi,Annotation (germinal_center),0.0488
KI67 1 in 200 run5.ndpi,Annotation (germinal_center),0.0451
KI67 1 in 200 run5.ndpi,Annotation (germinal_center),0.0591
KI67 1 in 200 run5.ndpi,Annotation (germinal_center),0.0338
KI67 1 in 200 run5.ndpi,Annotation (germinal_center),0.0349
KI67 1 in 200 run5.ndpi,Annotation (germinal_center),0.0451
KI67 1 in 200 run5.ndpi,Annotation (germinal_center),0.0477
KI67 1 in 200 run5.ndpi,Annotation (germinal_center),0.0332
KI67 1 in 200 run5.ndpi,Annotation (germinal_center),0.034
KI67 1 in 200 run5.ndpi,Annotation (germinal_center),0.0623
KI67 1 in 200 run5.ndpi,Annotation (germinal_center),0.0467
KI67 1 in 200 run5.ndpi,Annotation (germinal_center),0.0368
KI67 1 in 200 run5.ndpi,Annotation (germinal_center),0.0565
KI67 1 in 200 run5.ndpi,Annotation (germinal_center),0.0362
KI67 1 in 200 run5.ndpi,Annotation (germinal_center),0.0462
KI67 1 in 200 run5.ndpi,Annotation (germinal_center),0.0406
KI67 1 in 200 run5.ndpi,Annotation (germinal_center),0.0523
KI67 1 in 200 run5.ndpi,Annotation (germinal_center),0.0379
KI67 1 in 200 run5.ndpi,Annotation (germinal_center),0.0483
KI67 1 in 200 run5.ndpi,Annotation (germinal_center),0.0618
KI67 1 in 200 run5.ndpi,Annotation (germinal_center),0.0568
KI67 1 in 200 run5.ndpi,Annotation (germinal_center),0.0566
KI67 1 in 200 run5.ndpi,Annotation (germinal_center),0.0403
KI67 1 in 200 run5.ndpi,Annotation (germinal_center),0.0433
KI67 1 in 200 run5.ndpi,Annotation (germinal_center),0.0505
KI67 1 in 200 run5.ndpi,Annotation (germinal_center),0.0447
KI67 1 in 200 run5.ndpi,Annotation (germinal_center),0.0794
KI67 1 in 200 run5.ndpi,Annotation (germinal_center),0.0739
KI67 1 in 200 run5.ndpi,Annotation (germinal_center),0.0794
KI67 1 in 200 run5.ndpi,Annotation (germinal_center),0.0442
KI67 1 in 200 run5.ndpi,Annotation (germinal_center),0.0354
KI67 1 in 200 run5.ndpi,Annotation (germinal_center),0.0765
KI67 1 in 200 run5.ndpi,Annotation (germinal_center),0.0356
KI67 1 in 200 run5.ndpi,Annotation (germinal_center),0.0533
KI67 1 in 200 run5.ndpi,Annotation (germinal_center),0.0489
KI67 1 in 200 run5.ndpi,Annotation (germinal_center),0.0732
KI67 1 in 200 run5.ndpi,Annotation (germinal_center),0.0465
KI67 1 in 200 run5.ndpi,Annotation (germinal_center),0.0471
KI67 1 in 200 run5.ndpi,Annotation (germinal_center),0.0832
KI67 1 in 200 run5.ndpi,Annotation (germinal_center),0.0682
KI67 1 in 200 run5.ndpi,Annotation (germinal_center),0.0596
KI67 1 in 200 run5.ndpi,Annotation (germinal_center),0.067
KI67 1 in 200 run5.ndpi,Annotation (germinal_center),0.045
KI67 1 in 200 run5.ndpi,Annotation (germinal_center),0.0849
KI67 1 in 200 run5.ndpi,Annotation (germinal_center),0.0544
KI67 1 in 200 run5.ndpi,Annotation (germinal_center),0.0732
KI67 1 in 200 run5.ndpi,Annotation (germinal_center),0.0452
KI67 1 in 200 run5.ndpi,Annotation (germinal_center),0.1069
KI67 1 in 200 run5.ndpi,Annotation (germinal_center),0.1006
KI67 1 in 200 run5.ndpi,Annotation (germinal_center),0.0842
KI67 1 in 200 run5.ndpi,Annotation (germinal_center),0.0965
KI67 1 in 200 run5.ndpi,Annotation (germinal_center),0.0539
KI67 1 in 200 run5.ndpi,Annotation (germinal_center),0.0412
KI67 1 in 200 run5.ndpi,Annotation (germinal_center),0.0585
KI67 1 in 200 run5.ndpi,Annotation (germinal_center),0.051
KI67 1 in 200 run5.ndpi,Annotation (germinal_center),0.0526
KI67 1 in 200 run5.ndpi,Annotation (germinal_center),0.0544
KI67 1 in 200 run5.ndpi,Annotation (germinal_center),0.0472
KI67 1 in 200 run5.ndpi,Annotation (germinal_center),0.0836
KI67 1 in 200 run5.ndpi,Annotation (germinal_center),0.0686
KI67 1 in 200 run5.ndpi,Annotation (germinal_center),0.0328
KI67 1 in 200 run5.ndpi,Annotation (germinal_center),0.0806
KI67 1 in 200 run5.ndpi,Annotation (germinal_center),0.0919
KI67 1 in 200 run5.ndpi,Annotation (germinal_center),0.076
KI67 1 in 200 run5.ndpi,Annotation (germinal_center),0.0313
KI67 1 in 200 run5.ndpi,Annotation (germinal_center),0.0867
KI67 1 in 200 run5.ndpi,Annotation (germinal_center),0.0611
KI67 1 in 200 run5.ndpi,Annotation (germinal_center),0.0468
KI67 1 in 200 run5.ndpi,Annotation (germinal_center),0.099
KI67 1 in 200 run5.ndpi,Annotation (germinal_center),0.0468
KI67 1 in 200 run5.ndpi,Annotation (germinal_center),0.065
KI67 1 in 200 run5.ndpi,Annotation (germinal_center),0.0645
KI67 1 in 200 run5.ndpi,Annotation (germinal_center),0.058
KI67 1 in 200 run5.ndpi,Annotation (germinal_center),0.0609
KI67 1 in 200 run5.ndpi,Annotation (germinal_center),0.0578
KI67 1 in 200 run5.ndpi,Annotation (germinal_center),0.433
KI67 1 in 200 run5.ndpi,Annotation (germinal_center),0.0699
KI67 1 in 200 run5.ndpi,Annotation (germinal_center),0.0633
KI67 1 in 200 run5.ndpi,Annotation (germinal_center),0.0469
KI67 1 in 200 run5.ndpi,Annotation (germinal_center),
KI67 1 in 200 run5.ndpi,Annotation (germinal_center),0.0377
KI67 1 in 200 run5.ndpi,Annotation (germinal_center),0.073
KI67 1 in 200 run5.ndpi,Annotation (germinal_center),0.0474
KI67 1 in 200 run5.ndpi,Annotation (germinal_center),0.0935
KI67 1 in 200 run5.ndpi,Annotation (germinal_center),0.0467
KI67 1 in 200 run5.ndpi,Annotation (germinal_center),0.034
KI67 1 in 200 run5.ndpi,Annotation (germinal_center),0.0496
KI67 1 in 200 run5.ndpi,Annotation (germinal_center),0.04
KI67 1 in 200 run5.ndpi,Annotation (germinal_center),0.0524
KI67 1 in 200 run5.ndpi,Annotation (germinal_center),0.0749
KI67 1 in 200 run5.ndpi,Annotation (germinal_center),0.0924
KI67 1 in 200 run5.ndpi,Annotation (germinal_center),0.0498
KI67 1 in 200 run5.ndpi,Annotation (germinal_center),0.0279
KI67 1 in 200 run5.ndpi,Annotation (germinal_center),0.0274
KI67 1 in 200 run5.ndpi,Annotation (germinal_center),0.0627
KI67 1 in 200 run5.ndpi,Annotation (germinal_center),0.0497
KI67 1 in 200 run5.ndpi,Annotation (germinal_center),0.0582
KI67 1 in 200 run5.ndpi,Annotation (germinal_center),0.0858
KI67 1 in 200 run5.ndpi,Annotation (germinal_center),0.0581
KI67 1 in 200 run5.ndpi,Annotation (germinal_center),0.0705
KI67 1 in 200 run5.ndpi,Annotation (germinal_center),0.0744
KI67 1 in 200 run5.ndpi,Annotation (germinal_center),0.0647
KI67 1 in 200 run5.ndpi,Annotation (germinal_center),0.0584
KI67 1 in 200 run5.ndpi,Annotation (germinal_center),0.0469
KI67 1 in 200 run5.ndpi,Annotation (germinal_center),0.0819
KI67 1 in 200 run5.ndpi,Annotation (germinal_center),0.0854
KI67 1 in 200 run5.ndpi,Annotation (germinal_center),0.0994
KI67 1 in 200 run5.ndpi,Annotation (germinal_center),0.063
KI67 1 in 200 run5.ndpi,Annotation (germinal_center),0.081
KI67 1 in 200 run5.ndpi,Annotation (germinal_center),0.0746
KI67 1 in 200 run5.ndpi,Annotation (germinal_center),0.0623
KI67 1 in 200 run5.ndpi,Annotation (germinal_center),0.0835
KI67 1 in 200 run5.ndpi,Annotation (germinal_center),0.0532
KI67 1 in 200 run5.ndpi,Annotation (germinal_center),0.0653
KI67 1 in 200 run5.ndpi,Annotation (germinal_center),0.0756
KI67 1 in 200 run5.ndpi,Annotation (germinal_center),0.0843
KI67 1 in 200 run5.ndpi,Annotation (germinal_center),0.0526
KI67 1 in 200 run5.ndpi,Annotation (germinal_center),0.0544
KI67 1 in 200 run5.ndpi,Annotation (germinal_center),0.0481
KI67 1 in 200 run5.ndpi,Annotation (germinal_center),0.0583
KI67 1 in 200 run5.ndpi,Annotation (germinal_center),0.0436
KI67 1 in 200 run5.ndpi,Annotation (germinal_center),0.0803
KI67 1 in 200 run5.ndpi,Annotation (germinal_center),0.065
KI67 1 in 200 run5.ndpi,Annotation (germinal_center),0.0873
KI67 1 in 200 run5.ndpi,Annotation (germinal_center),0.0624
KI67 1 in 200 run5.ndpi,Annotation (germinal_center),0.0511
KI67 1 in 200 run5.ndpi,Annotation (germinal_center),0.061
KI67 1 in 200 run5.ndpi,Annotation (germinal_center),0.0792
KI67 1 in 200 run5.ndpi,Annotation (germinal_center),0.0792
KI67 1 in 200 run5.ndpi,Annotation (germinal_center),0.0416
KI67 1 in 200 run5.ndpi,Annotation (germinal_center),0.0623
KI67 1 in 200 run5.ndpi,Annotation (germinal_center),0.0551
KI67 1 in 200 run5.ndpi,Annotation (germinal_center),0.0792
KI67 1 in 200 run5.ndpi,Annotation (germinal_center),0.0712
KI67 1 in 200 run5.ndpi,Annotation (germinal_center),0.0344
KI67 1 in 200 run5.ndpi,Annotation (germinal_center),0.0552
KI67 1 in 200 run5.ndpi,Annotation (germinal_center),0.0564
KI67 1 in 200 run5.ndpi,Annotation (germinal_center),0.0616
KI67 1 in 200 run5.ndpi,Annotation (germinal_center),0.0451
KI67 1 in 200 run5.ndpi,Annotation (germinal_center),0.0492
KI67 1 in 200 run5.ndpi,Annotation (germinal_center),0.0632
KI67 1 in 200 run5.ndpi,Annotation (germinal_center),0.0574
KI67 1 in 200 run5.ndpi,Annotation (germinal_center),0.0491
KI67 1 in 200 run5.ndpi,Annotation (germinal_center),0.0813
KI67 1 in 200 run5.ndpi,Annotation (germinal_center),0.0414
KI67 1 in 200 run5.ndpi,Annotation (germinal_center),0.0513
KI67 1 in 200 run5.ndpi,Annotation (germinal_center),0.0729
KI67 1 in 200 run5.ndpi,Annotation (germinal_center),0.0348
KI67 1 in 200 run5.ndpi,Annotation (germinal_center),0.0598
KI67 1 in 200 run5.ndpi,Annotation (germinal_center),0.0705
KI67 1 in 200 run5.ndpi,Annotation (germinal_center),0.0956
KI67 1 in 200 run5.ndpi,Annotation (germinal_center),0.0714
KI67 1 in 200 run5.ndpi,Annotation (germinal_center),0.0511
KI67 1 in 200 run5.ndpi,Annotation (germinal_center),0.0393
KI67 1 in 200 run5.ndpi,Annotation (germinal_center),0.0442
KI67 1 in 200 run5.ndpi,Annotation (germinal_center),0.0522
KI67 1 in 200 run5.ndpi,Annotation (germinal_center),0.0599
KI67 1 in 200 run5.ndpi,Annotation (germinal_center),0.0372
KI67 1 in 200 run5.ndpi,Annotation (germinal_center),0.0644
KI67 1 in 200 run5.ndpi,Annotation (germinal_center),0.0479
KI67 1 in 200 run5.ndpi,Annotation (germinal_center),0.058
KI67 1 in 200 run5.ndpi,Annotation (germinal_center),0.044
KI67 1 in 200 run5.ndpi,Annotation (germinal_center),0.0552
KI67 1 in 200 run5.ndpi,Annotation (germinal_center),0.0673
KI67 1 in 200 run5.ndpi,Annotation (germinal_center),0.0514
KI67 1 in 200 run5.ndpi,Annotation (germinal_center),0.0761
KI67 1 in 200 run5.ndpi,Annotation (germinal_center),0.0643
KI67 1 in 200 run5.ndpi,Annotation (germinal_center),0.0525
KI67 1 in 200 run5.ndpi,Annotation (germinal_center),0.0614
KI67 1 in 200 run5.ndpi,Annotation (germinal_center),0.0746
KI67 1 in 200 run5.ndpi,Annotation (germinal_center),0.0495
KI67 1 in 200 run5.ndpi,Annotation (germinal_center),0.0805
KI67 1 in 200 run5.ndpi,Annotation (germinal_center),0.0868
KI67 1 in 200 run5.ndpi,Annotation (germinal_center),0.0695
KI67 1 in 200 run5.ndpi,Annotation (germinal_center),0.0351
KI67 1 in 200 run5.ndpi,Annotation (germinal_center),0.0324
KI67 1 in 200 run5.ndpi,Annotation (germinal_center),0.0437
KI67 1 in 200 run5.ndpi,Annotation (germinal_center),0.0718
KI67 1 in 200 run5.ndpi,Annotation (germinal_center),0.0715
KI67 1 in 200 run5.ndpi,Annotation (germinal_center),0.0341
KI67 1 in 200 run5.ndpi,Annotation (germinal_center),0.0846
KI67 1 in 200 run5.ndpi,Annotation (germinal_center),0.051
KI67 1 in 200 run5.ndpi,Annotation (germinal_center),0.0569
KI67 1 in 200 run5.ndpi,Annotation (germinal_center),0.0335
KI67 1 in 200 run5.ndpi,Annotation (germinal_center),0.0468
KI67 1 in 200 run5.ndpi,Annotation (germinal_center),0.0501
KI67 1 in 200 run5.ndpi,Annotation (germinal_center),0.035
KI67 1 in 200 run5.ndpi,Annotation (germinal_center),0.0774
KI67 1 in 200 run5.ndpi,Annotation (germinal_center),0.0263
KI67 1 in 200 run5.ndpi,Annotation (germinal_center),0.0651
KI67 1 in 200 run5.ndpi,Annotation (germinal_center),0.0419
KI67 1 in 200 run5.ndpi,Annotation (germinal_center),0.0671
KI67 1 in 200 run5.ndpi,Annotation (germinal_center),0.0353
KI67 1 in 200 run5.ndpi,Annotation (germinal_center),0.0699
KI67 1 in 200 run5.ndpi,Annotation (germinal_center),0.0681
KI67 1 in 200 run5.ndpi,Annotation (germinal_center),0.0643
KI67 1 in 200 run5.ndpi,Annotation (germinal_center),0.0808
KI67 1 in 200 run5.ndpi,Annotation (germinal_center),0.0619
KI67 1 in 200 run5.ndpi,Annotation (germinal_center),0.0472
KI67 1 in 200 run5.ndpi,Annotation (germinal_center),0.0463
KI67 1 in 200 run5.ndpi,Annotation (germinal_center),0.0743
KI67 1 in 200 run5.ndpi,Annotation (germinal_center),0.0658
KI67 1 in 200 run5.ndpi,Annotation (germinal_center),0.051
KI67 1 in 200 run5.ndpi,Annotation (germinal_center),0.0702
KI67 1 in 200 run5.ndpi,Annotation (germinal_center),0.0438
KI67 1 in 200 run5.ndpi,Annotation (germinal_center),0.0456
KI67 1 in 200 run5.ndpi,Annotation (germinal_center),0.0577
KI67 1 in 200 run5.ndpi,Annotation (germinal_center),0.034
KI67 1 in 200 run5.ndpi,Annotation (germinal_center),0.0801
KI67 1 in 200 run5.ndpi,Annotation (germinal_center),0.0613
KI67 1 in 200 run5.ndpi,Annotation (germinal_center),0.0456
KI67 1 in 200 run5.ndpi,Annotation (germinal_center),0.0858
KI67 1 in 200 run5.ndpi,Annotation (germinal_center),0.0861
KI67 1 in 200 run5.ndpi,Annotation (germinal_center),0.0511
KI67 1 in 200 run5.ndpi,Annotation (germinal_center),0.0671
KI67 1 in 200 run5.ndpi,Annotation (germinal_center),0.0509
KI67 1 in 200 run5.ndpi,Annotation (germinal_center),0.0537
KI67 1 in 200 run5.ndpi,Annotation (germinal_center),0.0712
KI67 1 in 200 run5.ndpi,Annotation (germinal_center),0.0549
KI67 1 in 200 run5.ndpi,Annotation (germinal_center),0.0501
KI67 1 in 200 run5.ndpi,Annotation (germinal_center),0.0557
KI67 1 in 200 run5.ndpi,Annotation (germinal_center),0.0508
KI67 1 in 200 run5.ndpi,Annotation (germinal_center),0.0516
KI67 1 in 200 run5.ndpi,Annotation (germinal_center),0.1058
KI67 1 in 200 run5.ndpi,Annotation (germinal_center),0.0591
KI67 1 in 200 run5.ndpi,Annotation (germinal_center),0.0554
KI67 1 in 200 run5.ndpi,Annotation (germinal_center),0.0595
KI67 1 in 200 run5.ndpi,Annotation (germinal_center),0.0405
KI67 1 in 200 run5.ndpi,Annotation (germinal_center),0.0525
KI67 1 in 200 run5.ndpi,Annotation (germinal_center),0.0365
KI67 1 in 200 run5.ndpi,Annotation (germinal_center),0.0572
KI67 1 in 200 run5.ndpi,Annotation (germinal_center),0.0451
KI67 1 in 200 run5.ndpi,Annotation (germinal_center),0.0431
KI67 1 in 200 run5.ndpi,Annotation (germinal_center),0.0903
KI67 1 in 200 run5.ndpi,Annotation (germinal_center),0.0263
KI67 1 in 200 run5.ndpi,Annotation (germinal_center),0.0492
KI67 1 in 200 run5.ndpi,Annotation (germinal_center),0.0361
KI67 1 in 200 run5.ndpi,Annotation (germinal_center),0.0691
KI67 1 in 200 run5.ndpi,Annotation (germinal_center),0.0378
KI67 1 in 200 run5.ndpi,Annotation (germinal_center),0.0833
KI67 1 in 200 run5.ndpi,Annotation (germinal_center),0.0502
KI67 1 in 200 run5.ndpi,Annotation (germinal_center),0.0479
KI67 1 in 200 run5.ndpi,Annotation (germinal_center),0.0469
KI67 1 in 200 run5.ndpi,Annotation (germinal_center),0.0535
KI67 1 in 200 run5.ndpi,Annotation (germinal_center),0.0419
KI67 1 in 200 run5.ndpi,Annotation (germinal_center),0.0585
KI67 1 in 200 run5.ndpi,Annotation (germinal_center),0.0454
KI67 1 in 200 run5.ndpi,Annotation (germinal_center),0.0448
KI67 1 in 200 run5.ndpi,Annotation (germinal_center),0.0533
KI67 1 in 200 run5.ndpi,Annotation (germinal_center),0.0425
KI67 1 in 200 run5.ndpi,Annotation (germinal_center),0.0541
KI67 1 in 200 run5.ndpi,Annotation (germinal_center),0.0331
KI67 1 in 200 run5.ndpi,Annotation (germinal_center),0.0513
KI67 1 in 200 run5.ndpi,Annotation (germinal_center),0.0597
KI67 1 in 200 run5.ndpi,Annotation (germinal_center),0.0903
KI67 1 in 200 run5.ndpi,Annotation (germinal_center),0.033
KI67 1 in 200 run5.ndpi,Annotation (germinal_center),0.0541
KI67 1 in 200 run5.ndpi,Annotation (germinal_center),0.0449
KI67 1 in 200 run5.ndpi,Annotation (germinal_center),0.071
KI67 1 in 200 run5.ndpi,Annotation (germinal_center),0.0507
KI67 1 in 200 run5.ndpi,Annotation (germinal_center),0.0753
KI67 1 in 200 run5.ndpi,Annotation (germinal_center),0.0344
KI67 1 in 200 run5.ndpi,Annotation (germinal_center),0.0702
KI67 1 in 200 run5.ndpi,Annotation (germinal_center),0.0776
KI67 1 in 200 run5.ndpi,Annotation (germinal_center),0.0352
KI67 1 in 200 run5.ndpi,Annotation (germinal_center),0.0794
KI67 1 in 200 run5.ndpi,Annotation (germinal_center),0.0696
KI67 1 in 200 run5.ndpi,Annotation (germinal_center),0.0543
KI67 1 in 200 run5.ndpi,Annotation (germinal_center),0.0557
KI67 1 in 200 run5.ndpi,Annotation (germinal_center),0.0315
KI67 1 in 200 run5.ndpi,Annotation (germinal_center),0.0389
KI67 1 in 200 run5.ndpi,Annotation (germinal_center),0.056
KI67 1 in 200 run5.ndpi,Annotation (germinal_center),0.0568
KI67 1 in 200 run5.ndpi,Annotation (germinal_center),0.0558
KI67 1 in 200 run5.ndpi,Annotation (germinal_center),0.093
KI67 1 in 200 run5.ndpi,Annotation (germinal_center),0.056
KI67 1 in 200 run5.ndpi,Annotation (germinal_center),0.0858
KI67 1 in 200 run5.ndpi,Annotation (germinal_center),0.0496
KI67 1 in 200 run5.ndpi,Annotation (germinal_center),0.0623
KI67 1 in 200 run5.ndpi,Annotation (germinal_center),0.0354
KI67 1 in 200 run5.ndpi,Annotation (germinal_center),0.0431
KI67 1 in 200 run5.ndpi,Annotation (germinal_center),0.0861
KI67 1 in 200 run5.ndpi,Annotation (germinal_center),0.0308
KI67 1 in 200 run5.ndpi,Annotation (germinal_center),0.0281
KI67 1 in 200 run5.ndpi,Annotation (germinal_center),0.0391
KI67 1 in 200 run5.ndpi,Annotation (germinal_center),0.0312
KI67 1 in 200 run5.ndpi,Annotation (germinal_center),0.0486
KI67 1 in 200 run5.ndpi,Annotation (germinal_center),0.0443
KI67 1 in 200 run5.ndpi,Annotation (germinal_center),0.0584
KI67 1 in 200 run5.ndpi,Annotation (germinal_center),0.0429
KI67 1 in 200 run5.ndpi,Annotation (germinal_center),0.0422
KI67 1 in 200 run5.ndpi,Annotation (germinal_center),0.3473
KI67 1 in 200 run5.ndpi,Annotation (germinal_center),0.0517
KI67 1 in 200 run5.ndpi,Annotation (germinal_center),0.0408
KI67 1 in 200 run5.ndpi,Annotation (germinal_center),0.0379
KI67 1 in 200 run5.ndpi,Annotation (germinal_center),0.0692
KI67 1 in 200 run5.ndpi,Annotation (germinal_center),0.059
KI67 1 in 200 run5.ndpi,Annotation (germinal_center),0.0445
KI67 1 in 200 run5.ndpi,Annotation (germinal_center),0.0375
KI67 1 in 200 run5.ndpi,Annotation (germinal_center),0.0535
KI67 1 in 200 run5.ndpi,Annotation (germinal_center),0.0483
KI67 1 in 200 run5.ndpi,Annotation (germinal_center),0.0756
KI67 1 in 200 run5.ndpi,Annotation (germinal_center),0.1157
KI67 1 in 200 run5.ndpi,Annotation (germinal_center),0.0967
KI67 1 in 200 run5.ndpi,Annotation (germinal_center),0.0374
KI67 1 in 200 run5.ndpi,Annotation (germinal_center),0.0386
KI67 1 in 200 run5.ndpi,Annotation (germinal_center),0.0578
KI67 1 in 200 run5.ndpi,Annotation (germinal_center),0.0644
KI67 1 in 200 run5.ndpi,Annotation (germinal_center),0.079
KI67 1 in 200 run5.ndpi,Annotation (germinal_center),0.0579
KI67 1 in 200 run5.ndpi,Annotation (germinal_center),0.0828
KI67 1 in 200 run5.ndpi,Annotation (germinal_center),0.0631
KI67 1 in 200 run5.ndpi,Annotation (germinal_center),0.063
KI67 1 in 200 run5.ndpi,Annotation (germinal_center),0.0639
KI67 1 in 200 run5.ndpi,Annotation (germinal_center),0.0387
KI67 1 in 200 run5.ndpi,Annotation (germinal_center),0.0467
KI67 1 in 200 run5.ndpi,Annotation (germinal_center),0.0559
KI67 1 in 200 run5.ndpi,Annotation (germinal_center),0.0505
KI67 1 in 200 run5.ndpi,Annotation (germinal_center),0.0749
KI67 1 in 200 run5.ndpi,Annotation (germinal_center),0.0727
KI67 1 in 200 run5.ndpi,Annotation (germinal_center),0.0644
KI67 1 in 200 run5.ndpi,Annotation (germinal_center),0.0501
KI67 1 in 200 run5.ndpi,Annotation (germinal_center),0.0366
KI67 1 in 200 run5.ndpi,Annotation (germinal_center),0.0419
KI67 1 in 200 run5.ndpi,Annotation (germinal_center),0.0934
KI67 1 in 200 run5.ndpi,Annotation (germinal_center),0.117
KI67 1 in 200 run5.ndpi,Annotation (germinal_center),0.0434
KI67 1 in 200 run5.ndpi,Annotation (germinal_center),0.0589
KI67 1 in 200 run5.ndpi,Annotation (germinal_center),0.0616
KI67 1 in 200 run5.ndpi,Annotation (germinal_center),0.0363
KI67 1 in 200 run5.ndpi,Annotation (germinal_center),0.0753
KI67 1 in 200 run5.ndpi,Annotation (germinal_center),0.0855
KI67 1 in 200 run5.ndpi,Annotation (germinal_center),0.0984
KI67 1 in 200 run5.ndpi,Annotation (germinal_center),0.0405
KI67 1 in 200 run5.ndpi,Annotation (germinal_center),0.0659
KI67 1 in 200 run5.ndpi,Annotation (germinal_center),0.0865
KI67 1 in 200 run5.ndpi,Annotation (germinal_center),0.0373
KI67 1 in 200 run5.ndpi,Annotation (germinal_center),0.04
KI67 1 in 200 run5.ndpi,Annotation (germinal_center),0.0534
KI67 1 in 200 run5.ndpi,Annotation (germinal_center),0.0441
KI67 1 in 200 run5.ndpi,Annotation (germinal_center),0.0286
KI67 1 in 200 run5.ndpi,Annotation (germinal_center),0.0374
KI67 1 in 200 run5.ndpi,Annotation (germinal_center),0.0765
KI67 1 in 200 run5.ndpi,Annotation (germinal_center),0.0383
KI67 1 in 200 run5.ndpi,Annotation (germinal_center),0.0535
KI67 1 in 200 run5.ndpi,Annotation (germinal_center),0.0679
KI67 1 in 200 run5.ndpi,Annotation (germinal_center),0.0347
KI67 1 in 200 run5.ndpi,Annotation (germinal_center),0.035
KI67 1 in 200 run5.ndpi,Annotation (germinal_center),0.0362
KI67 1 in 200 run5.ndpi,Annotation (germinal_center),0.0484
KI67 1 in 200 run5.ndpi,Annotation (germinal_center),0.0785
KI67 1 in 200 run5.ndpi,Annotation (germinal_center),0.0755
KI67 1 in 200 run5.ndpi,Annotation (germinal_center),0.0525
KI67 1 in 200 run5.ndpi,Annotation (germinal_center),0.0425
KI67 1 in 200 run5.ndpi,Annotation (germinal_center),0.0548
KI67 1 in 200 run5.ndpi,Annotation (germinal_center),0.0432
KI67 1 in 200 run5.ndpi,Annotation (germinal_center),0.0511
KI67 1 in 200 run5.ndpi,Annotation (germinal_center),0.0526
KI67 1 in 200 run5.ndpi,Annotation (germinal_center),0.0808
KI67 1 in 200 run5.ndpi,Annotation (germinal_center),0.0467
KI67 1 in 200 run5.ndpi,Annotation (germinal_center),0.0373
KI67 1 in 200 run5.ndpi,Annotation (germinal_center),0.0485
KI67 1 in 200 run5.ndpi,Annotation (germinal_center),0.058
KI67 1 in 200 run5.ndpi,Annotation (germinal_center),0.0601
KI67 1 in 200 run5.ndpi,Annotation (germinal_center),0.0591
KI67 1 in 200 run5.ndpi,Annotation (germinal_center),0.0527
KI67 1 in 200 run5.ndpi,Annotation (germinal_center),0.0528
KI67 1 in 200 run5.ndpi,Annotation (germinal_center),0.0981
KI67 1 in 200 run5.ndpi,Annotation (germinal_center),0.0628
KI67 1 in 200 run5.ndpi,Annotation (germinal_center),0.043
KI67 1 in 200 run5.ndpi,Annotation (germinal_center),0.0728
KI67 1 in 200 run5.ndpi,Annotation (germinal_center),0.0507
KI67 1 in 200 run5.ndpi,Annotation (germinal_center),0.1036
KI67 1 in 200 run5.ndpi,Annotation (germinal_center),0.0379
KI67 1 in 200 run5.ndpi,Annotation (germinal_center),0.0394
KI67 1 in 200 run5.ndpi,Annotation (germinal_center),0.0426
KI67 1 in 200 run5.ndpi,Annotation (germinal_center),0.0437
KI67 1 in 200 run5.ndpi,Annotation (germinal_center),0.0631
KI67 1 in 200 run5.ndpi,Annotation (germinal_center),0.0391
KI67 1 in 200 run5.ndpi,Annotation (germinal_center),0.045
KI67 1 in 200 run5.ndpi,Annotation (germinal_center),0.0494
KI67 1 in 200 run5.ndpi,Annotation (germinal_center),0.0676
KI67 1 in 200 run5.ndpi,Annotation (germinal_center),0.0642
KI67 1 in 200 run5.ndpi,Annotation (germinal_center),0.0358
KI67 1 in 200 run5.ndpi,Annotation (germinal_center),0.0636
KI67 1 in 200 run5.ndpi,Annotation (germinal_center),0.0772
KI67 1 in 200 run5.ndpi,Annotation (germinal_center),0.0376
KI67 1 in 200 run5.ndpi,Annotation (germinal_center),0.0663
KI67 1 in 200 run5.ndpi,Annotation (germinal_center),0.0552
KI67 1 in 200 run5.ndpi,Annotation (germinal_center),0.0562
KI67 1 in 200 run5.ndpi,Annotation (germinal_center),0.0657
KI67 1 in 200 run5.ndpi,Annotation (germinal_center),0.0395
KI67 1 in 200 run5.ndpi,Annotation (germinal_center),0.0663
KI67 1 in 200 run5.ndpi,Annotation (germinal_center),0.0459
KI67 1 in 200 run5.ndpi,Annotation (germinal_center),0.031
KI67 1 in 200 run5.ndpi,Annotation (germinal_center),0.063
KI67 1 in 200 run5.ndpi,Annotation (germinal_center),0.0717
KI67 1 in 200 run5.ndpi,Annotation (germinal_center),0.0832
KI67 1 in 200 run5.ndpi,Annotation (germinal_center),0.062
KI67 1 in 200 run5.ndpi,Annotation (germinal_center),0.0601
KI67 1 in 200 run5.ndpi,Annotation (germinal_center),0.07
KI67 1 in 200 run5.ndpi,Annotation (germinal_center),0.0351
KI67 1 in 200 run5.ndpi,Annotation (germinal_center),0.0394
KI67 1 in 200 run5.ndpi,Annotation (germinal_center),0.0448
KI67 1 in 200 run5.ndpi,Annotation (germinal_center),0.0699
KI67 1 in 200 run5.ndpi,Annotation (germinal_center),0.0824
KI67 1 in 200 run5.ndpi,Annotation (germinal_center),0.059
KI67 1 in 200 run5.ndpi,Annotation (germinal_center),0.0637
KI67 1 in 200 run5.ndpi,Annotation (germinal_center),0.0295
KI67 1 in 200 run5.ndpi,Annotation (germinal_center),0.089
KI67 1 in 200 run5.ndpi,Annotation (germinal_center),0.0755
KI67 1 in 200 run5.ndpi,Annotation (germinal_center),0.04
KI67 1 in 200 run5.ndpi,Annotation (germinal_center),0.0373
KI67 1 in 200 run5.ndpi,Annotation (germinal_center),0.0367
KI67 1 in 200 run5.ndpi,Annotation (germinal_center),0.0789
KI67 1 in 200 run5.ndpi,Annotation (germinal_center),0.0476
KI67 1 in 200 run5.ndpi,Annotation (germinal_center),0.043
KI67 1 in 200 run5.ndpi,Annotation (germinal_center),0.0636
KI67 1 in 200 run5.ndpi,Annotation (germinal_center),0.0617
KI67 1 in 200 run5.ndpi,Annotation (germinal_center),0.0542
KI67 1 in 200 run5.ndpi,Annotation (germinal_center),0.0402
KI67 1 in 200 run5.ndpi,Annotation (germinal_center),0.0404
KI67 1 in 200 run5.ndpi,Annotation (germinal_center),0.0358
KI67 1 in 200 run5.ndpi,Annotation (germinal_center),0.0797
KI67 1 in 200 run5.ndpi,Annotation (germinal_center),0.0606
KI67 1 in 200 run5.ndpi,Annotation (germinal_center),0.0438
KI67 1 in 200 run5.ndpi,Annotation (germinal_center),0.0368
KI67 1 in 200 run5.ndpi,Annotation (germinal_center),0.0384
KI67 1 in 200 run5.ndpi,Annotation (germinal_center),0.0614
KI67 1 in 200 run5.ndpi,Annotation (germinal_center),0.0751
KI67 1 in 200 run5.ndpi,Annotation (germinal_center),0.0729
KI67 1 in 200 run5.ndpi,Annotation (germinal_center),0.0594
KI67 1 in 200 run5.ndpi,Annotation (germinal_center),0.035
KI67 1 in 200 run5.ndpi,Annotation (germinal_center),0.0745
KI67 1 in 200 run5.ndpi,Annotation (germinal_center),0.0472
KI67 1 in 200 run5.ndpi,Annotation (germinal_center),0.0362
KI67 1 in 200 run5.ndpi,Annotation (germinal_center),0.0411
KI67 1 in 200 run5.ndpi,Annotation (germinal_center),0.0747
KI67 1 in 200 run5.ndpi,Annotation (germinal_center),0.0412
KI67 1 in 200 run5.ndpi,Annotation (germinal_center),0.0994
KI67 1 in 200 run5.ndpi,Annotation (germinal_center),0.0417
KI67 1 in 200 run5.ndpi,Annotation (germinal_center),0.0759
KI67 1 in 200 run5.ndpi,Annotation (germinal_center),0.0655
KI67 1 in 200 run5.ndpi,Annotation (germinal_center),0.0449
KI67 1 in 200 run5.ndpi,Annotation (germinal_center),0.0454
KI67 1 in 200 run5.ndpi,Annotation (germinal_center),0.0758
KI67 1 in 200 run5.ndpi,Annotation (germinal_center),0.0584
KI67 1 in 200 run5.ndpi,Annotation (germinal_center),0.0637
KI67 1 in 200 run5.ndpi,Annotation (germinal_center),0.0475
KI67 1 in 200 run5.ndpi,Annotation (germinal_center),0.04
KI67 1 in 200 run5.ndpi,Annotation (germinal_center),0.0373
KI67 1 in 200 run5.ndpi,Annotation (germinal_center),0.0703
KI67 1 in 200 run5.ndpi,Annotation (germinal_center),0.0458
KI67 1 in 200 run5.ndpi,Annotation (germinal_center),0.0367
KI67 1 in 200 run5.ndpi,Annotation (germinal_center),0.0479
KI67 1 in 200 run5.ndpi,Annotation (germinal_center),0.0746
KI67 1 in 200 run5.ndpi,Annotation (germinal_center),0.0525
KI67 1 in 200 run5.ndpi,Annotation (germinal_center),0.0438
KI67 1 in 200 run5.ndpi,Annotation (germinal_center),0.0613
KI67 1 in 200 run5.ndpi,Annotation (germinal_center),0.0919
KI67 1 in 200 run5.ndpi,Annotation (germinal_center),0.0608
KI67 1 in 200 run5.ndpi,Annotation (germinal_center),0.046
KI67 1 in 200 run5.ndpi,Annotation (germinal_center),0.0489
KI67 1 in 200 run5.ndpi,Annotation (germinal_center),0.0488
KI67 1 in 200 run5.ndpi,Annotation (germinal_center),0.0564
KI67 1 in 200 run5.ndpi,Annotation (germinal_center),0.0526
KI67 1 in 200 run5.ndpi,Annotation (germinal_center),0.0517
KI67 1 in 200 run5.ndpi,Annotation (germinal_center),0.0425
KI67 1 in 200 run5.ndpi,Annotation (germinal_center),0.0379
KI67 1 in 200 run5.ndpi,Annotation (germinal_center),0.0401
KI67 1 in 200 run5.ndpi,Annotation (germinal_center),0.0379
KI67 1 in 200 run5.ndpi,Annotation (germinal_center),0.0455
KI67 1 in 200 run5.ndpi,Annotation (germinal_center),0.0921
KI67 1 in 200 run5.ndpi,Annotation (germinal_center),0.076
KI67 1 in 200 run5.ndpi,Annotation (germinal_center),0.0575
KI67 1 in 200 run5.ndpi,Annotation (germinal_center),0.0417
KI67 1 in 200 run5.ndpi,Annotation (germinal_center),0.0837
KI67 1 in 200 run5.ndpi,Annotation (germinal_center),0.0379
KI67 1 in 200 run5.ndpi,Annotation (germinal_center),0.0412
KI67 1 in 200 run5.ndpi,Annotation (germinal_center),0.042
KI67 1 in 200 run5.ndpi,Annotation (germinal_center),0.0518
KI67 1 in 200 run5.ndpi,Annotation (germinal_center),0.0407
KI67 1 in 200 run5.ndpi,Annotation (germinal_center),0.0379
KI67 1 in 200 run5.ndpi,Annotation (germinal_center),0.0447
KI67 1 in 200 run5.ndpi,Annotation (germinal_center),0.062
KI67 1 in 200 run5.ndpi,Annotation (germinal_center),0.0416
KI67 1 in 200 run5.ndpi,Annotation (germinal_center),0.084
KI67 1 in 200 run5.ndpi,Annotation (germinal_center),0.0528
KI67 1 in 200 run5.ndpi,Annotation (germinal_center),0.0717
KI67 1 in 200 run5.ndpi,Annotation (germinal_center),0.0567
KI67 1 in 200 run5.ndpi,Annotation (germinal_center),0.0705
KI67 1 in 200 run5.ndpi,Annotation (germinal_center),0.0594
KI67 1 in 200 run5.ndpi,Annotation (germinal_center),0.0295
KI67 1 in 200 run5.ndpi,Annotation (germinal_center),0.0299
KI67 1 in 200 run5.ndpi,Annotation (germinal_center),0.0703
KI67 1 in 200 run5.ndpi,Annotation (germinal_center),0.0372
KI67 1 in 200 run5.ndpi,Annotation (germinal_center),0.0472
KI67 1 in 200 run5.ndpi,Annotation (germinal_center),0.1016
KI67 1 in 200 run5.ndpi,Annotation (germinal_center),0.0628
KI67 1 in 200 run5.ndpi,Annotation (germinal_center),0.0692
KI67 1 in 200 run5.ndpi,Annotation (germinal_center),0.0545
KI67 1 in 200 run5.ndpi,Annotation (germinal_center),0.0348
KI67 1 in 200 run5.ndpi,Annotation (germinal_center),0.0743
KI67 1 in 200 run5.ndpi,Annotation (germinal_center),0.0263
KI67 1 in 200 run5.ndpi,Annotation (germinal_center),0.0383
KI67 1 in 200 run5.ndpi,Annotation (germinal_center),0.0501
KI67 1 in 200 run5.ndpi,Annotation (germinal_center),0.0999
KI67 1 in 200 run5.ndpi,Annotation (germinal_center),0.0559
KI67 1 in 200 run5.ndpi,Annotation (germinal_center),0.0402
KI67 1 in 200 run5.ndpi,Annotation (germinal_center),0.0501
KI67 1 in 200 run5.ndpi,Annotation (germinal_center),0.0556
KI67 1 in 200 run5.ndpi,Annotation (germinal_center),0.0339
KI67 1 in 200 run5.ndpi,Annotation (germinal_center),0.0441
KI67 1 in 200 run5.ndpi,Annotation (germinal_center),0.0546
KI67 1 in 200 run5.ndpi,Annotation (germinal_center),0.049
KI67 1 in 200 run5.ndpi,Annotation (germinal_center),0.0991
KI67 1 in 200 run5.ndpi,Annotation (germinal_center),0.076
KI67 1 in 200 run5.ndpi,Annotation (germinal_center),0.041
KI67 1 in 200 run5.ndpi,Annotation (germinal_center),0.0467
KI67 1 in 200 run5.ndpi,Annotation (germinal_center),0.0729
KI67 1 in 200 run5.ndpi,Annotation (germinal_center),0.0637
KI67 1 in 200 run5.ndpi,Annotation (germinal_center),0.0604
KI67 1 in 200 run5.ndpi,Annotation (germinal_center),0.0784
KI67 1 in 200 run5.ndpi,Annotation (germinal_center),0.0841
KI67 1 in 200 run5.ndpi,Annotation (germinal_center),0.0645
KI67 1 in 200 run5.ndpi,Annotation (germinal_center),0.0773
KI67 1 in 200 run5.ndpi,Annotation (germinal_center),0.0463
KI67 1 in 200 run5.ndpi,Annotation (germinal_center),0.0451
KI67 1 in 200 run5.ndpi,Annotation (germinal_center),0.1026
KI67 1 in 200 run5.ndpi,Annotation (germinal_center),0.0698
KI67 1 in 200 run5.ndpi,Annotation (germinal_center),0.0745
KI67 1 in 200 run5.ndpi,Annotation (germinal_center),0.0314
KI67 1 in 200 run5.ndpi,Annotation (germinal_center),0.0307
KI67 1 in 200 run5.ndpi,Annotation (germinal_center),0.0467
KI67 1 in 200 run5.ndpi,Annotation (germinal_center),0.0385
KI67 1 in 200 run5.ndpi,Annotation (germinal_center),0.0654
KI67 1 in 200 run5.ndpi,Annotation (germinal_center),0.0646
KI67 1 in 200 run5.ndpi,Annotation (germinal_center),0.0398
KI67 1 in 200 run5.ndpi,Annotation (germinal_center),0.0497
KI67 1 in 200 run5.ndpi,Annotation (germinal_center),0.037
KI67 1 in 200 run5.ndpi,Annotation (germinal_center),0.0294
KI67 1 in 200 run5.ndpi,Annotation (germinal_center),0.0532
KI67 1 in 200 run5.ndpi,Annotation (germinal_center),0.0365
KI67 1 in 200 run5.ndpi,Annotation (germinal_center),0.0493
KI67 1 in 200 run5.ndpi,Annotation (germinal_center),0.0385
KI67 1 in 200 run5.ndpi,Annotation (germinal_center),0.0452
KI67 1 in 200 run5.ndpi,Annotation (germinal_center),0.0603
KI67 1 in 200 run5.ndpi,Annotation (germinal_center),0.0727
KI67 1 in 200 run5.ndpi,Annotation (germinal_center),0.0959
KI67 1 in 200 run5.ndpi,Annotation (germinal_center),0.0498
KI67 1 in 200 run5.ndpi,Annotation (germinal_center),0.0545
KI67 1 in 200 run5.ndpi,Annotation (germinal_center),0.0776
KI67 1 in 200 run5.ndpi,Annotation (germinal_center),0.0331
KI67 1 in 200 run5.ndpi,Annotation (germinal_center),0.0614
KI67 1 in 200 run5.ndpi,Annotation (germinal_center),0.0307
KI67 1 in 200 run5.ndpi,Annotation (germinal_center),0.0541
KI67 1 in 200 run5.ndpi,Annotation (germinal_center),0.0622
KI67 1 in 200 run5.ndpi,Annotation (germinal_center),0.0551
KI67 1 in 200 run5.ndpi,Annotation (germinal_center),0.0445
KI67 1 in 200 run5.ndpi,Annotation (germinal_center),0.0839
KI67 1 in 200 run5.ndpi,Annotation (germinal_center),0.0496
KI67 1 in 200 run5.ndpi,Annotation (germinal_center),0.0361
KI67 1 in 200 run5.ndpi,Annotation (germinal_center),0.0385
KI67 1 in 200 run5.ndpi,Annotation (germinal_center),0.0379
KI67 1 in 200 run5.ndpi,Annotation (germinal_center),0.0631
KI67 1 in 200 run5.ndpi,Annotation (germinal_center),0.04
KI67 1 in 200 run5.ndpi,Annotation (germinal_center),0.0419
KI67 1 in 200 run5.ndpi,Annotation (germinal_center),0.0458
KI67 1 in 200 run5.ndpi,Annotation (germinal_center),0.0462
KI67 1 in 200 run5.ndpi,Annotation (germinal_center),0.0328
KI67 1 in 200 run5.ndpi,Annotation (germinal_center),0.0414
KI67 1 in 200 run5.ndpi,Annotation (germinal_center),0.0345
KI67 1 in 200 run5.ndpi,Annotation (germinal_center),0.0459
KI67 1 in 200 run5.ndpi,Annotation (germinal_center),0.0379
KI67 1 in 200 run5.ndpi,Annotation (germinal_center),0.0437
KI67 1 in 200 run5.ndpi,Annotation (germinal_center),0.0728
KI67 1 in 200 run5.ndpi,Annotation (germinal_center),0.0587
KI67 1 in 200 run5.ndpi,Annotation (germinal_center),0.0836
KI67 1 in 200 run5.ndpi,Annotation (germinal_center),0.0436
KI67 1 in 200 run5.ndpi,Annotation (germinal_center),0.068
KI67 1 in 200 run5.ndpi,Annotation (germinal_center),0.0335
KI67 1 in 200 run5.ndpi,Annotation (germinal_center),0.0396
KI67 1 in 200 run5.ndpi,Annotation (germinal_center),0.0482
KI67 1 in 200 run5.ndpi,Annotation (germinal_center),0.0464
KI67 1 in 200 run5.ndpi,Annotation (germinal_center),0.0401
KI67 1 in 200 run5.ndpi,Annotation (germinal_center),0.0561
KI67 1 in 200 run5.ndpi,Annotation (germinal_center),0.0596
KI67 1 in 200 run5.ndpi,Annotation (germinal_center),0.0357
KI67 1 in 200 run5.ndpi,Annotation (germinal_center),0.0491
KI67 1 in 200 run5.ndpi,Annotation (germinal_center),0.0493
KI67 1 in 200 run5.ndpi,Annotation (germinal_center),0.0411
KI67 1 in 200 run5.ndpi,Annotation (germinal_center),0.0348
KI67 1 in 200 run5.ndpi,Annotation (germinal_center),0.048
KI67 1 in 200 run5.ndpi,Annotation (germinal_center),0.1017
KI67 1 in 200 run5.ndpi,Annotation (germinal_center),0.0482
KI67 1 in 200 run5.ndpi,Annotation (germinal_center),0.0519
KI67 1 in 200 run5.ndpi,Annotation (germinal_center),0.0371
KI67 1 in 200 run5.ndpi,Annotation (germinal_center),0.0758
KI67 1 in 200 run5.ndpi,Annotation (germinal_center),0.053
KI67 1 in 200 run5.ndpi,Annotation (germinal_center),0.0374
KI67 1 in 200 run5.ndpi,Annotation (germinal_center),0.0633
KI67 1 in 200 run5.ndpi,Annotation (germinal_center),0.0493
KI67 1 in 200 run5.ndpi,Annotation (germinal_center),0.0814
KI67 1 in 200 run5.ndpi,Annotation (germinal_center),0.0568
KI67 1 in 200 run5.ndpi,Annotation (germinal_center),0.0882
KI67 1 in 200 run5.ndpi,Annotation (germinal_center),0.0459
KI67 1 in 200 run5.ndpi,Annotation (germinal_center),0.1254
KI67 1 in 200 run5.ndpi,Annotation (germinal_center),0.0352
KI67 1 in 200 run5.ndpi,Annotation (germinal_center),0.0477
KI67 1 in 200 run5.ndpi,Annotation (germinal_center),0.0519
KI67 1 in 200 run5.ndpi,Annotation (germinal_center),0.0567
KI67 1 in 200 run5.ndpi,Annotation (germinal_center),0.042
KI67 1 in 200 run5.ndpi,Annotation (germinal_center),0.0384
KI67 1 in 200 run5.ndpi,Annotation (germinal_center),0.0896
KI67 1 in 200 run5.ndpi,Annotation (germinal_center),0.0499
KI67 1 in 200 run5.ndpi,Annotation (germinal_center),0.0645
KI67 1 in 200 run5.ndpi,Annotation (germinal_center),0.0594
KI67 1 in 200 run5.ndpi,Annotation (germinal_center),0.0424
KI67 1 in 200 run5.ndpi,Annotation (germinal_center),0.048
KI67 1 in 200 run5.ndpi,Annotation (germinal_center),0.0589
KI67 1 in 200 run5.ndpi,Annotation (germinal_center),0.0418
KI67 1 in 200 run5.ndpi,Annotation (germinal_center),0.0749
KI67 1 in 200 run5.ndpi,Annotation (germinal_center),0.074
KI67 1 in 200 run5.ndpi,Annotation (germinal_center),0.0698
KI67 1 in 200 run5.ndpi,Annotation (germinal_center),0.0527
KI67 1 in 200 run5.ndpi,Annotation (germinal_center),0.0408
KI67 1 in 200 run5.ndpi,Annotation (germinal_center),0.1054
KI67 1 in 200 run5.ndpi,Annotation (germinal_center),0.0397
KI67 1 in 200 run5.ndpi,Annotation (germinal_center),0.0351
KI67 1 in 200 run5.ndpi,Annotation (germinal_center),0.0694
KI67 1 in 200 run5.ndpi,Annotation (germinal_center),0.0536
KI67 1 in 200 run5.ndpi,Annotation (germinal_center),0.0359
KI67 1 in 200 run5.ndpi,Annotation (germinal_center),0.0666
KI67 1 in 200 run5.ndpi,Annotation (germinal_center),0.0539
KI67 1 in 200 run5.ndpi,Annotation (germinal_center),0.0401
KI67 1 in 200 run5.ndpi,Annotation (germinal_center),0.0569
KI67 1 in 200 run5.ndpi,Annotation (germinal_center),0.0621
KI67 1 in 200 run5.ndpi,Annotation (germinal_center),0.0541
KI67 1 in 200 run5.ndpi,Annotation (germinal_center),0.0685
KI67 1 in 200 run5.ndpi,Annotation (germinal_center),0.0343
KI67 1 in 200 run5.ndpi,Annotation (germinal_center),0.0618
KI67 1 in 200 run5.ndpi,Annotation (germinal_center),0.0549
KI67 1 in 200 run5.ndpi,Annotation (germinal_center),0.0585
KI67 1 in 200 run5.ndpi,Annotation (germinal_center),0.0506
KI67 1 in 200 run5.ndpi,Annotation (germinal_center),0.0781
KI67 1 in 200 run5.ndpi,Annotation (germinal_center),0.0775
KI67 1 in 200 run5.ndpi,Annotation (germinal_center),0.0408
KI67 1 in 200 run5.ndpi,Annotation (germinal_center),0.043
KI67 1 in 200 run5.ndpi,Annotation (germinal_center),0.0459
KI67 1 in 200 run5.ndpi,Annotation (germinal_center),0.0674
KI67 1 in 200 run5.ndpi,Annotation (germinal_center),0.0446
KI67 1 in 200 run5.ndpi,Annotation (germinal_center),0.0538
KI67 1 in 200 run5.ndpi,Annotation (germinal_center),0.0737
KI67 1 in 200 run5.ndpi,Annotation (germinal_center),0.0389
KI67 1 in 200 run5.ndpi,Annotation (germinal_center),0.0367
KI67 1 in 200 run5.ndpi,Annotation (germinal_center),0.067
KI67 1 in 200 run5.ndpi,Annotation (germinal_center),0.0336
KI67 1 in 200 run5.ndpi,Annotation (germinal_center),0.0405
KI67 1 in 200 run5.ndpi,Annotation (germinal_center),0.0456
KI67 1 in 200 run5.ndpi,Annotation (germinal_center),0.0545
KI67 1 in 200 run5.ndpi,Annotation (germinal_center),0.068
KI67 1 in 200 run5.ndpi,Annotation (germinal_center),0.0332
KI67 1 in 200 run5.ndpi,Annotation (germinal_center),0.091
KI67 1 in 200 run5.ndpi,Annotation (germinal_center),0.0461
KI67 1 in 200 run5.ndpi,Annotation (germinal_center),0.0479
KI67 1 in 200 run5.ndpi,Annotation (germinal_center),0.0716
KI67 1 in 200 run5.ndpi,Annotation (germinal_center),0.0754
KI67 1 in 200 run5.ndpi,Annotation (germinal_center),0.0637
KI67 1 in 200 run5.ndpi,Annotation (germinal_center),0.0366
KI67 1 in 200 run5.ndpi,Annotation (germinal_center),0.0383
KI67 1 in 200 run5.ndpi,Annotation (germinal_center),0.0695
KI67 1 in 200 run5.ndpi,Annotation (germinal_center),0.0384
KI67 1 in 200 run5.ndpi,Annotation (germinal_center),0.0315
KI67 1 in 200 run5.ndpi,Annotation (germinal_center),0.0427
KI67 1 in 200 run5.ndpi,Annotation (germinal_center),0.0558
KI67 1 in 200 run5.ndpi,Annotation (germinal_center),0.0797
KI67 1 in 200 run5.ndpi,Annotation (germinal_center),0.0425
KI67 1 in 200 run5.ndpi,Annotation (germinal_center),0.0351
KI67 1 in 200 run5.ndpi,Annotation (germinal_center),0.0355
KI67 1 in 200 run5.ndpi,Annotation (germinal_center),0.0604
KI67 1 in 200 run5.ndpi,Annotation (germinal_center),0.0558
KI67 1 in 200 run5.ndpi,Annotation (germinal_center),0.0918
KI67 1 in 200 run5.ndpi,Annotation (germinal_center),0.0377
KI67 1 in 200 run5.ndpi,Annotation (germinal_center),0.0455
KI67 1 in 200 run5.ndpi,Annotation (germinal_center),0.0688
KI67 1 in 200 run5.ndpi,Annotation (germinal_center),0.0366
KI67 1 in 200 run5.ndpi,Annotation (germinal_center),0.0367
KI67 1 in 200 run5.ndpi,Annotation (germinal_center),0.0794
KI67 1 in 200 run5.ndpi,Annotation (germinal_center),0.0809
KI67 1 in 200 run5.ndpi,Annotation (germinal_center),0.0617
KI67 1 in 200 run5.ndpi,Annotation (germinal_center),0.0461
KI67 1 in 200 run5.ndpi,Annotation (germinal_center),0.0432
KI67 1 in 200 run5.ndpi,Annotation (germinal_center),0.048
KI67 1 in 200 run5.ndpi,Annotation (germinal_center),0.06
KI67 1 in 200 run5.ndpi,Annotation (germinal_center),0.0494
KI67 1 in 200 run5.ndpi,Annotation (germinal_center),0.0691
KI67 1 in 200 run5.ndpi,Annotation (germinal_center),0.0717
KI67 1 in 200 run5.ndpi,Annotation (germinal_center),0.0731
KI67 1 in 200 run5.ndpi,Annotation (germinal_center),0.0495
KI67 1 in 200 run5.ndpi,Annotation (germinal_center),0.0718
KI67 1 in 200 run5.ndpi,Annotation (germinal_center),0.0546
KI67 1 in 200 run5.ndpi,Annotation (germinal_center),0.0977
KI67 1 in 200 run5.ndpi,Annotation (germinal_center),0.0481
KI67 1 in 200 run5.ndpi,Annotation (germinal_center),0.0282
KI67 1 in 200 run5.ndpi,Annotation (germinal_center),0.0523
KI67 1 in 200 run5.ndpi,Annotation (germinal_center),0.0555
KI67 1 in 200 run5.ndpi,Annotation (germinal_center),0.0665
KI67 1 in 200 run5.ndpi,Annotation (germinal_center),0.0565
KI67 1 in 200 run5.ndpi,Annotation (germinal_center),0.0416
KI67 1 in 200 run5.ndpi,Annotation (germinal_center),0.0716
KI67 1 in 200 run5.ndpi,Annotation (germinal_center),0.0455
KI67 1 in 200 run5.ndpi,Annotation (germinal_center),0.0716
KI67 1 in 200 run5.ndpi,Annotation (germinal_center),0.0425
KI67 1 in 200 run5.ndpi,Annotation (germinal_center),0.0474
KI67 1 in 200 run5.ndpi,Annotation (germinal_center),0.0737
KI67 1 in 200 run5.ndpi,Annotation (germinal_center),0.0393
KI67 1 in 200 run5.ndpi,Annotation (germinal_center),0.0606
KI67 1 in 200 run5.ndpi,Annotation (germinal_center),0.0826
KI67 1 in 200 run5.ndpi,Annotation (germinal_center),0.0487
KI67 1 in 200 run5.ndpi,Annotation (germinal_center),0.0422
KI67 1 in 200 run5.ndpi,Annotation (germinal_center),0.0533
KI67 1 in 200 run5.ndpi,Annotation (germinal_center),0.0508
KI67 1 in 200 run5.ndpi,Annotation (germinal_center),0.0516
KI67 1 in 200 run5.ndpi,Annotation (germinal_center),0.0523
KI67 1 in 200 run5.ndpi,Annotation (germinal_center),0.062
KI67 1 in 200 run5.ndpi,Annotation (germinal_center),0.0717
KI67 1 in 200 run5.ndpi,Annotation (germinal_center),0.0696
KI67 1 in 200 run5.ndpi,Annotation (germinal_center),0.0591
KI67 1 in 200 run5.ndpi,Annotation (germinal_center),0.0602
KI67 1 in 200 run5.ndpi,Annotation (germinal_center),0.0346
KI67 1 in 200 run5.ndpi,Annotation (germinal_center),0.064
KI67 1 in 200 run5.ndpi,Annotation (germinal_center),0.0732
KI67 1 in 200 run5.ndpi,Annotation (germinal_center),0.0723
KI67 1 in 200 run5.ndpi,Annotation (germinal_center),0.0722
KI67 1 in 200 run5.ndpi,Annotation (germinal_center),0.0897
KI67 1 in 200 run5.ndpi,Annotation (germinal_center),0.0535
KI67 1 in 200 run5.ndpi,Annotation (germinal_center),0.0613
KI67 1 in 200 run5.ndpi,Annotation (germinal_center),0.038
KI67 1 in 200 run5.ndpi,Annotation (germinal_center),0.045
KI67 1 in 200 run5.ndpi,Annotation (germinal_center),0.0434
KI67 1 in 200 run5.ndpi,Annotation (germinal_center),0.0758
KI67 1 in 200 run5.ndpi,Annotation (germinal_center),0.064
KI67 1 in 200 run5.ndpi,Annotation (germinal_center),0.0783
KI67 1 in 200 run5.ndpi,Annotation (germinal_center),0.0302
KI67 1 in 200 run5.ndpi,Annotation (germinal_center),0.0685
KI67 1 in 200 run5.ndpi,Annotation (germinal_center),0.0627
KI67 1 in 200 run5.ndpi,Annotation (germinal_center),0.0518
KI67 1 in 200 run5.ndpi,Annotation (germinal_center),0.0473
KI67 1 in 200 run5.ndpi,Annotation (germinal_center),0.0553
KI67 1 in 200 run5.ndpi,Annotation (germinal_center),0.0698
KI67 1 in 200 run5.ndpi,Annotation (germinal_center),0.044
KI67 1 in 200 run5.ndpi,Annotation (germinal_center),0.0519
KI67 1 in 200 run5.ndpi,Annotation (germinal_center),0.0363
KI67 1 in 200 run5.ndpi,Annotation (germinal_center),0.0347
KI67 1 in 200 run5.ndpi,Annotation (germinal_center),0.0532
KI67 1 in 200 run5.ndpi,Annotation (germinal_center),0.0785
KI67 1 in 200 run5.ndpi,Annotation (germinal_center),0.0838
KI67 1 in 200 run5.ndpi,Annotation (germinal_center),0.0359
KI67 1 in 200 run5.ndpi,Annotation (germinal_center),0.035
KI67 1 in 200 run5.ndpi,Annotation (germinal_center),0.0404
KI67 1 in 200 run5.ndpi,Annotation (germinal_center),0.0676
KI67 1 in 200 run5.ndpi,Annotation (germinal_center),0.0516
KI67 1 in 200 run5.ndpi,Annotation (germinal_center),0.0822
KI67 1 in 200 run5.ndpi,Annotation (germinal_center),0.0342
KI67 1 in 200 run5.ndpi,Annotation (germinal_center),0.0373
KI67 1 in 200 run5.ndpi,Annotation (germinal_center),0.053
KI67 1 in 200 run5.ndpi,Annotation (germinal_center),0.0465
KI67 1 in 200 run5.ndpi,Annotation (germinal_center),0.052
KI67 1 in 200 run5.ndpi,Annotation (germinal_center),0.0789
KI67 1 in 200 run5.ndpi,Annotation (germinal_center),0.0409
KI67 1 in 200 run5.ndpi,Annotation (germinal_center),0.0626
KI67 1 in 200 run5.ndpi,Annotation (germinal_center),0.0306
KI67 1 in 200 run5.ndpi,Annotation (germinal_center),0.0424
KI67 1 in 200 run5.ndpi,Annotation (germinal_center),0.0425
KI67 1 in 200 run5.ndpi,Annotation (germinal_center),0.0487
KI67 1 in 200 run5.ndpi,Annotation (germinal_center),0.0681
KI67 1 in 200 run5.ndpi,Annotation (germinal_center),0.0415
KI67 1 in 200 run5.ndpi,Annotation (germinal_center),0.0431
KI67 1 in 200 run5.ndpi,Annotation (germinal_center),0.0394
KI67 1 in 200 run5.ndpi,Annotation (germinal_center),0.0596
KI67 1 in 200 run5.ndpi,Annotation (germinal_center),0.0532
KI67 1 in 200 run5.ndpi,Annotation (germinal_center),0.0387
KI67 1 in 200 run5.ndpi,Annotation (germinal_center),0.126
KI67 1 in 200 run5.ndpi,Annotation (germinal_center),0.0464
KI67 1 in 200 run5.ndpi,Annotation (germinal_center),0.034
KI67 1 in 200 run5.ndpi,Annotation (germinal_center),0.0438
KI67 1 in 200 run5.ndpi,Annotation (germinal_center),0.0456
KI67 1 in 200 run5.ndpi,Annotation (germinal_center),0.0473
KI67 1 in 200 run5.ndpi,Annotation (germinal_center),0.0457
KI67 1 in 200 run5.ndpi,Annotation (germinal_center),0.0943
KI67 1 in 200 run5.ndpi,Annotation (germinal_center),0.0413
KI67 1 in 200 run5.ndpi,Annotation (germinal_center),0.048
KI67 1 in 200 run5.ndpi,Annotation (germinal_center),0.0369
KI67 1 in 200 run5.ndpi,Annotation (germinal_center),0.0663
KI67 1 in 200 run5.ndpi,Annotation (germinal_center),0.0406
KI67 1 in 200 run5.ndpi,Annotation (germinal_center),0.0465
KI67 1 in 200 run5.ndpi,Annotation (germinal_center),0.0605
KI67 1 in 200 run5.ndpi,Annotation (germinal_center),0.0404
KI67 1 in 200 run5.ndpi,Annotation (germinal_center),0.0274
KI67 1 in 200 run5.ndpi,Annotation (germinal_center),0.0531
KI67 1 in 200 run5.ndpi,Annotation (germinal_center),0.0484
KI67 1 in 200 run5.ndpi,Annotation (germinal_center),0.0403
KI67 1 in 200 run5.ndpi,Annotation (germinal_center),0.0281
KI67 1 in 200 run5.ndpi,Annotation (germinal_center),0.0588
KI67 1 in 200 run5.ndpi,Annotation (germinal_center),0.0342
KI67 1 in 200 run5.ndpi,Annotation (germinal_center),0.0429
KI67 1 in 200 run5.ndpi,Annotation (germinal_center),0.0515
KI67 1 in 200 run5.ndpi,Annotation (germinal_center),0.0528
KI67 1 in 200 run5.ndpi,Annotation (germinal_center),0.0335
KI67 1 in 200 run5.ndpi,Annotation (germinal_center),0.0692
KI67 1 in 200 run5.ndpi,Annotation (germinal_center),0.0554
KI67 1 in 200 run5.ndpi,Annotation (germinal_center),0.0649
KI67 1 in 200 run5.ndpi,Annotation (germinal_center),0.0501
KI67 1 in 200 run5.ndpi,Annotation (germinal_center),0.072
KI67 1 in 200 run5.ndpi,Annotation (germinal_center),0.0741
KI67 1 in 200 run5.ndpi,Annotation (germinal_center),0.0696
KI67 1 in 200 run5.ndpi,Annotation (germinal_center),0.0321
KI67 1 in 200 run5.ndpi,Annotation (germinal_center),0.0594
KI67 1 in 200 run5.ndpi,Annotation (germinal_center),0.0512
KI67 1 in 200 run5.ndpi,Annotation (germinal_center),0.0584
KI67 1 in 200 run5.ndpi,Annotation (germinal_center),0.0468
KI67 1 in 200 run5.ndpi,Annotation (germinal_center),0.0426
KI67 1 in 200 run5.ndpi,Annotation (germinal_center),0.0831
KI67 1 in 200 run5.ndpi,Annotation (germinal_center),0.0495
KI67 1 in 200 run5.ndpi,Annotation (germinal_center),0.0458
KI67 1 in 200 run5.ndpi,Annotation (germinal_center),0.0577
KI67 1 in 200 run5.ndpi,Annotation (germinal_center),0.0485
KI67 1 in 200 run5.ndpi,Annotation (germinal_center),0.0467
KI67 1 in 200 run5.ndpi,Annotation (germinal_center),0.0374
KI67 1 in 200 run5.ndpi,Annotation (germinal_center),0.0697
KI67 1 in 200 run5.ndpi,Annotation (germinal_center),0.0695
KI67 1 in 200 run5.ndpi,Annotation (germinal_center),0.0472
KI67 1 in 200 run5.ndpi,Annotation (germinal_center),0.0541
KI67 1 in 200 run5.ndpi,Annotation (germinal_center),0.0453
KI67 1 in 200 run5.ndpi,Annotation (germinal_center),0.0311
KI67 1 in 200 run5.ndpi,Annotation (germinal_center),0.1015
KI67 1 in 200 run5.ndpi,Annotation (germinal_center),0.0832
KI67 1 in 200 run5.ndpi,Annotation (germinal_center),0.0458
KI67 1 in 200 run5.ndpi,Annotation (germinal_center),0.0727
KI67 1 in 200 run5.ndpi,Annotation (germinal_center),0.0598
KI67 1 in 200 run5.ndpi,Annotation (germinal_center),0.0517
KI67 1 in 200 run5.ndpi,Annotation (germinal_center),0.0502
KI67 1 in 200 run5.ndpi,Annotation (germinal_center),0.0664
KI67 1 in 200 run5.ndpi,Annotation (germinal_center),0.0461
KI67 1 in 200 run5.ndpi,Annotation (germinal_center),0.0453
KI67 1 in 200 run5.ndpi,Annotation (germinal_center),0.0716
KI67 1 in 200 run5.ndpi,Annotation (germinal_center),0.0408
KI67 1 in 200 run5.ndpi,Annotation (germinal_center),0.0489
KI67 1 in 200 run5.ndpi,Annotation (germinal_center),0.073
KI67 1 in 200 run5.ndpi,Annotation (germinal_center),0.0616
KI67 1 in 200 run5.ndpi,Annotation (germinal_center),0.0511
KI67 1 in 200 run5.ndpi,Annotation (germinal_center),0.0551
KI67 1 in 200 run5.ndpi,Annotation (germinal_center),0.0458
KI67 1 in 200 run5.ndpi,Annotation (germinal_center),0.0607
KI67 1 in 200 run5.ndpi,Annotation (germinal_center),0.0757
KI67 1 in 200 run5.ndpi,Annotation (germinal_center),0.0693
KI67 1 in 200 run5.ndpi,Annotation (germinal_center),0.0784
KI67 1 in 200 run5.ndpi,Annotation (germinal_center),0.0597
KI67 1 in 200 run5.ndpi,Annotation (germinal_center),0.0559
KI67 1 in 200 run5.ndpi,Annotation (germinal_center),0.0548
KI67 1 in 200 run5.ndpi,Annotation (germinal_center),0.0797
KI67 1 in 200 run5.ndpi,Annotation (germinal_center),0.0691
KI67 1 in 200 run5.ndpi,Annotation (germinal_center),0.0378
KI67 1 in 200 run5.ndpi,Annotation (germinal_center),0.0639
KI67 1 in 200 run5.ndpi,Annotation (germinal_center),0.0519
KI67 1 in 200 run5.ndpi,Annotation (germinal_center),0.0737
KI67 1 in 200 run5.ndpi,Annotation (germinal_center),0.0668
KI67 1 in 200 run5.ndpi,Annotation (germinal_center),0.0506
KI67 1 in 200 run5.ndpi,Annotation (germinal_center),0.0481
KI67 1 in 200 run5.ndpi,Annotation (germinal_center),0.0655
KI67 1 in 200 run5.ndpi,Annotation (germinal_center),0.0445
KI67 1 in 200 run5.ndpi,Annotation (germinal_center),0.0501
KI67 1 in 200 run5.ndpi,Annotation (germinal_center),0.0637
KI67 1 in 200 run5.ndpi,Annotation (germinal_center),0.0677
KI67 1 in 200 run5.ndpi,Annotation (germinal_center),0.0489
KI67 1 in 200 run5.ndpi,Annotation (germinal_center),0.0845
KI67 1 in 200 run5.ndpi,Annotation (germinal_center),0.0639
KI67 1 in 200 run5.ndpi,Annotation (germinal_center),0.0482
KI67 1 in 200 run5.ndpi,Annotation (germinal_center),0.054
KI67 1 in 200 run5.ndpi,Annotation (germinal_center),0.06
KI67 1 in 200 run5.ndpi,Annotation (germinal_center),0.0549
KI67 1 in 200 run5.ndpi,Annotation (germinal_center),0.0498
KI67 1 in 200 run5.ndpi,Annotation (germinal_center),0.0792
KI67 1 in 200 run5.ndpi,Annotation (germinal_center),0.0483
KI67 1 in 200 run5.ndpi,Annotation (germinal_center),0.0518
KI67 1 in 200 run5.ndpi,Annotation (germinal_center),0.0663
KI67 1 in 200 run5.ndpi,Annotation (germinal_center),0.0425
KI67 1 in 200 run5.ndpi,Annotation (germinal_center),0.0422
KI67 1 in 200 run5.ndpi,Annotation (germinal_center),0.0485
KI67 1 in 200 run5.ndpi,Annotation (germinal_center),0.0563
KI67 1 in 200 run5.ndpi,Annotation (germinal_center),0.0675
KI67 1 in 200 run5.ndpi,Annotation (germinal_center),0.0423
KI67 1 in 200 run5.ndpi,Annotation (germinal_center),0.0838
KI67 1 in 200 run5.ndpi,Annotation (germinal_center),0.0571
KI67 1 in 200 run5.ndpi,Annotation (germinal_center),0.0485
KI67 1 in 200 run5.ndpi,Annotation (germinal_center),0.0426
KI67 1 in 200 run5.ndpi,Annotation (germinal_center),0.0959
KI67 1 in 200 run5.ndpi,Annotation (germinal_center),0.0496
KI67 1 in 200 run5.ndpi,Annotation (germinal_center),0.0532
KI67 1 in 200 run5.ndpi,Annotation (germinal_center),0.0432
KI67 1 in 200 run5.ndpi,Annotation (germinal_center),0.0877
KI67 1 in 200 run5.ndpi,Annotation (germinal_center),0.0993
KI67 1 in 200 run5.ndpi,Annotation (germinal_center),0.0787
KI67 1 in 200 run5.ndpi,Annotation (germinal_center),0.0784
KI67 1 in 200 run5.ndpi,Annotation (germinal_center),0.0694
KI67 1 in 200 run5.ndpi,Annotation (germinal_center),0.0584
KI67 1 in 200 run5.ndpi,Annotation (germinal_center),0.0521
KI67 1 in 200 run5.ndpi,Annotation (germinal_center),0.0489
KI67 1 in 200 run5.ndpi,Annotation (germinal_center),0.0496
KI67 1 in 200 run5.ndpi,Annotation (germinal_center),0.0348
KI67 1 in 200 run5.ndpi,Annotation (germinal_center),0.0984
KI67 1 in 200 run5.ndpi,Annotation (germinal_center),0.0575
KI67 1 in 200 run5.ndpi,Annotation (germinal_center),0.0616
KI67 1 in 200 run5.ndpi,Annotation (germinal_center),0.049
KI67 1 in 200 run5.ndpi,Annotation (germinal_center),0.0399
KI67 1 in 200 run5.ndpi,Annotation (germinal_center),0.0577
KI67 1 in 200 run5.ndpi,Annotation (germinal_center),0.0506
KI67 1 in 200 run5.ndpi,Annotation (germinal_center),0.0543
KI67 1 in 200 run5.ndpi,Annotation (germinal_center),0.053
KI67 1 in 200 run5.ndpi,Annotation (germinal_center),0.0557
KI67 1 in 200 run5.ndpi,Annotation (germinal_center),0.0536
KI67 1 in 200 run5.ndpi,Annotation (germinal_center),0.0313
KI67 1 in 200 run5.ndpi,Annotation (germinal_center),0.0528
KI67 1 in 200 run5.ndpi,Annotation (germinal_center),0.0561
KI67 1 in 200 run5.ndpi,Annotation (germinal_center),0.0558
KI67 1 in 200 run5.ndpi,Annotation (germinal_center),0.044
KI67 1 in 200 run5.ndpi,Annotation (germinal_center),0.0497
KI67 1 in 200 run5.ndpi,Annotation (germinal_center),0.054
KI67 1 in 200 run5.ndpi,Annotation (germinal_center),0.0644
KI67 1 in 200 run5.ndpi,Annotation (germinal_center),0.0509
KI67 1 in 200 run5.ndpi,Annotation (germinal_center),0.0491
KI67 1 in 200 run5.ndpi,Annotation (germinal_center),0.05
KI67 1 in 200 run5.ndpi,Annotation (germinal_center),0.0448
KI67 1 in 200 run5.ndpi,Annotation (germinal_center),0.0511
KI67 1 in 200 run5.ndpi,Annotation (germinal_center),0.0711
KI67 1 in 200 run5.ndpi,Annotation (germinal_center),0.0755
KI67 1 in 200 run5.ndpi,Annotation (germinal_center),0.066
KI67 1 in 200 run5.ndpi,Annotation (germinal_center),0.0675
KI67 1 in 200 run5.ndpi,Annotation (germinal_center),0.0347
KI67 1 in 200 run5.ndpi,Annotation (germinal_center),0.0688
KI67 1 in 200 run5.ndpi,Annotation (germinal_center),0.0397
KI67 1 in 200 run5.ndpi,Annotation (germinal_center),0.0485
KI67 1 in 200 run5.ndpi,Annotation (germinal_center),0.074
KI67 1 in 200 run5.ndpi,Annotation (germinal_center),0.0506
KI67 1 in 200 run5.ndpi,Annotation (germinal_center),0.041
KI67 1 in 200 run5.ndpi,Annotation (germinal_center),0.0595
KI67 1 in 200 run5.ndpi,Annotation (germinal_center),0.0502
KI67 1 in 200 run5.ndpi,Annotation (germinal_center),0.0595
KI67 1 in 200 run5.ndpi,Annotation (germinal_center),0.0594
KI67 1 in 200 run5.ndpi,Annotation (germinal_center),0.0348
KI67 1 in 200 run5.ndpi,Annotation (germinal_center),0.0529
KI67 1 in 200 run5.ndpi,Annotation (germinal_center),0.0724
KI67 1 in 200 run5.ndpi,Annotation (germinal_center),0.0547
KI67 1 in 200 run5.ndpi,Annotation (germinal_center),0.0613
KI67 1 in 200 run5.ndpi,Annotation (germinal_center),0.0482
KI67 1 in 200 run5.ndpi,Annotation (germinal_center),0.0585
KI67 1 in 200 run5.ndpi,Annotation (germinal_center),0.0451
KI67 1 in 200 run5.ndpi,Annotation (germinal_center),0.0631
KI67 1 in 200 run5.ndpi,Annotation (germinal_center),0.0406
KI67 1 in 200 run5.ndpi,Annotation (germinal_center),0.0624
KI67 1 in 200 run5.ndpi,Annotation (germinal_center),0.0548
KI67 1 in 200 run5.ndpi,Annotation (germinal_center),0.0489
KI67 1 in 200 run5.ndpi,Annotation (germinal_center),0.0624
KI67 1 in 200 run5.ndpi,Annotation (germinal_center),0.0481
KI67 1 in 200 run5.ndpi,Annotation (germinal_center),0.056
KI67 1 in 200 run5.ndpi,Annotation (germinal_center),0.0568
KI67 1 in 200 run5.ndpi,Annotation (germinal_center),0.05
KI67 1 in 200 run5.ndpi,Annotation (germinal_center),0.0676
KI67 1 in 200 run5.ndpi,Annotation (germinal_center),0.0734
KI67 1 in 200 run5.ndpi,Annotation (germinal_center),0.057
KI67 1 in 200 run5.ndpi,Annotation (germinal_center),0.0488
KI67 1 in 200 run5.ndpi,Annotation (germinal_center),0.0789
KI67 1 in 200 run5.ndpi,Annotation (germinal_center),0.0844
KI67 1 in 200 run5.ndpi,Annotation (germinal_center),0.0559
KI67 1 in 200 run5.ndpi,Annotation (germinal_center),0.0743
KI67 1 in 200 run5.ndpi,Annotation (germinal_center),0.082
KI67 1 in 200 run5.ndpi,Annotation (germinal_center),0.0446
KI67 1 in 200 run5.ndpi,Annotation (germinal_center),0.0581
KI67 1 in 200 run5.ndpi,Annotation (germinal_center),0.0541
KI67 1 in 200 run5.ndpi,Annotation (germinal_center),0.0266
KI67 1 in 200 run5.ndpi,Annotation (germinal_center),0.1536
KI67 1 in 200 run5.ndpi,Annotation (germinal_center),0.044
KI67 1 in 200 run5.ndpi,Annotation (germinal_center),0.0316
KI67 1 in 200 run5.ndpi,Annotation (germinal_center),0.0369
KI67 1 in 200 run5.ndpi,Annotation (germinal_center),0.055
KI67 1 in 200 run5.ndpi,Annotation (germinal_center),0.0521
KI67 1 in 200 run5.ndpi,Annotation (germinal_center),0.0374
KI67 1 in 200 run5.ndpi,Annotation (germinal_center),0.0521
KI67 1 in 200 run5.ndpi,Annotation (germinal_center),0.103
KI67 1 in 200 run5.ndpi,Annotation (germinal_center),0.0407
KI67 1 in 200 run5.ndpi,Annotation (germinal_center),0.0358
KI67 1 in 200 run5.ndpi,Annotation (germinal_center),0.05
KI67 1 in 200 run5.ndpi,Annotation (germinal_center),0.0482
KI67 1 in 200 run5.ndpi,Annotation (germinal_center),0.0526
KI67 1 in 200 run5.ndpi,Annotation (germinal_center),0.0526
KI67 1 in 200 run5.ndpi,Annotation (germinal_center),0.0484
KI67 1 in 200 run5.ndpi,Annotation (germinal_center),0.0435
KI67 1 in 200 run5.ndpi,Annotation (germinal_center),0.0494
KI67 1 in 200 run5.ndpi,Annotation (germinal_center),0.0708
KI67 1 in 200 run5.ndpi,Annotation (germinal_center),0.0479
KI67 1 in 200 run5.ndpi,Annotation (germinal_center),0.0574
KI67 1 in 200 run5.ndpi,Annotation (germinal_center),0.0563
KI67 1 in 200 run5.ndpi,Annotation (germinal_center),0.0724
KI67 1 in 200 run5.ndpi,Annotation (germinal_center),0.0731
KI67 1 in 200 run5.ndpi,Annotation (germinal_center),0.057
KI67 1 in 200 run5.ndpi,Annotation (germinal_center),0.0796
KI67 1 in 200 run5.ndpi,Annotation (germinal_center),0.0443
KI67 1 in 200 run5.ndpi,Annotation (germinal_center),0.0506
KI67 1 in 200 run5.ndpi,Annotation (germinal_center),0.0567
KI67 1 in 200 run5.ndpi,Annotation (germinal_center),0.0784
KI67 1 in 200 run5.ndpi,Annotation (germinal_center),0.0448
KI67 1 in 200 run5.ndpi,Annotation (germinal_center),0.0619
KI67 1 in 200 run5.ndpi,Annotation (germinal_center),0.0524
KI67 1 in 200 run5.ndpi,Annotation (germinal_center),0.064
KI67 1 in 200 run5.ndpi,Annotation (germinal_center),0.0506
KI67 1 in 200 run5.ndpi,Annotation (germinal_center),0.0612
KI67 1 in 200 run5.ndpi,Annotation (germinal_center),0.0372
KI67 1 in 200 run5.ndpi,Annotation (germinal_center),0.0744
KI67 1 in 200 run5.ndpi,Annotation (germinal_center),0.0437
KI67 1 in 200 run5.ndpi,Annotation (germinal_center),0.0445
KI67 1 in 200 run5.ndpi,Annotation (germinal_center),0.0355
KI67 1 in 200 run5.ndpi,Annotation (germinal_center),0.0691
KI67 1 in 200 run5.ndpi,Annotation (germinal_center),0.0492
KI67 1 in 200 run5.ndpi,Annotation (germinal_center),0.0468
KI67 1 in 200 run5.ndpi,Annotation (germinal_center),0.032
KI67 1 in 200 run5.ndpi,Annotation (germinal_center),0.0533
KI67 1 in 200 run5.ndpi,Annotation (germinal_center),0.0377
KI67 1 in 200 run5.ndpi,Annotation (germinal_center),0.0447
KI67 1 in 200 run5.ndpi,Annotation (germinal_center),0.0323
KI67 1 in 200 run5.ndpi,Annotation (germinal_center),0.0934
KI67 1 in 200 run5.ndpi,Annotation (germinal_center),0.0514
KI67 1 in 200 run5.ndpi,Annotation (germinal_center),0.0459
KI67 1 in 200 run5.ndpi,Annotation (germinal_center),0.0461
KI67 1 in 200 run5.ndpi,Annotation (germinal_center),0.0587
KI67 1 in 200 run5.ndpi,Annotation (germinal_center),0.0676
KI67 1 in 200 run5.ndpi,Annotation (germinal_center),0.0479
KI67 1 in 200 run5.ndpi,Annotation (germinal_center),0.0482
KI67 1 in 200 run5.ndpi,Annotation (germinal_center),0.053
KI67 1 in 200 run5.ndpi,Annotation (germinal_center),0.0503
KI67 1 in 200 run5.ndpi,Annotation (germinal_center),0.0426
KI67 1 in 200 run5.ndpi,Annotation (germinal_center),0.0507
KI67 1 in 200 run5.ndpi,Annotation (germinal_center),0.0249
KI67 1 in 200 run5.ndpi,Annotation (germinal_center),0.0423
KI67 1 in 200 run5.ndpi,Annotation (germinal_center),0.0446
KI67 1 in 200 run5.ndpi,Annotation (germinal_center),0.029
KI67 1 in 200 run5.ndpi,Annotation (germinal_center),0.0595
KI67 1 in 200 run5.ndpi,Annotation (germinal_center),0.0727
KI67 1 in 200 run5.ndpi,Annotation (germinal_center),0.0694
KI67 1 in 200 run5.ndpi,Annotation (germinal_center),0.0807
KI67 1 in 200 run5.ndpi,Annotation (germinal_center),0.0585
KI67 1 in 200 run5.ndpi,Annotation (germinal_center),0.0317
KI67 1 in 200 run5.ndpi,Annotation (germinal_center),0.0596
KI67 1 in 200 run5.ndpi,Annotation (germinal_center),0.0561
KI67 1 in 200 run5.ndpi,Annotation (germinal_center),0.0547
KI67 1 in 200 run5.ndpi,Annotation (germinal_center),0.0654
KI67 1 in 200 run5.ndpi,Annotation (germinal_center),0.0715
KI67 1 in 200 run5.ndpi,Annotation (germinal_center),0.0364
KI67 1 in 200 run5.ndpi,Annotation (germinal_center),0.0433
KI67 1 in 200 run5.ndpi,Annotation (germinal_center),0.0611
KI67 1 in 200 run5.ndpi,Annotation (germinal_center),0.0344
KI67 1 in 200 run5.ndpi,Annotation (germinal_center),0.0341
KI67 1 in 200 run5.ndpi,Annotation (germinal_center),0.0463
KI67 1 in 200 run5.ndpi,Annotation (germinal_center),0.0752
KI67 1 in 200 run5.ndpi,Annotation (germinal_center),0.0546
KI67 1 in 200 run5.ndpi,Annotation (germinal_center),0.0407
KI67 1 in 200 run5.ndpi,Annotation (germinal_center),0.0443
KI67 1 in 200 run5.ndpi,Annotation (germinal_center),0.0575
KI67 1 in 200 run5.ndpi,Annotation (germinal_center),0.0528
KI67 1 in 200 run5.ndpi,Annotation (germinal_center),0.0655
KI67 1 in 200 run5.ndpi,Annotation (germinal_center),0.0398
KI67 1 in 200 run5.ndpi,Annotation (germinal_center),0.066
KI67 1 in 200 run5.ndpi,Annotation (germinal_center),0.0796
KI67 1 in 200 run5.ndpi,Annotation (germinal_center),0.076
KI67 1 in 200 run5.ndpi,Annotation (germinal_center),0.0444
KI67 1 in 200 run5.ndpi,Annotation (germinal_center),0.051
KI67 1 in 200 run5.ndpi,Annotation (germinal_center),0.0522
KI67 1 in 200 run5.ndpi,Annotation (germinal_center),0.0692
KI67 1 in 200 run5.ndpi,Annotation (germinal_center),0.043
KI67 1 in 200 run5.ndpi,Annotation (germinal_center),0.0494
KI67 1 in 200 run5.ndpi,Annotation (germinal_center),0.0755
KI67 1 in 200 run5.ndpi,Annotation (germinal_center),0.0601
KI67 1 in 200 run5.ndpi,Annotation (germinal_center),0.0378
KI67 1 in 200 run5.ndpi,Annotation (germinal_center),0.0505
KI67 1 in 200 run5.ndpi,Annotation (germinal_center),0.0408
KI67 1 in 200 run5.ndpi,Annotation (germinal_center),0.0714
KI67 1 in 200 run5.ndpi,Annotation (germinal_center),0.0627
KI67 1 in 200 run5.ndpi,Annotation (germinal_center),0.0752
KI67 1 in 200 run5.ndpi,Annotation (germinal_center),0.0499
KI67 1 in 200 run5.ndpi,Annotation (germinal_center),0.0369
KI67 1 in 200 run5.ndpi,Annotation (germinal_center),0.0693
KI67 1 in 200 run5.ndpi,Annotation (germinal_center),0.0535
KI67 1 in 200 run5.ndpi,Annotation (germinal_center),0.0494
KI67 1 in 200 run5.ndpi,Annotation (germinal_center),0.0417
KI67 1 in 200 run5.ndpi,Annotation (germinal_center),0.0725
KI67 1 in 200 run5.ndpi,Annotation (germinal_center),0.0329
KI67 1 in 200 run5.ndpi,Annotation (germinal_center),0.059
KI67 1 in 200 run5.ndpi,Annotation (germinal_center),0.0532
KI67 1 in 200 run5.ndpi,Annotation (germinal_center),0.0434
KI67 1 in 200 run5.ndpi,Annotation (germinal_center),0.0553
KI67 1 in 200 run5.ndpi,Annotation (germinal_center),0.0481
KI67 1 in 200 run5.ndpi,Annotation (germinal_center),0.0862
KI67 1 in 200 run5.ndpi,Annotation (germinal_center),0.065
KI67 1 in 200 run5.ndpi,Annotation (germinal_center),0.0509
KI67 1 in 200 run5.ndpi,Annotation (germinal_center),0.0437
KI67 1 in 200 run5.ndpi,Annotation (germinal_center),0.0405
KI67 1 in 200 run5.ndpi,Annotation (germinal_center),0.0453
KI67 1 in 200 run5.ndpi,Annotation (germinal_center),0.0351
KI67 1 in 200 run5.ndpi,Annotation (germinal_center),0.0936
KI67 1 in 200 run5.ndpi,Annotation (germinal_center),0.0397
KI67 1 in 200 run5.ndpi,Annotation (germinal_center),0.0509
KI67 1 in 200 run5.ndpi,Annotation (germinal_center),0.0452
KI67 1 in 200 run5.ndpi,Annotation (germinal_center),0.049
KI67 1 in 200 run5.ndpi,Annotation (germinal_center),0.0548
KI67 1 in 200 run5.ndpi,Annotation (germinal_center),0.0449
KI67 1 in 200 run5.ndpi,Annotation (germinal_center),0.0807
KI67 1 in 200 run5.ndpi,Annotation (germinal_center),0.0525
KI67 1 in 200 run5.ndpi,Annotation (germinal_center),0.0571
KI67 1 in 200 run5.ndpi,Annotation (germinal_center),0.0319
KI67 1 in 200 run5.ndpi,Annotation (germinal_center),0.0231
KI67 1 in 200 run5.ndpi,Annotation (germinal_center),0.0527
KI67 1 in 200 run5.ndpi,Annotation (germinal_center),0.0536
KI67 1 in 200 run5.ndpi,Annotation (germinal_center),0.0517
KI67 1 in 200 run5.ndpi,Annotation (germinal_center),0.0737
KI67 1 in 200 run5.ndpi,Annotation (germinal_center),0.0388
KI67 1 in 200 run5.ndpi,Annotation (germinal_center),0.0514
KI67 1 in 200 run5.ndpi,Annotation (germinal_center),0.051
KI67 1 in 200 run5.ndpi,Annotation (germinal_center),0.0806
KI67 1 in 200 run5.ndpi,Annotation (germinal_center),0.0388
KI67 1 in 200 run5.ndpi,Annotation (germinal_center),0.0586
KI67 1 in 200 run5.ndpi,Annotation (germinal_center),0.0663
KI67 1 in 200 run5.ndpi,Annotation (germinal_center),0.0446
KI67 1 in 200 run5.ndpi,Annotation (germinal_center),0.1296
KI67 1 in 200 run5.ndpi,Annotation (germinal_center),0.0413
KI67 1 in 200 run5.ndpi,Annotation (germinal_center),0.0459
KI67 1 in 200 run5.ndpi,Annotation (germinal_center),0.045
KI67 1 in 200 run5.ndpi,Annotation (germinal_center),0.0474
KI67 1 in 200 run5.ndpi,Annotation (germinal_center),0.051
KI67 1 in 200 run5.ndpi,Annotation (germinal_center),0.0564
KI67 1 in 200 run5.ndpi,Annotation (germinal_center),0.0548
KI67 1 in 200 run5.ndpi,Annotation (germinal_center),0.0214
KI67 1 in 200 run5.ndpi,Annotation (germinal_center),0.0765
KI67 1 in 200 run5.ndpi,Annotation (germinal_center),0.0527
KI67 1 in 200 run5.ndpi,Annotation (germinal_center),0.0503
KI67 1 in 200 run5.ndpi,Annotation (germinal_center),0.0497
KI67 1 in 200 run5.ndpi,Annotation (germinal_center),0.0645
KI67 1 in 200 run5.ndpi,Annotation (germinal_center),0.0471
KI67 1 in 200 run5.ndpi,Annotation (germinal_center),0.0529
KI67 1 in 200 run5.ndpi,Annotation (germinal_center),0.0412
KI67 1 in 200 run5.ndpi,Annotation (germinal_center),0.0642
KI67 1 in 200 run5.ndpi,Annotation (germinal_center),0.0492
KI67 1 in 200 run5.ndpi,Annotation (germinal_center),0.0628
KI67 1 in 200 run5.ndpi,Annotation (germinal_center),0.0332
KI67 1 in 200 run5.ndpi,Annotation (germinal_center),0.049
KI67 1 in 200 run5.ndpi,Annotation (germinal_center),0.0472
KI67 1 in 200 run5.ndpi,Annotation (germinal_center),0.0484
KI67 1 in 200 run5.ndpi,Annotation (germinal_center),0.0544
KI67 1 in 200 run5.ndpi,Annotation (germinal_center),0.057
KI67 1 in 200 run5.ndpi,Annotation (germinal_center),0.0715
KI67 1 in 200 run5.ndpi,Annotation (germinal_center),0.0512
KI67 1 in 200 run5.ndpi,Annotation (germinal_center),0.064
KI67 1 in 200 run5.ndpi,Annotation (germinal_center),0.0457
KI67 1 in 200 run5.ndpi,Annotation (germinal_center),0.0395
KI67 1 in 200 run5.ndpi,Annotation (germinal_center),0.0538
KI67 1 in 200 run5.ndpi,Annotation (germinal_center),0.067
KI67 1 in 200 run5.ndpi,Annotation (germinal_center),0.0354
KI67 1 in 200 run5.ndpi,Annotation (germinal_center),0.0427
KI67 1 in 200 run5.ndpi,Annotation (germinal_center),0.0384
KI67 1 in 200 run5.ndpi,Annotation (germinal_center),0.0446
KI67 1 in 200 run5.ndpi,Annotation (germinal_center),0.0388
KI67 1 in 200 run5.ndpi,Annotation (germinal_center),
KI67 1 in 200 run5.ndpi,Annotation (germinal_center),0.0357
KI67 1 in 200 run5.ndpi,Annotation (germinal_center),0.0403
KI67 1 in 200 run5.ndpi,Annotation (germinal_center),0.0949
KI67 1 in 200 run5.ndpi,Annotation (germinal_center),0.0275
KI67 1 in 200 run5.ndpi,Annotation (germinal_center),0.0485
KI67 1 in 200 run5.ndpi,Annotation (germinal_center),0.0458
KI67 1 in 200 run5.ndpi,Annotation (germinal_center),0.0816
KI67 1 in 200 run5.ndpi,Annotation (germinal_center),0.0478
KI67 1 in 200 run5.ndpi,Annotation (germinal_center),0.0388
KI67 1 in 200 run5.ndpi,Annotation (germinal_center),0.0309
KI67 1 in 200 run5.ndpi,Annotation (germinal_center),0.0292
KI67 1 in 200 run5.ndpi,Annotation (germinal_center),0.0395
KI67 1 in 200 run5.ndpi,Annotation (germinal_center),0.0531
KI67 1 in 200 run5.ndpi,Annotation (germinal_center),0.0721
KI67 1 in 200 run5.ndpi,Annotation (germinal_center),0.0372
KI67 1 in 200 run5.ndpi,Annotation (germinal_center),0.0598
KI67 1 in 200 run5.ndpi,Annotation (germinal_center),0.0495
KI67 1 in 200 run5.ndpi,Annotation (germinal_center),0.0576
KI67 1 in 200 run5.ndpi,Annotation (germinal_center),0.0386
KI67 1 in 200 run5.ndpi,Annotation (germinal_center),0.0342
KI67 1 in 200 run5.ndpi,Annotation (germinal_center),0.055
KI67 1 in 200 run5.ndpi,Annotation (germinal_center),0.0509
KI67 1 in 200 run5.ndpi,Annotation (germinal_center),0.0538
KI67 1 in 200 run5.ndpi,Annotation (germinal_center),0.0591
KI67 1 in 200 run5.ndpi,Annotation (germinal_center),0.0481
KI67 1 in 200 run5.ndpi,Annotation (germinal_center),0.0374
KI67 1 in 200 run5.ndpi,Annotation (germinal_center),0.0437
KI67 1 in 200 run5.ndpi,Annotation (germinal_center),0.0578
KI67 1 in 200 run5.ndpi,Annotation (germinal_center),0.0539
KI67 1 in 200 run5.ndpi,Annotation (germinal_center),0.0611
KI67 1 in 200 run5.ndpi,Annotation (germinal_center),0.0665
KI67 1 in 200 run5.ndpi,Annotation (germinal_center),0.0496
KI67 1 in 200 run5.ndpi,Annotation (germinal_center),0.0575
KI67 1 in 200 run5.ndpi,Annotation (germinal_center),0.0475
KI67 1 in 200 run5.ndpi,Annotation (germinal_center),0.0729
KI67 1 in 200 run5.ndpi,Annotation (germinal_center),0.0802
KI67 1 in 200 run5.ndpi,Annotation (germinal_center),0.0472
KI67 1 in 200 run5.ndpi,Annotation (germinal_center),0.04
KI67 1 in 200 run5.ndpi,Annotation (germinal_center),0.0778
KI67 1 in 200 run5.ndpi,Annotation (germinal_center),0.0503
KI67 1 in 200 run5.ndpi,Annotation (germinal_center),0.0378
KI67 1 in 200 run5.ndpi,Annotation (germinal_center),0.038
KI67 1 in 200 run5.ndpi,Annotation (germinal_center),0.0457
KI67 1 in 200 run5.ndpi,Annotation (germinal_center),0.0475
KI67 1 in 200 run5.ndpi,Annotation (germinal_center),0.0446
KI67 1 in 200 run5.ndpi,Annotation (germinal_center),0.0351
KI67 1 in 200 run5.ndpi,Annotation (germinal_center),0.0422
KI67 1 in 200 run5.ndpi,Annotation (germinal_center),0.0767
KI67 1 in 200 run5.ndpi,Annotation (germinal_center),0.0427
KI67 1 in 200 run5.ndpi,Annotation (germinal_center),0.0286
KI67 1 in 200 run5.ndpi,Annotation (germinal_center),0.0491
KI67 1 in 200 run5.ndpi,Annotation (germinal_center),0.0471
KI67 1 in 200 run5.ndpi,Annotation (germinal_center),0.0396
KI67 1 in 200 run5.ndpi,Annotation (germinal_center),0.0694
KI67 1 in 200 run5.ndpi,Annotation (germinal_center),0.0588
KI67 1 in 200 run5.ndpi,Annotation (germinal_center),0.0483
KI67 1 in 200 run5.ndpi,Annotation (germinal_center),0.0565
KI67 1 in 200 run5.ndpi,Annotation (germinal_center),0.0419
KI67 1 in 200 run5.ndpi,Annotation (germinal_center),0.0408
KI67 1 in 200 run5.ndpi,Annotation (germinal_center),0.1246
KI67 1 in 200 run5.ndpi,Annotation (germinal_center),
KI67 1 in 200 run5.ndpi,Annotation (germinal_center),0.0478
KI67 1 in 200 run5.ndpi,Annotation (germinal_center),0.0505
KI67 1 in 200 run5.ndpi,Annotation (germinal_center),0.0405
KI67 1 in 200 run5.ndpi,Annotation (germinal_center),0.0488
KI67 1 in 200 run5.ndpi,Annotation (germinal_center),0.0563
KI67 1 in 200 run5.ndpi,Annotation (germinal_center),0.0301
KI67 1 in 200 run5.ndpi,Annotation (germinal_center),0.0807
KI67 1 in 200 run5.ndpi,Annotation (germinal_center),0.0523
KI67 1 in 200 run5.ndpi,Annotation (germinal_center),0.0578
KI67 1 in 200 run5.ndpi,Annotation (germinal_center),0.0854
KI67 1 in 200 run5.ndpi,Annotation (germinal_center),0.0689
KI67 1 in 200 run5.ndpi,Annotation (germinal_center),0.0557
KI67 1 in 200 run5.ndpi,Annotation (germinal_center),0.046
KI67 1 in 200 run5.ndpi,Annotation (germinal_center),0.084
KI67 1 in 200 run5.ndpi,Annotation (germinal_center),0.0559
KI67 1 in 200 run5.ndpi,Annotation (germinal_center),0.0763
KI67 1 in 200 run5.ndpi,Annotation (germinal_center),0.0556
KI67 1 in 200 run5.ndpi,Annotation (germinal_center),0.0892
KI67 1 in 200 run5.ndpi,Annotation (germinal_center),0.0629
KI67 1 in 200 run5.ndpi,Annotation (germinal_center),0.0606
KI67 1 in 200 run5.ndpi,Annotation (germinal_center),0.0634
KI67 1 in 200 run5.ndpi,Annotation (germinal_center),0.0684
KI67 1 in 200 run5.ndpi,Annotation (germinal_center),0.0623
KI67 1 in 200 run5.ndpi,Annotation (germinal_center),0.0597
KI67 1 in 200 run5.ndpi,Annotation (germinal_center),0.0647
KI67 1 in 200 run5.ndpi,Annotation (germinal_center),0.0606
KI67 1 in 200 run5.ndpi,Annotation (germinal_center),0.08
KI67 1 in 200 run5.ndpi,Annotation (germinal_center),0.0504
KI67 1 in 200 run5.ndpi,Annotation (germinal_center),0.1449
KI67 1 in 200 run5.ndpi,Annotation (germinal_center),0.0772
KI67 1 in 200 run5.ndpi,Annotation (germinal_center),0.0616
KI67 1 in 200 run5.ndpi,Annotation (germinal_center),0.08
KI67 1 in 200 run5.ndpi,Annotation (germinal_center),0.0448
KI67 1 in 200 run5.ndpi,Annotation (germinal_center),0.053
KI67 1 in 200 run5.ndpi,Annotation (germinal_center),0.0507
KI67 1 in 200 run5.ndpi,Annotation (germinal_center),0.065
KI67 1 in 200 run5.ndpi,Annotation (germinal_center),0.067
KI67 1 in 200 run5.ndpi,Annotation (germinal_center),0.0865
KI67 1 in 200 run5.ndpi,Annotation (germinal_center),0.0829
KI67 1 in 200 run5.ndpi,Annotation (germinal_center),0.0652
KI67 1 in 200 run5.ndpi,Annotation (germinal_center),0.0554
KI67 1 in 200 run5.ndpi,Annotation (germinal_center),0.0575
KI67 1 in 200 run5.ndpi,Annotation (germinal_center),0.0791
KI67 1 in 200 run5.ndpi,Annotation (germinal_center),0.0537
KI67 1 in 200 run5.ndpi,Annotation (germinal_center),0.0574
KI67 1 in 200 run5.ndpi,Annotation (germinal_center),0.0507
KI67 1 in 200 run5.ndpi,Annotation (germinal_center),0.0663
KI67 1 in 200 run5.ndpi,Annotation (germinal_center),0.0518
KI67 1 in 200 run5.ndpi,Annotation (germinal_center),0.0299
KI67 1 in 200 run5.ndpi,Annotation (germinal_center),0.0674
KI67 1 in 200 run5.ndpi,Annotation (germinal_center),0.0577
KI67 1 in 200 run5.ndpi,Annotation (germinal_center),0.0805
KI67 1 in 200 run5.ndpi,Annotation (germinal_center),0.0659
KI67 1 in 200 run5.ndpi,Annotation (germinal_center),0.0626
KI67 1 in 200 run5.ndpi,Annotation (germinal_center),0.0418
KI67 1 in 200 run5.ndpi,Annotation (germinal_center),0.0784
KI67 1 in 200 run5.ndpi,Annotation (germinal_center),0.0605
KI67 1 in 200 run5.ndpi,Annotation (germinal_center),0.0725
KI67 1 in 200 run5.ndpi,Annotation (germinal_center),0.0779
KI67 1 in 200 run5.ndpi,Annotation (germinal_center),0.0374
KI67 1 in 200 run5.ndpi,Annotation (germinal_center),0.0839
KI67 1 in 200 run5.ndpi,Annotation (germinal_center),0.0875
KI67 1 in 200 run5.ndpi,Annotation (germinal_center),0.076
KI67 1 in 200 run5.ndpi,Annotation (germinal_center),0.041
KI67 1 in 200 run5.ndpi,Annotation (germinal_center),0.0794
KI67 1 in 200 run5.ndpi,Annotation (germinal_center),0.0913
KI67 1 in 200 run5.ndpi,Annotation (germinal_center),0.0847
KI67 1 in 200 run5.ndpi,Annotation (germinal_center),0.0964
KI67 1 in 200 run5.ndpi,Annotation (germinal_center),0.0974
KI67 1 in 200 run5.ndpi,Annotation (germinal_center),0.0344
KI67 1 in 200 run5.ndpi,Annotation (germinal_center),0.054
KI67 1 in 200 run5.ndpi,Annotation (germinal_center),0.0521
KI67 1 in 200 run5.ndpi,Annotation (germinal_center),0.0927
KI67 1 in 200 run5.ndpi,Annotation (germinal_center),0.0723
KI67 1 in 200 run5.ndpi,Annotation (germinal_center),0.0399
KI67 1 in 200 run5.ndpi,Annotation (germinal_center),0.0768
KI67 1 in 200 run5.ndpi,Annotation (germinal_center),0.0699
KI67 1 in 200 run5.ndpi,Annotation (germinal_center),0.0597
KI67 1 in 200 run5.ndpi,Annotation (germinal_center),0.0437
KI67 1 in 200 run5.ndpi,Annotation (germinal_center),0.0726
KI67 1 in 200 run5.ndpi,Annotation (germinal_center),0.0649
KI67 1 in 200 run5.ndpi,Annotation (germinal_center),0.0337
KI67 1 in 200 run5.ndpi,Annotation (germinal_center),0.0449
KI67 1 in 200 run5.ndpi,Annotation (germinal_center),0.0729
KI67 1 in 200 run5.ndpi,Annotation (germinal_center),0.0548
KI67 1 in 200 run5.ndpi,Annotation (germinal_center),0.0508
KI67 1 in 200 run5.ndpi,Annotation (germinal_center),0.0895
KI67 1 in 200 run5.ndpi,Annotation (germinal_center),0.0851
KI67 1 in 200 run5.ndpi,Annotation (germinal_center),0.0673
KI67 1 in 200 run5.ndpi,Annotation (germinal_center),0.0577
KI67 1 in 200 run5.ndpi,Annotation (germinal_center),0.0729
KI67 1 in 200 run5.ndpi,Annotation (germinal_center),0.061
KI67 1 in 200 run5.ndpi,Annotation (germinal_center),0.077
KI67 1 in 200 run5.ndpi,Annotation (germinal_center),0.0379
KI67 1 in 200 run5.ndpi,Annotation (germinal_center),0.0711
KI67 1 in 200 run5.ndpi,Annotation (germinal_center),0.0802
KI67 1 in 200 run5.ndpi,Annotation (germinal_center),0.0393
KI67 1 in 200 run5.ndpi,Annotation (germinal_center),0.0996
KI67 1 in 200 run5.ndpi,Annotation (germinal_center),0.0891
KI67 1 in 200 run5.ndpi,Annotation (germinal_center),0.0432
KI67 1 in 200 run5.ndpi,Annotation (germinal_center),0.0562
KI67 1 in 200 run5.ndpi,Annotation (germinal_center),0.0382
KI67 1 in 200 run5.ndpi,Annotation (germinal_center),0.0379
KI67 1 in 200 run5.ndpi,Annotation (germinal_center),0.0385
KI67 1 in 200 run5.ndpi,Annotation (germinal_center),0.0423
KI67 1 in 200 run5.ndpi,Annotation (germinal_center),0.0789
KI67 1 in 200 run5.ndpi,Annotation (germinal_center),0.0881
KI67 1 in 200 run5.ndpi,Annotation (germinal_center),0.052
KI67 1 in 200 run5.ndpi,Annotation (germinal_center),0.0757
KI67 1 in 200 run5.ndpi,Annotation (germinal_center),0.0464
KI67 1 in 200 run5.ndpi,Annotation (germinal_center),0.0435
KI67 1 in 200 run5.ndpi,Annotation (germinal_center),0.1062
KI67 1 in 200 run5.ndpi,Annotation (germinal_center),0.0781
KI67 1 in 200 run5.ndpi,Annotation (germinal_center),0.0762
KI67 1 in 200 run5.ndpi,Annotation (germinal_center),0.0518
KI67 1 in 200 run5.ndpi,Annotation (germinal_center),0.0335
KI67 1 in 200 run5.ndpi,Annotation (germinal_center),0.0398
KI67 1 in 200 run5.ndpi,Annotation (germinal_center),0.0355
KI67 1 in 200 run5.ndpi,Annotation (germinal_center),0.1061
KI67 1 in 200 run5.ndpi,Annotation (germinal_center),0.0371
KI67 1 in 200 run5.ndpi,Annotation (germinal_center),0.0885
KI67 1 in 200 run5.ndpi,Annotation (germinal_center),0.0465
KI67 1 in 200 run5.ndpi,Annotation (germinal_center),0.0887
KI67 1 in 200 run5.ndpi,Annotation (germinal_center),0.0703
KI67 1 in 200 run5.ndpi,Annotation (germinal_center),0.0804
KI67 1 in 200 run5.ndpi,Annotation (germinal_center),0.0794
KI67 1 in 200 run5.ndpi,Annotation (germinal_center),0.0778
KI67 1 in 200 run5.ndpi,Annotation (germinal_center),0.0688
KI67 1 in 200 run5.ndpi,Annotation (germinal_center),0.0387
KI67 1 in 200 run5.ndpi,Annotation (germinal_center),0.0558
KI67 1 in 200 run5.ndpi,Annotation (germinal_center),0.0347
KI67 1 in 200 run5.ndpi,Annotation (germinal_center),0.0748
KI67 1 in 200 run5.ndpi,Annotation (germinal_center),0.0328
KI67 1 in 200 run5.ndpi,Annotation (germinal_center),0.0423
KI67 1 in 200 run5.ndpi,Annotation (germinal_center),0.0581
KI67 1 in 200 run5.ndpi,Annotation (germinal_center),0.0451
KI67 1 in 200 run5.ndpi,Annotation (germinal_center),0.0404
KI67 1 in 200 run5.ndpi,Annotation (germinal_center),0.0697
KI67 1 in 200 run5.ndpi,Annotation (germinal_center),0.0497
KI67 1 in 200 run5.ndpi,Annotation (germinal_center),0.0538
KI67 1 in 200 run5.ndpi,Annotation (germinal_center),0.0378
KI67 1 in 200 run5.ndpi,Annotation (germinal_center),0.039
KI67 1 in 200 run5.ndpi,Annotation (germinal_center),0.0885
KI67 1 in 200 run5.ndpi,Annotation (germinal_center),0.0678
KI67 1 in 200 run5.ndpi,Annotation (germinal_center),0.1182
KI67 1 in 200 run5.ndpi,Annotation (germinal_center),0.0418
KI67 1 in 200 run5.ndpi,Annotation (germinal_center),0.0989
KI67 1 in 200 run5.ndpi,Annotation (germinal_center),0.0597
KI67 1 in 200 run5.ndpi,Annotation (germinal_center),0.0869
KI67 1 in 200 run5.ndpi,Annotation (germinal_center),0.0391
KI67 1 in 200 run5.ndpi,Annotation (germinal_center),0.0417
KI67 1 in 200 run5.ndpi,Annotation (germinal_center),0.0477
KI67 1 in 200 run5.ndpi,Annotation (germinal_center),0.0901
KI67 1 in 200 run5.ndpi,Annotation (germinal_center),0.0535
KI67 1 in 200 run5.ndpi,Annotation (germinal_center),0.0864
KI67 1 in 200 run5.ndpi,Annotation (germinal_center),0.0682
KI67 1 in 200 run5.ndpi,Annotation (germinal_center),0.0582
KI67 1 in 200 run5.ndpi,Annotation (germinal_center),0.0741
KI67 1 in 200 run5.ndpi,Annotation (germinal_center),0.0795
KI67 1 in 200 run5.ndpi,Annotation (germinal_center),0.0421
KI67 1 in 200 run5.ndpi,Annotation (germinal_center),0.0617
KI67 1 in 200 run5.ndpi,Annotation (germinal_center),0.0383
KI67 1 in 200 run5.ndpi,Annotation (germinal_center),0.0498
KI67 1 in 200 run5.ndpi,Annotation (germinal_center),0.0606
KI67 1 in 200 run5.ndpi,Annotation (germinal_center),0.068
KI67 1 in 200 run5.ndpi,Annotation (germinal_center),0.0661
KI67 1 in 200 run5.ndpi,Annotation (germinal_center),0.0511
KI67 1 in 200 run5.ndpi,Annotation (germinal_center),0.0376
KI67 1 in 200 run5.ndpi,Annotation (germinal_center),0.0737
KI67 1 in 200 run5.ndpi,Annotation (germinal_center),0.0407
KI67 1 in 200 run5.ndpi,Annotation (germinal_center),0.0454
KI67 1 in 200 run5.ndpi,Annotation (germinal_center),0.0405
KI67 1 in 200 run5.ndpi,Annotation (germinal_center),0.0495
KI67 1 in 200 run5.ndpi,Annotation (germinal_center),0.0537
KI67 1 in 200 run5.ndpi,Annotation (germinal_center),0.07
KI67 1 in 200 run5.ndpi,Annotation (germinal_center),0.0907
KI67 1 in 200 run5.ndpi,Annotation (germinal_center),0.0362
KI67 1 in 200 run5.ndpi,Annotation (germinal_center),0.0526
KI67 1 in 200 run5.ndpi,Annotation (germinal_center),0.0905
KI67 1 in 200 run5.ndpi,Annotation (germinal_center),0.0352
KI67 1 in 200 run5.ndpi,Annotation (germinal_center),0.0417
KI67 1 in 200 run5.ndpi,Annotation (germinal_center),0.0451
KI67 1 in 200 run5.ndpi,Annotation (germinal_center),0.0676
KI67 1 in 200 run5.ndpi,Annotation (germinal_center),0.0883
KI67 1 in 200 run5.ndpi,Annotation (germinal_center),0.0473
KI67 1 in 200 run5.ndpi,Annotation (germinal_center),0.0875
KI67 1 in 200 run5.ndpi,Annotation (germinal_center),0.0475
KI67 1 in 200 run5.ndpi,Annotation (germinal_center),0.0449
KI67 1 in 200 run5.ndpi,Annotation (germinal_center),0.0395
KI67 1 in 200 run5.ndpi,Annotation (germinal_center),0.0901
KI67 1 in 200 run5.ndpi,Annotation (germinal_center),0.032
KI67 1 in 200 run5.ndpi,Annotation (germinal_center),0.0315
KI67 1 in 200 run5.ndpi,Annotation (germinal_center),0.0544
KI67 1 in 200 run5.ndpi,Annotation (germinal_center),0.032
KI67 1 in 200 run5.ndpi,Annotation (germinal_center),0.0545
KI67 1 in 200 run5.ndpi,Annotation (germinal_center),0.069
KI67 1 in 200 run5.ndpi,Annotation (germinal_center),0.0693
KI67 1 in 200 run5.ndpi,Annotation (germinal_center),0.0327
KI67 1 in 200 run5.ndpi,Annotation (germinal_center),0.0587
KI67 1 in 200 run5.ndpi,Annotation (germinal_center),0.0405
KI67 1 in 200 run5.ndpi,Annotation (germinal_center),0.0773
KI67 1 in 200 run5.ndpi,Annotation (germinal_center),0.0341
KI67 1 in 200 run5.ndpi,Annotation (germinal_center),0.0788
KI67 1 in 200 run5.ndpi,Annotation (germinal_center),0.0568
KI67 1 in 200 run5.ndpi,Annotation (germinal_center),0.0378
KI67 1 in 200 run5.ndpi,Annotation (germinal_center),0.0801
KI67 1 in 200 run5.ndpi,Annotation (germinal_center),0.0568
KI67 1 in 200 run5.ndpi,Annotation (germinal_center),0.0393
KI67 1 in 200 run5.ndpi,Annotation (germinal_center),0.0537
KI67 1 in 200 run5.ndpi,Annotation (germinal_center),0.0494
KI67 1 in 200 run5.ndpi,Annotation (germinal_center),0.0536
KI67 1 in 200 run5.ndpi,Annotation (germinal_center),0.0428
KI67 1 in 200 run5.ndpi,Annotation (germinal_center),0.0835
KI67 1 in 200 run5.ndpi,Annotation (germinal_center),0.0677
KI67 1 in 200 run5.ndpi,Annotation (germinal_center),0.0589
KI67 1 in 200 run5.ndpi,Annotation (germinal_center),0.0518
KI67 1 in 200 run5.ndpi,Annotation (germinal_center),0.0662
KI67 1 in 200 run5.ndpi,Annotation (germinal_center),0.0933
KI67 1 in 200 run5.ndpi,Annotation (germinal_center),0.0576
KI67 1 in 200 run5.ndpi,Annotation (germinal_center),0.0678
KI67 1 in 200 run5.ndpi,Annotation (germinal_center),0.0462
KI67 1 in 200 run5.ndpi,Annotation (germinal_center),0.0414
KI67 1 in 200 run5.ndpi,Annotation (germinal_center),0.0568
KI67 1 in 200 run5.ndpi,Annotation (germinal_center),0.0565
KI67 1 in 200 run5.ndpi,Annotation (germinal_center),0.0422
KI67 1 in 200 run5.ndpi,Annotation (germinal_center),0.066
KI67 1 in 200 run5.ndpi,Annotation (germinal_center),0.0612
KI67 1 in 200 run5.ndpi,Annotation (germinal_center),0.0576
KI67 1 in 200 run5.ndpi,Annotation (germinal_center),0.0671
KI67 1 in 200 run5.ndpi,Annotation (germinal_center),0.0715
KI67 1 in 200 run5.ndpi,Annotation (germinal_center),0.0478
KI67 1 in 200 run5.ndpi,Annotation (germinal_center),0.0414
KI67 1 in 200 run5.ndpi,Annotation (germinal_center),0.029
KI67 1 in 200 run5.ndpi,Annotation (germinal_center),0.0489
KI67 1 in 200 run5.ndpi,Annotation (germinal_center),0.0716
KI67 1 in 200 run5.ndpi,Annotation (germinal_center),0.0631
KI67 1 in 200 run5.ndpi,Annotation (germinal_center),0.0518
KI67 1 in 200 run5.ndpi,Annotation (germinal_center),0.062
KI67 1 in 200 run5.ndpi,Annotation (germinal_center),0.0362
KI67 1 in 200 run5.ndpi,Annotation (germinal_center),0.0883
KI67 1 in 200 run5.ndpi,Annotation (germinal_center),0.0386
KI67 1 in 200 run5.ndpi,Annotation (germinal_center),0.0419
KI67 1 in 200 run5.ndpi,Annotation (germinal_center),0.0577
KI67 1 in 200 run5.ndpi,Annotation (germinal_center),0.0551
KI67 1 in 200 run5.ndpi,Annotation (germinal_center),0.0512
KI67 1 in 200 run5.ndpi,Annotation (germinal_center),0.0557
KI67 1 in 200 run5.ndpi,Annotation (germinal_center),0.0653
KI67 1 in 200 run5.ndpi,Annotation (germinal_center),0.0387
KI67 1 in 200 run5.ndpi,Annotation (germinal_center),0.0714
KI67 1 in 200 run5.ndpi,Annotation (germinal_center),0.0479
KI67 1 in 200 run5.ndpi,Annotation (germinal_center),0.0456
KI67 1 in 200 run5.ndpi,Annotation (germinal_center),0.039
KI67 1 in 200 run5.ndpi,Annotation (germinal_center),0.0339
KI67 1 in 200 run5.ndpi,Annotation (germinal_center),0.0439
KI67 1 in 200 run5.ndpi,Annotation (germinal_center),0.0733
KI67 1 in 200 run5.ndpi,Annotation (germinal_center),0.0739
KI67 1 in 200 run5.ndpi,Annotation (germinal_center),0.0828
KI67 1 in 200 run5.ndpi,Annotation (germinal_center),0.0495
KI67 1 in 200 run5.ndpi,Annotation (germinal_center),0.0458
KI67 1 in 200 run5.ndpi,Annotation (germinal_center),0.072
KI67 1 in 200 run5.ndpi,Annotation (germinal_center),0.0558
KI67 1 in 200 run5.ndpi,Annotation (germinal_center),0.0543
KI67 1 in 200 run5.ndpi,Annotation (germinal_center),0.0447
KI67 1 in 200 run5.ndpi,Annotation (germinal_center),0.0472
KI67 1 in 200 run5.ndpi,Annotation (germinal_center),0.0328
KI67 1 in 200 run5.ndpi,Annotation (germinal_center),0.0375
KI67 1 in 200 run5.ndpi,Annotation (germinal_center),0.0659
KI67 1 in 200 run5.ndpi,Annotation (germinal_center),0.0347
KI67 1 in 200 run5.ndpi,Annotation (germinal_center),0.0572
KI67 1 in 200 run5.ndpi,Annotation (germinal_center),0.0486
KI67 1 in 200 run5.ndpi,Annotation (germinal_center),0.0331
KI67 1 in 200 run5.ndpi,Annotation (germinal_center),0.0431
KI67 1 in 200 run5.ndpi,Annotation (germinal_center),0.0588
KI67 1 in 200 run5.ndpi,Annotation (germinal_center),0.0656
KI67 1 in 200 run5.ndpi,Annotation (germinal_center),0.07
KI67 1 in 200 run5.ndpi,Annotation (germinal_center),0.063
KI67 1 in 200 run5.ndpi,Annotation (germinal_center),0.0374
KI67 1 in 200 run5.ndpi,Annotation (germinal_center),0.044
KI67 1 in 200 run5.ndpi,Annotation (germinal_center),0.0461
KI67 1 in 200 run5.ndpi,Annotation (germinal_center),0.054
KI67 1 in 200 run5.ndpi,Annotation (germinal_center),0.0708
KI67 1 in 200 run5.ndpi,Annotation (germinal_center),0.0556
KI67 1 in 200 run5.ndpi,Annotation (germinal_center),0.0565
KI67 1 in 200 run5.ndpi,Annotation (germinal_center),0.0807
KI67 1 in 200 run5.ndpi,Annotation (germinal_center),0.0764
KI67 1 in 200 run5.ndpi,Annotation (germinal_center),0.0503
KI67 1 in 200 run5.ndpi,Annotation (germinal_center),0.043
KI67 1 in 200 run5.ndpi,Annotation (germinal_center),0.0835
KI67 1 in 200 run5.ndpi,Annotation (germinal_center),0.0854
KI67 1 in 200 run5.ndpi,Annotation (germinal_center),0.0606
KI67 1 in 200 run5.ndpi,Annotation (germinal_center),0.0409
KI67 1 in 200 run5.ndpi,Annotation (germinal_center),0.0453
KI67 1 in 200 run5.ndpi,Annotation (germinal_center),0.0932
KI67 1 in 200 run5.ndpi,Annotation (germinal_center),0.06
KI67 1 in 200 run5.ndpi,Annotation (germinal_center),0.0652
KI67 1 in 200 run5.ndpi,Annotation (germinal_center),0.0499
KI67 1 in 200 run5.ndpi,Annotation (germinal_center),0.0461
KI67 1 in 200 run5.ndpi,Annotation (germinal_center),0.0337
KI67 1 in 200 run5.ndpi,Annotation (germinal_center),0.0421
KI67 1 in 200 run5.ndpi,Annotation (germinal_center),0.041
KI67 1 in 200 run5.ndpi,Annotation (germinal_center),0.0718
KI67 1 in 200 run5.ndpi,Annotation (germinal_center),0.0397
KI67 1 in 200 run5.ndpi,Annotation (germinal_center),0.0474
KI67 1 in 200 run5.ndpi,Annotation (germinal_center),0.045
KI67 1 in 200 run5.ndpi,Annotation (germinal_center),0.0623
KI67 1 in 200 run5.ndpi,Annotation (germinal_center),0.0455
KI67 1 in 200 run5.ndpi,Annotation (germinal_center),0.0936
KI67 1 in 200 run5.ndpi,Annotation (germinal_center),0.0487
KI67 1 in 200 run5.ndpi,Annotation (germinal_center),0.0863
KI67 1 in 200 run5.ndpi,Annotation (germinal_center),0.0654
KI67 1 in 200 run5.ndpi,Annotation (germinal_center),0.0434
KI67 1 in 200 run5.ndpi,Annotation (germinal_center),0.0421
KI67 1 in 200 run5.ndpi,Annotation (germinal_center),0.0994
KI67 1 in 200 run5.ndpi,Annotation (germinal_center),0.038
KI67 1 in 200 run5.ndpi,Annotation (germinal_center),0.0462
KI67 1 in 200 run5.ndpi,Annotation (germinal_center),0.0943
KI67 1 in 200 run5.ndpi,Annotation (germinal_center),0.0283
KI67 1 in 200 run5.ndpi,Annotation (germinal_center),0.0426
KI67 1 in 200 run5.ndpi,Annotation (germinal_center),0.0438
KI67 1 in 200 run5.ndpi,Annotation (germinal_center),0.0704
KI67 1 in 200 run5.ndpi,Annotation (germinal_center),0.0302
KI67 1 in 200 run5.ndpi,Annotation (germinal_center),0.0383
KI67 1 in 200 run5.ndpi,Annotation (germinal_center),0.0449
KI67 1 in 200 run5.ndpi,Annotation (germinal_center),0.031
KI67 1 in 200 run5.ndpi,Annotation (germinal_center),0.0616
KI67 1 in 200 run5.ndpi,Annotation (germinal_center),0.0542
KI67 1 in 200 run5.ndpi,Annotation (germinal_center),0.0521
KI67 1 in 200 run5.ndpi,Annotation (germinal_center),0.0875
KI67 1 in 200 run5.ndpi,Annotation (germinal_center),0.0417
KI67 1 in 200 run5.ndpi,Annotation (germinal_center),0.0825
KI67 1 in 200 run5.ndpi,Annotation (germinal_center),0.0567
KI67 1 in 200 run5.ndpi,Annotation (germinal_center),0.0662
KI67 1 in 200 run5.ndpi,Annotation (germinal_center),0.0495
KI67 1 in 200 run5.ndpi,Annotation (germinal_center),0.0413
KI67 1 in 200 run5.ndpi,Annotation (germinal_center),0.0543
KI67 1 in 200 run5.ndpi,Annotation (germinal_center),0.0816
KI67 1 in 200 run5.ndpi,Annotation (germinal_center),0.0402
KI67 1 in 200 run5.ndpi,Annotation (germinal_center),0.0401
KI67 1 in 200 run5.ndpi,Annotation (germinal_center),0.0508
KI67 1 in 200 run5.ndpi,Annotation (germinal_center),0.0526
KI67 1 in 200 run5.ndpi,Annotation (germinal_center),0.0954
KI67 1 in 200 run5.ndpi,Annotation (germinal_center),0.0789
KI67 1 in 200 run5.ndpi,Annotation (germinal_center),0.0343
KI67 1 in 200 run5.ndpi,Annotation (germinal_center),0.0558
KI67 1 in 200 run5.ndpi,Annotation (germinal_center),0.0469
KI67 1 in 200 run5.ndpi,Annotation (germinal_center),0.1079
KI67 1 in 200 run5.ndpi,Annotation (germinal_center),0.0471
KI67 1 in 200 run5.ndpi,Annotation (germinal_center),0.0391
KI67 1 in 200 run5.ndpi,Annotation (germinal_center),0.0423
KI67 1 in 200 run5.ndpi,Annotation (germinal_center),0.0454
KI67 1 in 200 run5.ndpi,Annotation (germinal_center),0.0732
KI67 1 in 200 run5.ndpi,Annotation (germinal_center),0.05
KI67 1 in 200 run5.ndpi,Annotation (germinal_center),0.0496
KI67 1 in 200 run5.ndpi,Annotation (germinal_center),0.0363
KI67 1 in 200 run5.ndpi,Annotation (germinal_center),0.0742
KI67 1 in 200 run5.ndpi,Annotation (germinal_center),0.0377
KI67 1 in 200 run5.ndpi,Annotation (germinal_center),0.0416
KI67 1 in 200 run5.ndpi,Annotation (germinal_center),0.0722
KI67 1 in 200 run5.ndpi,Annotation (germinal_center),0.0576
KI67 1 in 200 run5.ndpi,Annotation (germinal_center),0.0472
KI67 1 in 200 run5.ndpi,Annotation (germinal_center),0.0517
KI67 1 in 200 run5.ndpi,Annotation (germinal_center),0.0793
KI67 1 in 200 run5.ndpi,Annotation (germinal_center),0.0507
KI67 1 in 200 run5.ndpi,Annotation (germinal_center),0.0537
KI67 1 in 200 run5.ndpi,Annotation (germinal_center),0.045
KI67 1 in 200 run5.ndpi,Annotation (germinal_center),0.0478
KI67 1 in 200 run5.ndpi,Annotation (germinal_center),0.0731
KI67 1 in 200 run5.ndpi,Annotation (germinal_center),0.0728
KI67 1 in 200 run5.ndpi,Annotation (germinal_center),0.0632
KI67 1 in 200 run5.ndpi,Annotation (germinal_center),0.0404
KI67 1 in 200 run5.ndpi,Annotation (germinal_center),0.0372
KI67 1 in 200 run5.ndpi,Annotation (germinal_center),0.086
KI67 1 in 200 run5.ndpi,Annotation (germinal_center),0.0386
KI67 1 in 200 run5.ndpi,Annotation (germinal_center),0.0263
KI67 1 in 200 run5.ndpi,Annotation (germinal_center),0.0454
KI67 1 in 200 run5.ndpi,Annotation (germinal_center),0.0266
KI67 1 in 200 run5.ndpi,Annotation (germinal_center),0.0698
KI67 1 in 200 run5.ndpi,Annotation (germinal_center),0.0471
KI67 1 in 200 run5.ndpi,Annotation (germinal_center),0.0928
KI67 1 in 200 run5.ndpi,Annotation (germinal_center),0.035
KI67 1 in 200 run5.ndpi,Annotation (germinal_center),0.0675
KI67 1 in 200 run5.ndpi,Annotation (germinal_center),0.0441
KI67 1 in 200 run5.ndpi,Annotation (germinal_center),0.0503
KI67 1 in 200 run5.ndpi,Annotation (germinal_center),0.0369
KI67 1 in 200 run5.ndpi,Annotation (germinal_center),0.0778
KI67 1 in 200 run5.ndpi,Annotation (germinal_center),0.0704
KI67 1 in 200 run5.ndpi,Annotation (germinal_center),0.0589
KI67 1 in 200 run5.ndpi,Annotation (germinal_center),0.0436
KI67 1 in 200 run5.ndpi,Annotation (germinal_center),0.0404
KI67 1 in 200 run5.ndpi,Annotation (germinal_center),0.0446
KI67 1 in 200 run5.ndpi,Annotation (germinal_center),0.0584
KI67 1 in 200 run5.ndpi,Annotation (germinal_center),0.052
KI67 1 in 200 run5.ndpi,Annotation (germinal_center),0.0486
KI67 1 in 200 run5.ndpi,Annotation (germinal_center),0.0538
KI67 1 in 200 run5.ndpi,Annotation (germinal_center),0.0353
KI67 1 in 200 run5.ndpi,Annotation (germinal_center),0.0584
KI67 1 in 200 run5.ndpi,Annotation (germinal_center),0.0484
KI67 1 in 200 run5.ndpi,Annotation (germinal_center),0.066
KI67 1 in 200 run5.ndpi,Annotation (germinal_center),0.0505
KI67 1 in 200 run5.ndpi,Annotation (germinal_center),0.046
KI67 1 in 200 run5.ndpi,Annotation (germinal_center),0.0387
KI67 1 in 200 run5.ndpi,Annotation (germinal_center),0.0704
KI67 1 in 200 run5.ndpi,Annotation (germinal_center),0.0631
KI67 1 in 200 run5.ndpi,Annotation (germinal_center),0.0487
KI67 1 in 200 run5.ndpi,Annotation (germinal_center),0.06
KI67 1 in 200 run5.ndpi,Annotation (germinal_center),0.0466
KI67 1 in 200 run5.ndpi,Annotation (germinal_center),0.0487
KI67 1 in 200 run5.ndpi,Annotation (germinal_center),0.0693
KI67 1 in 200 run5.ndpi,Annotation (germinal_center),0.0812
KI67 1 in 200 run5.ndpi,Annotation (germinal_center),0.039
KI67 1 in 200 run5.ndpi,Annotation (germinal_center),0.0653
KI67 1 in 200 run5.ndpi,Annotation (germinal_center),0.0773
KI67 1 in 200 run5.ndpi,Annotation (germinal_center),0.0401
KI67 1 in 200 run5.ndpi,Annotation (germinal_center),0.093
KI67 1 in 200 run5.ndpi,Annotation (germinal_center),0.0293
KI67 1 in 200 run5.ndpi,Annotation (germinal_center),0.0467
KI67 1 in 200 run5.ndpi,Annotation (germinal_center),0.0421
KI67 1 in 200 run5.ndpi,Annotation (germinal_center),0.0777
KI67 1 in 200 run5.ndpi,Annotation (germinal_center),0.0461
KI67 1 in 200 run5.ndpi,Annotation (germinal_center),0.0597
KI67 1 in 200 run5.ndpi,Annotation (germinal_center),0.0691
KI67 1 in 200 run5.ndpi,Annotation (germinal_center),0.0437
KI67 1 in 200 run5.ndpi,Annotation (germinal_center),0.0779
KI67 1 in 200 run5.ndpi,Annotation (germinal_center),0.0354
KI67 1 in 200 run5.ndpi,Annotation (germinal_center),0.0528
KI67 1 in 200 run5.ndpi,Annotation (germinal_center),0.0649
KI67 1 in 200 run5.ndpi,Annotation (germinal_center),0.0379
KI67 1 in 200 run5.ndpi,Annotation (germinal_center),0.0342
KI67 1 in 200 run5.ndpi,Annotation (germinal_center),0.0582
KI67 1 in 200 run5.ndpi,Annotation (germinal_center),0.0524
KI67 1 in 200 run5.ndpi,Annotation (germinal_center),0.0577
KI67 1 in 200 run5.ndpi,Annotation (germinal_center),0.0671
KI67 1 in 200 run5.ndpi,Annotation (germinal_center),0.0561
KI67 1 in 200 run5.ndpi,Annotation (germinal_center),0.0517
KI67 1 in 200 run5.ndpi,Annotation (germinal_center),0.083
KI67 1 in 200 run5.ndpi,Annotation (germinal_center),0.0753
KI67 1 in 200 run5.ndpi,Annotation (germinal_center),0.0547
KI67 1 in 200 run5.ndpi,Annotation (germinal_center),0.0429
KI67 1 in 200 run5.ndpi,Annotation (germinal_center),0.0414
KI67 1 in 200 run5.ndpi,Annotation (germinal_center),0.0852
KI67 1 in 200 run5.ndpi,Annotation (germinal_center),0.0403
KI67 1 in 200 run5.ndpi,Annotation (germinal_center),0.0601
KI67 1 in 200 run5.ndpi,Annotation (germinal_center),0.0776
KI67 1 in 200 run5.ndpi,Annotation (germinal_center),0.06
KI67 1 in 200 run5.ndpi,Annotation (germinal_center),0.0848
KI67 1 in 200 run5.ndpi,Annotation (germinal_center),0.0496
KI67 1 in 200 run5.ndpi,Annotation (germinal_center),0.0473
KI67 1 in 200 run5.ndpi,Annotation (germinal_center),0.0723
KI67 1 in 200 run5.ndpi,Annotation (germinal_center),0.0395
KI67 1 in 200 run5.ndpi,Annotation (germinal_center),0.0771
KI67 1 in 200 run5.ndpi,Annotation (germinal_center),0.0389
KI67 1 in 200 run5.ndpi,Annotation (germinal_center),0.0598
KI67 1 in 200 run5.ndpi,Annotation (germinal_center),0.0464
KI67 1 in 200 run5.ndpi,Annotation (germinal_center),0.0662
KI67 1 in 200 run5.ndpi,Annotation (germinal_center),0.0629
KI67 1 in 200 run5.ndpi,Annotation (germinal_center),0.0674
KI67 1 in 200 run5.ndpi,Annotation (germinal_center),0.0389
KI67 1 in 200 run5.ndpi,Annotation (germinal_center),0.0531
KI67 1 in 200 run5.ndpi,Annotation (germinal_center),0.0445
KI67 1 in 200 run5.ndpi,Annotation (germinal_center),0.0446
KI67 1 in 200 run5.ndpi,Annotation (germinal_center),0.0522
KI67 1 in 200 run5.ndpi,Annotation (germinal_center),0.0701
KI67 1 in 200 run5.ndpi,Annotation (germinal_center),0.0303
KI67 1 in 200 run5.ndpi,Annotation (germinal_center),0.0445
KI67 1 in 200 run5.ndpi,Annotation (germinal_center),0.093
KI67 1 in 200 run5.ndpi,Annotation (germinal_center),0.0555
KI67 1 in 200 run5.ndpi,Annotation (germinal_center),0.0661
KI67 1 in 200 run5.ndpi,Annotation (germinal_center),0.0503
KI67 1 in 200 run5.ndpi,Annotation (germinal_center),0.0674
KI67 1 in 200 run5.ndpi,Annotation (germinal_center),0.0408
KI67 1 in 200 run5.ndpi,Annotation (germinal_center),0.0596
KI67 1 in 200 run5.ndpi,Annotation (germinal_center),0.0522
KI67 1 in 200 run5.ndpi,Annotation (germinal_center),0.0515
KI67 1 in 200 run5.ndpi,Annotation (germinal_center),0.099
KI67 1 in 200 run5.ndpi,Annotation (germinal_center),0.0618
KI67 1 in 200 run5.ndpi,Annotation (germinal_center),0.0367
KI67 1 in 200 run5.ndpi,Annotation (germinal_center),0.0493
KI67 1 in 200 run5.ndpi,Annotation (germinal_center),0.0688
KI67 1 in 200 run5.ndpi,Annotation (germinal_center),0.0601
KI67 1 in 200 run5.ndpi,Annotation (germinal_center),0.0382
KI67 1 in 200 run5.ndpi,Annotation (germinal_center),0.0785
KI67 1 in 200 run5.ndpi,Annotation (germinal_center),0.0468
KI67 1 in 200 run5.ndpi,Annotation (germinal_center),0.1223
KI67 1 in 200 run5.ndpi,Annotation (germinal_center),0.0842
KI67 1 in 200 run5.ndpi,Annotation (germinal_center),0.0691
KI67 1 in 200 run5.ndpi,Annotation (germinal_center),0.0517
KI67 1 in 200 run5.ndpi,Annotation (germinal_center),0.0433
KI67 1 in 200 run5.ndpi,Annotation (germinal_center),0.0339
KI67 1 in 200 run5.ndpi,Annotation (germinal_center),0.0481
KI67 1 in 200 run5.ndpi,Annotation (germinal_center),0.0457
KI67 1 in 200 run5.ndpi,Annotation (germinal_center),0.0517
KI67 1 in 200 run5.ndpi,Annotation (germinal_center),0.0359
KI67 1 in 200 run5.ndpi,Annotation (germinal_center),0.044
KI67 1 in 200 run5.ndpi,Annotation (germinal_center),0.0552
KI67 1 in 200 run5.ndpi,Annotation (germinal_center),0.0439
KI67 1 in 200 run5.ndpi,Annotation (germinal_center),0.0416
KI67 1 in 200 run5.ndpi,Annotation (germinal_center),0.0484
KI67 1 in 200 run5.ndpi,Annotation (germinal_center),0.045
KI67 1 in 200 run5.ndpi,Annotation (germinal_center),0.0456
KI67 1 in 200 run5.ndpi,Annotation (germinal_center),0.052
KI67 1 in 200 run5.ndpi,Annotation (germinal_center),0.0473
KI67 1 in 200 run5.ndpi,Annotation (germinal_center),0.0832
KI67 1 in 200 run5.ndpi,Annotation (germinal_center),0.0551
KI67 1 in 200 run5.ndpi,Annotation (germinal_center),0.0265
KI67 1 in 200 run5.ndpi,Annotation (germinal_center),0.0545
KI67 1 in 200 run5.ndpi,Annotation (germinal_center),0.041
KI67 1 in 200 run5.ndpi,Annotation (germinal_center),0.0442
KI67 1 in 200 run5.ndpi,Annotation (germinal_center),0.0478
KI67 1 in 200 run5.ndpi,Annotation (germinal_center),0.0424
KI67 1 in 200 run5.ndpi,Annotation (germinal_center),0.0438
KI67 1 in 200 run5.ndpi,Annotation (germinal_center),0.0508
KI67 1 in 200 run5.ndpi,Annotation (germinal_center),0.0566
KI67 1 in 200 run5.ndpi,Annotation (germinal_center),0.0543
KI67 1 in 200 run5.ndpi,Annotation (germinal_center),0.0389
KI67 1 in 200 run5.ndpi,Annotation (germinal_center),0.048
KI67 1 in 200 run5.ndpi,Annotation (germinal_center),0.0485
KI67 1 in 200 run5.ndpi,Annotation (germinal_center),0.1248
KI67 1 in 200 run5.ndpi,Annotation (germinal_center),0.0477
KI67 1 in 200 run5.ndpi,Annotation (germinal_center),0.0489
KI67 1 in 200 run5.ndpi,Annotation (germinal_center),0.0495
KI67 1 in 200 run5.ndpi,Annotation (germinal_center),0.0652
KI67 1 in 200 run5.ndpi,Annotation (germinal_center),0.0764
KI67 1 in 200 run5.ndpi,Annotation (germinal_center),0.0795
KI67 1 in 200 run5.ndpi,Annotation (germinal_center),0.0582
KI67 1 in 200 run5.ndpi,Annotation (germinal_center),0.043
KI67 1 in 200 run5.ndpi,Annotation (germinal_center),0.0581
KI67 1 in 200 run5.ndpi,Annotation (germinal_center),0.0732
KI67 1 in 200 run5.ndpi,Annotation (germinal_center),0.0642
KI67 1 in 200 run5.ndpi,Annotation (germinal_center),0.0539
KI67 1 in 200 run5.ndpi,Annotation (germinal_center),0.0435
KI67 1 in 200 run5.ndpi,Annotation (germinal_center),0.0543
KI67 1 in 200 run5.ndpi,Annotation (germinal_center),0.0647
KI67 1 in 200 run5.ndpi,Annotation (germinal_center),0.0481
KI67 1 in 200 run5.ndpi,Annotation (germinal_center),0.0765
KI67 1 in 200 run5.ndpi,Annotation (germinal_center),0.0533
KI67 1 in 200 run5.ndpi,Annotation (germinal_center),0.0482
KI67 1 in 200 run5.ndpi,Annotation (germinal_center),0.0601
KI67 1 in 200 run5.ndpi,Annotation (germinal_center),0.0546
KI67 1 in 200 run5.ndpi,Annotation (germinal_center),0.0544
KI67 1 in 200 run5.ndpi,Annotation (germinal_center),0.0447
KI67 1 in 200 run5.ndpi,Annotation (germinal_center),0.0492
KI67 1 in 200 run5.ndpi,Annotation (germinal_center),0.0992
KI67 1 in 200 run5.ndpi,Annotation (germinal_center),0.0577
KI67 1 in 200 run5.ndpi,Annotation (germinal_center),0.0409
KI67 1 in 200 run5.ndpi,Annotation (germinal_center),0.0458
KI67 1 in 200 run5.ndpi,Annotation (germinal_center),0.0563
KI67 1 in 200 run5.ndpi,Annotation (germinal_center),0.056
KI67 1 in 200 run5.ndpi,Annotation (germinal_center),0.0629
KI67 1 in 200 run5.ndpi,Annotation (germinal_center),0.0699
KI67 1 in 200 run5.ndpi,Annotation (germinal_center),0.1143
KI67 1 in 200 run5.ndpi,Annotation (germinal_center),0.0473
KI67 1 in 200 run5.ndpi,Annotation (germinal_center),0.0957
KI67 1 in 200 run5.ndpi,Annotation (germinal_center),0.0627
KI67 1 in 200 run5.ndpi,Annotation (germinal_center),0.0337
KI67 1 in 200 run5.ndpi,Annotation (germinal_center),0.0525
KI67 1 in 200 run5.ndpi,Annotation (germinal_center),0.0488
KI67 1 in 200 run5.ndpi,Annotation (germinal_center),0.037
KI67 1 in 200 run5.ndpi,Annotation (germinal_center),0.0609
KI67 1 in 200 run5.ndpi,Annotation (germinal_center),0.053
KI67 1 in 200 run5.ndpi,Annotation (germinal_center),0.0673
KI67 1 in 200 run5.ndpi,Annotation (germinal_center),0.0583
KI67 1 in 200 run5.ndpi,Annotation (germinal_center),0.0745
KI67 1 in 200 run5.ndpi,Annotation (germinal_center),0.0543
KI67 1 in 200 run5.ndpi,Annotation (germinal_center),0.0638
KI67 1 in 200 run5.ndpi,Annotation (germinal_center),0.0789
KI67 1 in 200 run5.ndpi,Annotation (germinal_center),0.0723
KI67 1 in 200 run5.ndpi,Annotation (germinal_center),0.0889
KI67 1 in 200 run5.ndpi,Annotation (germinal_center),0.0559
KI67 1 in 200 run5.ndpi,Annotation (germinal_center),0.055
KI67 1 in 200 run5.ndpi,Annotation (germinal_center),0.0497
KI67 1 in 200 run5.ndpi,Annotation (germinal_center),0.0371
KI67 1 in 200 run5.ndpi,Annotation (germinal_center),0.0551
KI67 1 in 200 run5.ndpi,Annotation (germinal_center),0.1115
KI67 1 in 200 run5.ndpi,Annotation (germinal_center),0.0464
KI67 1 in 200 run5.ndpi,Annotation (germinal_center),0.0427
KI67 1 in 200 run5.ndpi,Annotation (germinal_center),0.0372
KI67 1 in 200 run5.ndpi,Annotation (germinal_center),0.076
KI67 1 in 200 run5.ndpi,Annotation (germinal_center),0.0301
KI67 1 in 200 run5.ndpi,Annotation (germinal_center),0.0568
KI67 1 in 200 run5.ndpi,Annotation (germinal_center),0.0786
KI67 1 in 200 run5.ndpi,Annotation (germinal_center),0.0415
KI67 1 in 200 run5.ndpi,Annotation (germinal_center),0.042
KI67 1 in 200 run5.ndpi,Annotation (germinal_center),0.0965
KI67 1 in 200 run5.ndpi,Annotation (germinal_center),0.035
KI67 1 in 200 run5.ndpi,Annotation (germinal_center),0.0458
KI67 1 in 200 run5.ndpi,Annotation (germinal_center),0.0787
KI67 1 in 200 run5.ndpi,Annotation (germinal_center),0.064
KI67 1 in 200 run5.ndpi,Annotation (germinal_center),0.0418
KI67 1 in 200 run5.ndpi,Annotation (germinal_center),0.0737
KI67 1 in 200 run5.ndpi,Annotation (germinal_center),0.0991
KI67 1 in 200 run5.ndpi,Annotation (germinal_center),0.0419
KI67 1 in 200 run5.ndpi,Annotation (germinal_center),0.0525
KI67 1 in 200 run5.ndpi,Annotation (germinal_center),0.0441
KI67 1 in 200 run5.ndpi,Annotation (germinal_center),0.0623
KI67 1 in 200 run5.ndpi,Annotation (germinal_center),0.0535
KI67 1 in 200 run5.ndpi,Annotation (germinal_center),0.0348
KI67 1 in 200 run5.ndpi,Annotation (germinal_center),0.0342
KI67 1 in 200 run5.ndpi,Annotation (germinal_center),0.0557
KI67 1 in 200 run5.ndpi,Annotation (germinal_center),0.0573
KI67 1 in 200 run5.ndpi,Annotation (germinal_center),0.0346
KI67 1 in 200 run5.ndpi,Annotation (germinal_center),0.0482
KI67 1 in 200 run5.ndpi,Annotation (germinal_center),0.0667
KI67 1 in 200 run5.ndpi,Annotation (germinal_center),0.0388
KI67 1 in 200 run5.ndpi,Annotation (germinal_center),0.0746
KI67 1 in 200 run5.ndpi,Annotation (germinal_center),0.0469
KI67 1 in 200 run5.ndpi,Annotation (germinal_center),0.0501
KI67 1 in 200 run5.ndpi,Annotation (germinal_center),0.0591
KI67 1 in 200 run5.ndpi,Annotation (germinal_center),0.0415
KI67 1 in 200 run5.ndpi,Annotation (germinal_center),0.0609
KI67 1 in 200 run5.ndpi,Annotation (germinal_center),0.0334
KI67 1 in 200 run5.ndpi,Annotation (germinal_center),0.1053
KI67 1 in 200 run5.ndpi,Annotation (germinal_center),0.0833
KI67 1 in 200 run5.ndpi,Annotation (germinal_center),0.0329
KI67 1 in 200 run5.ndpi,Annotation (germinal_center),0.0586
KI67 1 in 200 run5.ndpi,Annotation (germinal_center),0.0665
KI67 1 in 200 run5.ndpi,Annotation (germinal_center),0.057
KI67 1 in 200 run5.ndpi,Annotation (germinal_center),0.0282
KI67 1 in 200 run5.ndpi,Annotation (germinal_center),0.041
KI67 1 in 200 run5.ndpi,Annotation (germinal_center),0.0846
KI67 1 in 200 run5.ndpi,Annotation (germinal_center),0.0449
KI67 1 in 200 run5.ndpi,Annotation (germinal_center),0.108
KI67 1 in 200 run5.ndpi,Annotation (germinal_center),0.0431
KI67 1 in 200 run5.ndpi,Annotation (germinal_center),0.1113
KI67 1 in 200 run5.ndpi,Annotation (germinal_center),0.0539
KI67 1 in 200 run5.ndpi,Annotation (germinal_center),0.0354
KI67 1 in 200 run5.ndpi,Annotation (germinal_center),0.0619
KI67 1 in 200 run5.ndpi,Annotation (germinal_center),0.0588
KI67 1 in 200 run5.ndpi,Annotation (germinal_center),0.0533
KI67 1 in 200 run5.ndpi,Annotation (germinal_center),0.0769
KI67 1 in 200 run5.ndpi,Annotation (germinal_center),0.0416
KI67 1 in 200 run5.ndpi,Annotation (germinal_center),0.0405
KI67 1 in 200 run5.ndpi,Annotation (germinal_center),0.0611
KI67 1 in 200 run5.ndpi,Annotation (germinal_center),0.0545
KI67 1 in 200 run5.ndpi,Annotation (germinal_center),0.0378
KI67 1 in 200 run5.ndpi,Annotation (germinal_center),0.0605
KI67 1 in 200 run5.ndpi,Annotation (germinal_center),0.0623
KI67 1 in 200 run5.ndpi,Annotation (germinal_center),0.0427
KI67 1 in 200 run5.ndpi,Annotation (germinal_center),0.0564
KI67 1 in 200 run5.ndpi,Annotation (germinal_center),0.0409
KI67 1 in 200 run5.ndpi,Annotation (germinal_center),0.0469
KI67 1 in 200 run5.ndpi,Annotation (germinal_center),0.0562
KI67 1 in 200 run5.ndpi,Annotation (germinal_center),0.0773
KI67 1 in 200 run5.ndpi,Annotation (germinal_center),0.0419
KI67 1 in 200 run5.ndpi,Annotation (germinal_center),0.084
KI67 1 in 200 run5.ndpi,Annotation (germinal_center),0.0679
KI67 1 in 200 run5.ndpi,Annotation (germinal_center),0.0543
KI67 1 in 200 run5.ndpi,Annotation (germinal_center),0.0461
KI67 1 in 200 run5.ndpi,Annotation (germinal_center),0.043
KI67 1 in 200 run5.ndpi,Annotation (germinal_center),0.0628
KI67 1 in 200 run5.ndpi,Annotation (germinal_center),0.0547
KI67 1 in 200 run5.ndpi,Annotation (germinal_center),0.0559
KI67 1 in 200 run5.ndpi,Annotation (germinal_center),0.038
KI67 1 in 200 run5.ndpi,Annotation (germinal_center),0.0546
KI67 1 in 200 run5.ndpi,Annotation (germinal_center),0.0731
KI67 1 in 200 run5.ndpi,Annotation (germinal_center),0.0621
KI67 1 in 200 run5.ndpi,Annotation (germinal_center),0.0828
KI67 1 in 200 run5.ndpi,Annotation (germinal_center),0.0317
KI67 1 in 200 run5.ndpi,Annotation (germinal_center),0.0729
KI67 1 in 200 run5.ndpi,Annotation (germinal_center),0.1101
KI67 1 in 200 run5.ndpi,Annotation (germinal_center),0.0437
KI67 1 in 200 run5.ndpi,Annotation (germinal_center),0.049
KI67 1 in 200 run5.ndpi,Annotation (germinal_center),0.0553
KI67 1 in 200 run5.ndpi,Annotation (germinal_center),0.0252
KI67 1 in 200 run5.ndpi,Annotation (germinal_center),0.0512
KI67 1 in 200 run5.ndpi,Annotation (germinal_center),0.0516
KI67 1 in 200 run5.ndpi,Annotation (germinal_center),0.0469
KI67 1 in 200 run5.ndpi,Annotation (germinal_center),0.0372
KI67 1 in 200 run5.ndpi,Annotation (germinal_center),0.0489
KI67 1 in 200 run5.ndpi,Annotation (germinal_center),0.0581
KI67 1 in 200 run5.ndpi,Annotation (germinal_center),0.0493
KI67 1 in 200 run5.ndpi,Annotation (germinal_center),0.083
KI67 1 in 200 run5.ndpi,Annotation (germinal_center),0.0631
KI67 1 in 200 run5.ndpi,Annotation (germinal_center),0.0487
KI67 1 in 200 run5.ndpi,Annotation (germinal_center),0.0389
KI67 1 in 200 run5.ndpi,Annotation (germinal_center),0.044
KI67 1 in 200 run5.ndpi,Annotation (germinal_center),0.124
KI67 1 in 200 run5.ndpi,Annotation (germinal_center),0.0455
KI67 1 in 200 run5.ndpi,Annotation (germinal_center),0.0492
KI67 1 in 200 run5.ndpi,Annotation (germinal_center),0.0455
KI67 1 in 200 run5.ndpi,Annotation (germinal_center),0.0777
KI67 1 in 200 run5.ndpi,Annotation (germinal_center),0.0485
KI67 1 in 200 run5.ndpi,Annotation (germinal_center),0.0546
KI67 1 in 200 run5.ndpi,Annotation (germinal_center),0.0496
KI67 1 in 200 run5.ndpi,Annotation (germinal_center),0.0607
KI67 1 in 200 run5.ndpi,Annotation (germinal_center),0.4355
KI67 1 in 200 run5.ndpi,Annotation (germinal_center),0.0329
KI67 1 in 200 run5.ndpi,Annotation (germinal_center),0.0378
KI67 1 in 200 run5.ndpi,Annotation (germinal_center),0.0481
KI67 1 in 200 run5.ndpi,Annotation (germinal_center),0.0539
KI67 1 in 200 run5.ndpi,Annotation (germinal_center),0.0551
KI67 1 in 200 run5.ndpi,Annotation (germinal_center),0.0505
KI67 1 in 200 run5.ndpi,Annotation (germinal_center),0.0477
KI67 1 in 200 run5.ndpi,Annotation (germinal_center),0.0538
KI67 1 in 200 run5.ndpi,Annotation (germinal_center),0.0671
KI67 1 in 200 run5.ndpi,Annotation (germinal_center),0.0401
KI67 1 in 200 run5.ndpi,Annotation (germinal_center),0.0673
KI67 1 in 200 run5.ndpi,Annotation (germinal_center),0.0597
KI67 1 in 200 run5.ndpi,Annotation (germinal_center),0.0412
KI67 1 in 200 run5.ndpi,Annotation (germinal_center),0.1248
KI67 1 in 200 run5.ndpi,Annotation (germinal_center),0.053
KI67 1 in 200 run5.ndpi,Annotation (germinal_center),0.0478
KI67 1 in 200 run5.ndpi,Annotation (germinal_center),0.0512
KI67 1 in 200 run5.ndpi,Annotation (germinal_center),0.0874
KI67 1 in 200 run5.ndpi,Annotation (germinal_center),0.059
KI67 1 in 200 run5.ndpi,Annotation (germinal_center),0.0518
KI67 1 in 200 run5.ndpi,Annotation (germinal_center),0.0602
KI67 1 in 200 run5.ndpi,Annotation (germinal_center),0.0332
KI67 1 in 200 run5.ndpi,Annotation (germinal_center),0.0336
KI67 1 in 200 run5.ndpi,Annotation (germinal_center),0.0448
KI67 1 in 200 run5.ndpi,Annotation (germinal_center),0.0459
KI67 1 in 200 run5.ndpi,Annotation (germinal_center),0.0558
KI67 1 in 200 run5.ndpi,Annotation (germinal_center),0.0671
KI67 1 in 200 run5.ndpi,Annotation (germinal_center),0.0468
KI67 1 in 200 run5.ndpi,Annotation (germinal_center),0.0561
KI67 1 in 200 run5.ndpi,Annotation (germinal_center),0.0495
KI67 1 in 200 run5.ndpi,Annotation (germinal_center),0.0626
KI67 1 in 200 run5.ndpi,Annotation (germinal_center),0.0631
KI67 1 in 200 run5.ndpi,Annotation (germinal_center),0.0449
KI67 1 in 200 run5.ndpi,Annotation (germinal_center),0.0541
KI67 1 in 200 run5.ndpi,Annotation (germinal_center),0.0565
KI67 1 in 200 run5.ndpi,Annotation (germinal_center),0.0679
KI67 1 in 200 run5.ndpi,Annotation (germinal_center),0.0673
KI67 1 in 200 run5.ndpi,Annotation (germinal_center),0.0628
KI67 1 in 200 run5.ndpi,Annotation (germinal_center),0.0675
KI67 1 in 200 run5.ndpi,Annotation (germinal_center),0.0387
KI67 1 in 200 run5.ndpi,Annotation (germinal_center),0.0611
KI67 1 in 200 run5.ndpi,Annotation (germinal_center),0.0513
KI67 1 in 200 run5.ndpi,Annotation (germinal_center),0.0735
KI67 1 in 200 run5.ndpi,Annotation (germinal_center),0.0718
KI67 1 in 200 run5.ndpi,Annotation (germinal_center),0.0309
KI67 1 in 200 run5.ndpi,Annotation (germinal_center),0.0947
KI67 1 in 200 run5.ndpi,Annotation (germinal_center),0.0434
KI67 1 in 200 run5.ndpi,Annotation (germinal_center),0.0671
KI67 1 in 200 run5.ndpi,Annotation (germinal_center),0.0385
KI67 1 in 200 run5.ndpi,Annotation (germinal_center),0.0382
KI67 1 in 200 run5.ndpi,Annotation (germinal_center),0.0759
KI67 1 in 200 run5.ndpi,Annotation (germinal_center),0.0965
KI67 1 in 200 run5.ndpi,Annotation (germinal_center),0.0364
KI67 1 in 200 run5.ndpi,Annotation (germinal_center),0.0529
KI67 1 in 200 run5.ndpi,Annotation (germinal_center),0.0712
KI67 1 in 200 run5.ndpi,Annotation (germinal_center),0.0533
KI67 1 in 200 run5.ndpi,Annotation (germinal_center),0.037
KI67 1 in 200 run5.ndpi,Annotation (germinal_center),0.0503
KI67 1 in 200 run5.ndpi,Annotation (germinal_center),0.0548
KI67 1 in 200 run5.ndpi,Annotation (germinal_center),0.0381
KI67 1 in 200 run5.ndpi,Annotation (germinal_center),0.0501
KI67 1 in 200 run5.ndpi,Annotation (germinal_center),0.0403
KI67 1 in 200 run5.ndpi,Annotation (germinal_center),0.0618
KI67 1 in 200 run5.ndpi,Annotation (germinal_center),0.0507
KI67 1 in 200 run5.ndpi,Annotation (germinal_center),0.0557
KI67 1 in 200 run5.ndpi,Annotation (germinal_center),0.0386
KI67 1 in 200 run5.ndpi,Annotation (germinal_center),0.048
KI67 1 in 200 run5.ndpi,Annotation (germinal_center),0.0809
KI67 1 in 200 run5.ndpi,Annotation (germinal_center),0.0551
KI67 1 in 200 run5.ndpi,Annotation (germinal_center),0.0788
KI67 1 in 200 run5.ndpi,Annotation (germinal_center),0.0791
KI67 1 in 200 run5.ndpi,Annotation (germinal_center),0.0447
KI67 1 in 200 run5.ndpi,Annotation (germinal_center),0.0454
KI67 1 in 200 run5.ndpi,Annotation (germinal_center),0.0357
KI67 1 in 200 run5.ndpi,Annotation (germinal_center),0.0589
KI67 1 in 200 run5.ndpi,Annotation (germinal_center),0.1341
KI67 1 in 200 run5.ndpi,Annotation (germinal_center),0.0974
KI67 1 in 200 run5.ndpi,Annotation (germinal_center),0.0639
KI67 1 in 200 run5.ndpi,Annotation (germinal_center),0.0386
KI67 1 in 200 run5.ndpi,Annotation (germinal_center),0.039
KI67 1 in 200 run5.ndpi,Annotation (germinal_center),0.0816
KI67 1 in 200 run5.ndpi,Annotation (germinal_center),0.0556
KI67 1 in 200 run5.ndpi,Annotation (germinal_center),0.0468
KI67 1 in 200 run5.ndpi,Annotation (germinal_center),0.0306
KI67 1 in 200 run5.ndpi,Annotation (germinal_center),0.0985
KI67 1 in 200 run5.ndpi,Annotation (germinal_center),0.0618
KI67 1 in 200 run5.ndpi,Annotation (germinal_center),0.086
KI67 1 in 200 run5.ndpi,Annotation (germinal_center),0.041
KI67 1 in 200 run5.ndpi,Annotation (germinal_center),0.0805
KI67 1 in 200 run5.ndpi,Annotation (germinal_center),0.0719
KI67 1 in 200 run5.ndpi,Annotation (germinal_center),0.0839
KI67 1 in 200 run5.ndpi,Annotation (germinal_center),0.05
KI67 1 in 200 run5.ndpi,Annotation (germinal_center),0.0497
KI67 1 in 200 run5.ndpi,Annotation (germinal_center),0.0488
KI67 1 in 200 run5.ndpi,Annotation (germinal_center),0.0517
KI67 1 in 200 run5.ndpi,Annotation (germinal_center),0.0711
KI67 1 in 200 run5.ndpi,Annotation (germinal_center),0.0457
KI67 1 in 200 run5.ndpi,Annotation (germinal_center),0.0463
KI67 1 in 200 run5.ndpi,Annotation (germinal_center),0.0435
KI67 1 in 200 run5.ndpi,Annotation (germinal_center),0.0567
KI67 1 in 200 run5.ndpi,Annotation (germinal_center),0.0617
KI67 1 in 200 run5.ndpi,Annotation (germinal_center),0.0667
KI67 1 in 200 run5.ndpi,Annotation (germinal_center),0.0462
KI67 1 in 200 run5.ndpi,Annotation (germinal_center),0.0691
KI67 1 in 200 run5.ndpi,Annotation (germinal_center),0.0613
KI67 1 in 200 run5.ndpi,Annotation (germinal_center),0.0557
KI67 1 in 200 run5.ndpi,Annotation (germinal_center),0.0666
KI67 1 in 200 run5.ndpi,Annotation (germinal_center),0.0346
KI67 1 in 200 run5.ndpi,Annotation (germinal_center),0.0566
KI67 1 in 200 run5.ndpi,Annotation (germinal_center),0.0598
KI67 1 in 200 run5.ndpi,Annotation (germinal_center),0.0408
KI67 1 in 200 run5.ndpi,Annotation (germinal_center),0.0484
KI67 1 in 200 run5.ndpi,Annotation (germinal_center),0.0462
KI67 1 in 200 run5.ndpi,Annotation (germinal_center),0.0462
KI67 1 in 200 run5.ndpi,Annotation (germinal_center),0.0398
KI67 1 in 200 run5.ndpi,Annotation (germinal_center),0.0811
KI67 1 in 200 run5.ndpi,Annotation (germinal_center),0.045
KI67 1 in 200 run5.ndpi,Annotation (germinal_center),0.05
KI67 1 in 200 run5.ndpi,Annotation (germinal_center),0.0409
KI67 1 in 200 run5.ndpi,Annotation (germinal_center),0.0738
KI67 1 in 200 run5.ndpi,Annotation (germinal_center),0.0474
KI67 1 in 200 run5.ndpi,Annotation (germinal_center),0.0408
KI67 1 in 200 run5.ndpi,Annotation (germinal_center),0.0677
KI67 1 in 200 run5.ndpi,Annotation (germinal_center),0.0655
KI67 1 in 200 run5.ndpi,Annotation (germinal_center),0.0735
KI67 1 in 200 run5.ndpi,Annotation (germinal_center),0.0393
KI67 1 in 200 run5.ndpi,Annotation (germinal_center),0.0612
KI67 1 in 200 run5.ndpi,Annotation (germinal_center),0.0683
KI67 1 in 200 run5.ndpi,Annotation (germinal_center),0.0396
KI67 1 in 200 run5.ndpi,Annotation (germinal_center),0.0738
KI67 1 in 200 run5.ndpi,Annotation (germinal_center),0.0596
KI67 1 in 200 run5.ndpi,Annotation (germinal_center),0.0479
KI67 1 in 200 run5.ndpi,Annotation (germinal_center),0.0431
KI67 1 in 200 run5.ndpi,Annotation (germinal_center),0.0413
KI67 1 in 200 run5.ndpi,Annotation (germinal_center),0.0389
KI67 1 in 200 run5.ndpi,Annotation (germinal_center),0.0323
KI67 1 in 200 run5.ndpi,Annotation (germinal_center),0.063
KI67 1 in 200 run5.ndpi,Annotation (germinal_center),0.0543
KI67 1 in 200 run5.ndpi,Annotation (germinal_center),0.0499
KI67 1 in 200 run5.ndpi,Annotation (germinal_center),0.0581
KI67 1 in 200 run5.ndpi,Annotation (germinal_center),0.0471
KI67 1 in 200 run5.ndpi,Annotation (germinal_center),0.1005
KI67 1 in 200 run5.ndpi,Annotation (germinal_center),0.0434
KI67 1 in 200 run5.ndpi,Annotation (germinal_center),0.0447
KI67 1 in 200 run5.ndpi,Annotation (germinal_center),0.0572
KI67 1 in 200 run5.ndpi,Annotation (germinal_center),0.0438
KI67 1 in 200 run5.ndpi,Annotation (germinal_center),0.0505
KI67 1 in 200 run5.ndpi,Annotation (germinal_center),0.0564
KI67 1 in 200 run5.ndpi,Annotation (germinal_center),0.0617
KI67 1 in 200 run5.ndpi,Annotation (germinal_center),0.0572
KI67 1 in 200 run5.ndpi,Annotation (germinal_center),0.0418
KI67 1 in 200 run5.ndpi,Annotation (germinal_center),0.0392
KI67 1 in 200 run5.ndpi,Annotation (germinal_center),0.0443
KI67 1 in 200 run5.ndpi,Annotation (germinal_center),0.0651
KI67 1 in 200 run5.ndpi,Annotation (germinal_center),0.0649
KI67 1 in 200 run5.ndpi,Annotation (germinal_center),0.0623
KI67 1 in 200 run5.ndpi,Annotation (germinal_center),0.049
KI67 1 in 200 run5.ndpi,Annotation (germinal_center),0.0919
KI67 1 in 200 run5.ndpi,Annotation (germinal_center),0.0414
KI67 1 in 200 run5.ndpi,Annotation (germinal_center),0.0397
KI67 1 in 200 run5.ndpi,Annotation (germinal_center),0.0721
KI67 1 in 200 run5.ndpi,Annotation (germinal_center),0.048
KI67 1 in 200 run5.ndpi,Annotation (germinal_center),0.0431
KI67 1 in 200 run5.ndpi,Annotation (germinal_center),0.0521
KI67 1 in 200 run5.ndpi,Annotation (germinal_center),0.0764
KI67 1 in 200 run5.ndpi,Annotation (germinal_center),0.0399
KI67 1 in 200 run5.ndpi,Annotation (germinal_center),0.0589
KI67 1 in 200 run5.ndpi,Annotation (germinal_center),0.0622
KI67 1 in 200 run5.ndpi,Annotation (germinal_center),0.0842
KI67 1 in 200 run5.ndpi,Annotation (germinal_center),0.0472
KI67 1 in 200 run5.ndpi,Annotation (germinal_center),0.0787
KI67 1 in 200 run5.ndpi,Annotation (germinal_center),0.0663
KI67 1 in 200 run5.ndpi,Annotation (germinal_center),0.0494
KI67 1 in 200 run5.ndpi,Annotation (germinal_center),0.0611
KI67 1 in 200 run5.ndpi,Annotation (germinal_center),0.0319
KI67 1 in 200 run5.ndpi,Annotation (germinal_center),0.0542
KI67 1 in 200 run5.ndpi,Annotation (germinal_center),0.049
KI67 1 in 200 run5.ndpi,Annotation (germinal_center),0.0534
KI67 1 in 200 run5.ndpi,Annotation (germinal_center),0.042
KI67 1 in 200 run5.ndpi,Annotation (germinal_center),0.0644
KI67 1 in 200 run5.ndpi,Annotation (germinal_center),0.0916
KI67 1 in 200 run5.ndpi,Annotation (germinal_center),0.0592
KI67 1 in 200 run5.ndpi,Annotation (germinal_center),0.0448
KI67 1 in 200 run5.ndpi,Annotation (germinal_center),0.0902
KI67 1 in 200 run5.ndpi,Annotation (germinal_center),0.0803
KI67 1 in 200 run5.ndpi,Annotation (germinal_center),0.0385
KI67 1 in 200 run5.ndpi,Annotation (germinal_center),0.0657
KI67 1 in 200 run5.ndpi,Annotation (germinal_center),0.0551
KI67 1 in 200 run5.ndpi,Annotation (germinal_center),0.0441
KI67 1 in 200 run5.ndpi,Annotation (germinal_center),0.0942
KI67 1 in 200 run5.ndpi,Annotation (germinal_center),0.0678
KI67 1 in 200 run5.ndpi,Annotation (germinal_center),0.0376
KI67 1 in 200 run5.ndpi,Annotation (germinal_center),0.0533
KI67 1 in 200 run5.ndpi,Annotation (germinal_center),0.0561
KI67 1 in 200 run5.ndpi,Annotation (germinal_center),0.0606
KI67 1 in 200 run5.ndpi,Annotation (germinal_center),0.0881
KI67 1 in 200 run5.ndpi,Annotation (germinal_center),0.0734
KI67 1 in 200 run5.ndpi,Annotation (germinal_center),0.0685
KI67 1 in 200 run5.ndpi,Annotation (germinal_center),0.0733
KI67 1 in 200 run5.ndpi,Annotation (germinal_center),0.0636
KI67 1 in 200 run5.ndpi,Annotation (germinal_center),0.082
KI67 1 in 200 run5.ndpi,Annotation (germinal_center),0.0533
KI67 1 in 200 run5.ndpi,Annotation (germinal_center),0.0275
KI67 1 in 200 run5.ndpi,Annotation (germinal_center),0.0714
KI67 1 in 200 run5.ndpi,Annotation (germinal_center),0.0509
KI67 1 in 200 run5.ndpi,Annotation (germinal_center),0.051
KI67 1 in 200 run5.ndpi,Annotation (germinal_center),0.048
KI67 1 in 200 run5.ndpi,Annotation (germinal_center),0.0643
KI67 1 in 200 run5.ndpi,Annotation (germinal_center),0.0426
KI67 1 in 200 run5.ndpi,Annotation (germinal_center),0.0705
KI67 1 in 200 run5.ndpi,Annotation (germinal_center),0.0352
KI67 1 in 200 run5.ndpi,Annotation (germinal_center),0.0587
KI67 1 in 200 run5.ndpi,Annotation (germinal_center),0.0422
KI67 1 in 200 run5.ndpi,Annotation (germinal_center),0.0412
KI67 1 in 200 run5.ndpi,Annotation (germinal_center),0.0496
KI67 1 in 200 run5.ndpi,Annotation (germinal_center),0.0703
KI67 1 in 200 run5.ndpi,Annotation (germinal_center),0.0367
KI67 1 in 200 run5.ndpi,Annotation (germinal_center),0.0491
KI67 1 in 200 run5.ndpi,Annotation (germinal_center),0.0477
KI67 1 in 200 run5.ndpi,Annotation (germinal_center),0.0392
KI67 1 in 200 run5.ndpi,Annotation (germinal_center),0.0494
KI67 1 in 200 run5.ndpi,Annotation (germinal_center),0.0385
KI67 1 in 200 run5.ndpi,Annotation (germinal_center),0.056
KI67 1 in 200 run5.ndpi,Annotation (germinal_center),0.0413
KI67 1 in 200 run5.ndpi,Annotation (germinal_center),0.0393
KI67 1 in 200 run5.ndpi,Annotation (germinal_center),0.0523
KI67 1 in 200 run5.ndpi,Annotation (germinal_center),0.0451
KI67 1 in 200 run5.ndpi,Annotation (germinal_center),0.0522
KI67 1 in 200 run5.ndpi,Annotation (germinal_center),0.0408
KI67 1 in 200 run5.ndpi,Annotation (germinal_center),0.0418
KI67 1 in 200 run5.ndpi,Annotation (germinal_center),0.067
KI67 1 in 200 run5.ndpi,Annotation (germinal_center),0.0508
KI67 1 in 200 run5.ndpi,Annotation (germinal_center),0.0449
KI67 1 in 200 run5.ndpi,Annotation (germinal_center),0.0481
KI67 1 in 200 run5.ndpi,Annotation (germinal_center),0.0803
KI67 1 in 200 run5.ndpi,Annotation (germinal_center),0.0915
KI67 1 in 200 run5.ndpi,Annotation (germinal_center),0.059
KI67 1 in 200 run5.ndpi,Annotation (germinal_center),0.0561
KI67 1 in 200 run5.ndpi,Annotation (germinal_center),0.038
KI67 1 in 200 run5.ndpi,Annotation (germinal_center),0.0792
KI67 1 in 200 run5.ndpi,Annotation (germinal_center),0.0428
KI67 1 in 200 run5.ndpi,Annotation (germinal_center),0.0632
KI67 1 in 200 run5.ndpi,Annotation (germinal_center),0.0696
KI67 1 in 200 run5.ndpi,Annotation (germinal_center),0.0418
KI67 1 in 200 run5.ndpi,Annotation (germinal_center),0.0645
KI67 1 in 200 run5.ndpi,Annotation (germinal_center),0.0583
KI67 1 in 200 run5.ndpi,Annotation (germinal_center),0.0563
KI67 1 in 200 run5.ndpi,Annotation (germinal_center),0.0497
KI67 1 in 200 run5.ndpi,Annotation (germinal_center),0.1103
KI67 1 in 200 run5.ndpi,Annotation (germinal_center),0.0406
KI67 1 in 200 run5.ndpi,Annotation (germinal_center),0.0946
KI67 1 in 200 run5.ndpi,Annotation (germinal_center),0.0692
KI67 1 in 200 run5.ndpi,Annotation (germinal_center),0.0636
KI67 1 in 200 run5.ndpi,Annotation (germinal_center),0.0803
KI67 1 in 200 run5.ndpi,Annotation (germinal_center),0.0649
KI67 1 in 200 run5.ndpi,Annotation (germinal_center),0.0681
KI67 1 in 200 run5.ndpi,Annotation (germinal_center),0.0489
KI67 1 in 200 run5.ndpi,Annotation (germinal_center),0.0835
KI67 1 in 200 run5.ndpi,Annotation (germinal_center),0.0718
KI67 1 in 200 run5.ndpi,Annotation (germinal_center),0.0366
KI67 1 in 200 run5.ndpi,Annotation (germinal_center),0.0509
KI67 1 in 200 run5.ndpi,Annotation (germinal_center),0.0572
KI67 1 in 200 run5.ndpi,Annotation (germinal_center),0.0523
KI67 1 in 200 run5.ndpi,Annotation (germinal_center),0.0537
KI67 1 in 200 run5.ndpi,Annotation (germinal_center),0.0603
KI67 1 in 200 run5.ndpi,Annotation (germinal_center),0.0308
KI67 1 in 200 run5.ndpi,Annotation (germinal_center),0.0466
KI67 1 in 200 run5.ndpi,Annotation (germinal_center),0.072
KI67 1 in 200 run5.ndpi,Annotation (germinal_center),0.0481
KI67 1 in 200 run5.ndpi,Annotation (germinal_center),0.0579
KI67 1 in 200 run5.ndpi,Annotation (germinal_center),0.0413
KI67 1 in 200 run5.ndpi,Annotation (germinal_center),0.0564
KI67 1 in 200 run5.ndpi,Annotation (germinal_center),0.0581
KI67 1 in 200 run5.ndpi,Annotation (germinal_center),0.0901
KI67 1 in 200 run5.ndpi,Annotation (germinal_center),0.0742
KI67 1 in 200 run5.ndpi,Annotation (germinal_center),0.0434
KI67 1 in 200 run5.ndpi,Annotation (germinal_center),0.0439
KI67 1 in 200 run5.ndpi,Annotation (germinal_center),0.078
KI67 1 in 200 run5.ndpi,Annotation (germinal_center),0.0618
KI67 1 in 200 run5.ndpi,Annotation (germinal_center),0.0443
KI67 1 in 200 run5.ndpi,Annotation (germinal_center),0.0637
KI67 1 in 200 run5.ndpi,Annotation (germinal_center),0.0656
KI67 1 in 200 run5.ndpi,Annotation (germinal_center),0.0501
KI67 1 in 200 run5.ndpi,Annotation (germinal_center),0.078
KI67 1 in 200 run5.ndpi,Annotation (germinal_center),0.0742
KI67 1 in 200 run5.ndpi,Annotation (germinal_center),0.0525
KI67 1 in 200 run5.ndpi,Annotation (germinal_center),0.0722
KI67 1 in 200 run5.ndpi,Annotation (germinal_center),0.0468
KI67 1 in 200 run5.ndpi,Annotation (germinal_center),0.0418
KI67 1 in 200 run5.ndpi,Annotation (germinal_center),0.0635
KI67 1 in 200 run5.ndpi,Annotation (germinal_center),0.0364
KI67 1 in 200 run5.ndpi,Annotation (germinal_center),0.0358
KI67 1 in 200 run5.ndpi,Annotation (germinal_center),0.05
KI67 1 in 200 run5.ndpi,Annotation (germinal_center),0.0582
KI67 1 in 200 run5.ndpi,Annotation (germinal_center),0.0337
KI67 1 in 200 run5.ndpi,Annotation (germinal_center),0.0651
KI67 1 in 200 run5.ndpi,Annotation (germinal_center),0.0446
KI67 1 in 200 run5.ndpi,Annotation (germinal_center),0.0487
KI67 1 in 200 run5.ndpi,Annotation (germinal_center),0.0794
KI67 1 in 200 run5.ndpi,Annotation (germinal_center),0.0298
KI67 1 in 200 run5.ndpi,Annotation (germinal_center),0.0569
KI67 1 in 200 run5.ndpi,Annotation (germinal_center),0.0918
KI67 1 in 200 run5.ndpi,Annotation (germinal_center),0.061
KI67 1 in 200 run5.ndpi,Annotation (germinal_center),0.0581
KI67 1 in 200 run5.ndpi,Annotation (germinal_center),0.0585
KI67 1 in 200 run5.ndpi,Annotation (germinal_center),0.0454
KI67 1 in 200 run5.ndpi,Annotation (germinal_center),0.0569
KI67 1 in 200 run5.ndpi,Annotation (germinal_center),0.0962
KI67 1 in 200 run5.ndpi,Annotation (germinal_center),0.0933
KI67 1 in 200 run5.ndpi,Annotation (germinal_center),0.0503
KI67 1 in 200 run5.ndpi,Annotation (germinal_center),0.0435
KI67 1 in 200 run5.ndpi,Annotation (germinal_center),0.0496
KI67 1 in 200 run5.ndpi,Annotation (germinal_center),0.0374
KI67 1 in 200 run5.ndpi,Annotation (germinal_center),0.04
KI67 1 in 200 run5.ndpi,Annotation (germinal_center),0.0619
KI67 1 in 200 run5.ndpi,Annotation (germinal_center),0.0772
KI67 1 in 200 run5.ndpi,Annotation (germinal_center),0.0444
KI67 1 in 200 run5.ndpi,Annotation (germinal_center),0.0486
KI67 1 in 200 run5.ndpi,Annotation (germinal_center),0.0645
KI67 1 in 200 run5.ndpi,Annotation (germinal_center),0.0749
KI67 1 in 200 run5.ndpi,Annotation (germinal_center),0.0617
KI67 1 in 200 run5.ndpi,Annotation (germinal_center),0.0673
KI67 1 in 200 run5.ndpi,Annotation (germinal_center),0.0747
KI67 1 in 200 run5.ndpi,Annotation (germinal_center),0.0748
KI67 1 in 200 run5.ndpi,Annotation (germinal_center),0.0766
KI67 1 in 200 run5.ndpi,Annotation (germinal_center),0.035
KI67 1 in 200 run5.ndpi,Annotation (germinal_center),0.0415
KI67 1 in 200 run5.ndpi,Annotation (germinal_center),0.0625
KI67 1 in 200 run5.ndpi,Annotation (germinal_center),0.0475
KI67 1 in 200 run5.ndpi,Annotation (germinal_center),0.0497
KI67 1 in 200 run5.ndpi,Annotation (germinal_center),0.0532
KI67 1 in 200 run5.ndpi,Annotation (germinal_center),0.0924
KI67 1 in 200 run5.ndpi,Annotation (germinal_center),0.0485
KI67 1 in 200 run5.ndpi,Annotation (germinal_center),0.0396
KI67 1 in 200 run5.ndpi,Annotation (germinal_center),0.0508
KI67 1 in 200 run5.ndpi,Annotation (germinal_center),0.0827
KI67 1 in 200 run5.ndpi,Annotation (germinal_center),0.0538
KI67 1 in 200 run5.ndpi,Annotation (germinal_center),0.0427
KI67 1 in 200 run5.ndpi,Annotation (germinal_center),0.0414
KI67 1 in 200 run5.ndpi,Annotation (germinal_center),0.0435
KI67 1 in 200 run5.ndpi,Annotation (germinal_center),0.0641
KI67 1 in 200 run5.ndpi,Annotation (germinal_center),0.0478
KI67 1 in 200 run5.ndpi,Annotation (germinal_center),0.0637
KI67 1 in 200 run5.ndpi,Annotation (germinal_center),0.0532
KI67 1 in 200 run5.ndpi,Annotation (germinal_center),0.071
KI67 1 in 200 run5.ndpi,Annotation (germinal_center),0.0652
KI67 1 in 200 run5.ndpi,Annotation (germinal_center),0.0457
KI67 1 in 200 run5.ndpi,Annotation (germinal_center),0.0494
KI67 1 in 200 run5.ndpi,Annotation (germinal_center),0.0645
KI67 1 in 200 run5.ndpi,Annotation (germinal_center),0.0513
KI67 1 in 200 run5.ndpi,Annotation (germinal_center),0.0359
KI67 1 in 200 run5.ndpi,Annotation (germinal_center),0.0459
KI67 1 in 200 run5.ndpi,Annotation (germinal_center),0.0786
KI67 1 in 200 run5.ndpi,Annotation (germinal_center),0.0545
KI67 1 in 200 run5.ndpi,Annotation (germinal_center),0.0836
KI67 1 in 200 run5.ndpi,Annotation (germinal_center),0.0599
KI67 1 in 200 run5.ndpi,Annotation (germinal_center),0.0555
KI67 1 in 200 run5.ndpi,Annotation (germinal_center),0.0445
KI67 1 in 200 run5.ndpi,Annotation (germinal_center),0.0645
KI67 1 in 200 run5.ndpi,Annotation (germinal_center),0.0637
KI67 1 in 200 run5.ndpi,Annotation (germinal_center),0.0594
KI67 1 in 200 run5.ndpi,Annotation (germinal_center),0.0401
KI67 1 in 200 run5.ndpi,Annotation (germinal_center),0.0469
KI67 1 in 200 run5.ndpi,Annotation (germinal_center),0.047
KI67 1 in 200 run5.ndpi,Annotation (germinal_center),0.0593
KI67 1 in 200 run5.ndpi,Annotation (germinal_center),0.0691
KI67 1 in 200 run5.ndpi,Annotation (germinal_center),0.0506
KI67 1 in 200 run5.ndpi,Annotation (germinal_center),0.0568
KI67 1 in 200 run5.ndpi,Annotation (germinal_center),0.0497
KI67 1 in 200 run5.ndpi,Annotation (germinal_center),0.0563
KI67 1 in 200 run5.ndpi,Annotation (germinal_center),0.0468
KI67 1 in 200 run5.ndpi,Annotation (germinal_center),0.06
KI67 1 in 200 run5.ndpi,Annotation (germinal_center),0.0661
KI67 1 in 200 run5.ndpi,Annotation (germinal_center),0.0669
KI67 1 in 200 run5.ndpi,Annotation (germinal_center),0.0515
KI67 1 in 200 run5.ndpi,Annotation (germinal_center),0.0738
KI67 1 in 200 run5.ndpi,Annotation (germinal_center),0.0609
KI67 1 in 200 run5.ndpi,Annotation (germinal_center),0.0566
KI67 1 in 200 run5.ndpi,Annotation (germinal_center),0.048
KI67 1 in 200 run5.ndpi,Annotation (germinal_center),0.0459
KI67 1 in 200 run5.ndpi,Annotation (germinal_center),0.0735
KI67 1 in 200 run5.ndpi,Annotation (germinal_center),0.0464
KI67 1 in 200 run5.ndpi,Annotation (germinal_center),0.0574
KI67 1 in 200 run5.ndpi,Annotation (germinal_center),0.0716
KI67 1 in 200 run5.ndpi,Annotation (germinal_center),0.0464
KI67 1 in 200 run5.ndpi,Annotation (germinal_center),0.0557
KI67 1 in 200 run5.ndpi,Annotation (germinal_center),0.0476
KI67 1 in 200 run5.ndpi,Annotation (germinal_center),0.0528
KI67 1 in 200 run5.ndpi,Annotation (germinal_center),0.0646
KI67 1 in 200 run5.ndpi,Annotation (germinal_center),0.039
KI67 1 in 200 run5.ndpi,Annotation (germinal_center),0.0428
KI67 1 in 200 run5.ndpi,Annotation (germinal_center),0.0558
KI67 1 in 200 run5.ndpi,Annotation (germinal_center),0.0393
KI67 1 in 200 run5.ndpi,Annotation (germinal_center),0.0566
KI67 1 in 200 run5.ndpi,Annotation (germinal_center),0.0611
KI67 1 in 200 run5.ndpi,Annotation (germinal_center),0.0604
KI67 1 in 200 run5.ndpi,Annotation (germinal_center),0.0596
KI67 1 in 200 run5.ndpi,Annotation (germinal_center),0.0655
KI67 1 in 200 run5.ndpi,Annotation (germinal_center),0.0559
KI67 1 in 200 run5.ndpi,Annotation (germinal_center),0.0745
KI67 1 in 200 run5.ndpi,Annotation (germinal_center),0.0457
KI67 1 in 200 run5.ndpi,Annotation (germinal_center),0.0559
KI67 1 in 200 run5.ndpi,Annotation (germinal_center),0.0318
KI67 1 in 200 run5.ndpi,Annotation (germinal_center),0.0491
KI67 1 in 200 run5.ndpi,Annotation (germinal_center),0.0344
KI67 1 in 200 run5.ndpi,Annotation (germinal_center),0.0638
KI67 1 in 200 run5.ndpi,Annotation (germinal_center),0.052
KI67 1 in 200 run5.ndpi,Annotation (germinal_center),0.0664
KI67 1 in 200 run5.ndpi,Annotation (germinal_center),0.0753
KI67 1 in 200 run5.ndpi,Annotation (germinal_center),0.0593
KI67 1 in 200 run5.ndpi,Annotation (germinal_center),0.045
KI67 1 in 200 run5.ndpi,Annotation (germinal_center),0.0581
KI67 1 in 200 run5.ndpi,Annotation (germinal_center),0.0687
KI67 1 in 200 run5.ndpi,Annotation (germinal_center),0.0703
KI67 1 in 200 run5.ndpi,Annotation (germinal_center),0.058
KI67 1 in 200 run5.ndpi,Annotation (germinal_center),0.0596
KI67 1 in 200 run5.ndpi,Annotation (germinal_center),0.0637
KI67 1 in 200 run5.ndpi,Annotation (germinal_center),0.0545
KI67 1 in 200 run5.ndpi,Annotation (germinal_center),0.0425
KI67 1 in 200 run5.ndpi,Annotation (germinal_center),0.0535
KI67 1 in 200 run5.ndpi,Annotation (germinal_center),0.0586
KI67 1 in 200 run5.ndpi,Annotation (germinal_center),0.0485
KI67 1 in 200 run5.ndpi,Annotation (germinal_center),0.0785
KI67 1 in 200 run5.ndpi,Annotation (germinal_center),0.0494
KI67 1 in 200 run5.ndpi,Annotation (germinal_center),0.0393
KI67 1 in 200 run5.ndpi,Annotation (germinal_center),0.0373
KI67 1 in 200 run5.ndpi,Annotation (germinal_center),0.0844
KI67 1 in 200 run5.ndpi,Annotation (germinal_center),0.06
KI67 1 in 200 run5.ndpi,Annotation (germinal_center),0.0594
KI67 1 in 200 run5.ndpi,Annotation (germinal_center),0.0542
KI67 1 in 200 run5.ndpi,Annotation (germinal_center),0.0571
KI67 1 in 200 run5.ndpi,Annotation (germinal_center),0.0601
KI67 1 in 200 run5.ndpi,Annotation (germinal_center),0.0744
KI67 1 in 200 run5.ndpi,Annotation (germinal_center),0.0366
KI67 1 in 200 run5.ndpi,Annotation (germinal_center),0.0475
KI67 1 in 200 run5.ndpi,Annotation (germinal_center),0.1083
KI67 1 in 200 run5.ndpi,Annotation (germinal_center),0.0685
KI67 1 in 200 run5.ndpi,Annotation (germinal_center),0.0534
KI67 1 in 200 run5.ndpi,Annotation (germinal_center),0.0408
KI67 1 in 200 run5.ndpi,Annotation (germinal_center),0.0391
KI67 1 in 200 run5.ndpi,Annotation (germinal_center),0.0502
KI67 1 in 200 run5.ndpi,Annotation (germinal_center),0.0558
KI67 1 in 200 run5.ndpi,Annotation (germinal_center),0.0448
KI67 1 in 200 run5.ndpi,Annotation (germinal_center),0.0657
KI67 1 in 200 run5.ndpi,Annotation (germinal_center),0.0655
KI67 1 in 200 run5.ndpi,Annotation (germinal_center),0.0342
KI67 1 in 200 run5.ndpi,Annotation (germinal_center),0.0457
KI67 1 in 200 run5.ndpi,Annotation (germinal_center),0.0676
KI67 1 in 200 run5.ndpi,Annotation (germinal_center),0.0618
KI67 1 in 200 run5.ndpi,Annotation (germinal_center),0.0266
KI67 1 in 200 run5.ndpi,Annotation (germinal_center),0.0505
KI67 1 in 200 run5.ndpi,Annotation (germinal_center),0.0593
KI67 1 in 200 run5.ndpi,Annotation (germinal_center),0.0444
KI67 1 in 200 run5.ndpi,Annotation (germinal_center),0.0727
KI67 1 in 200 run5.ndpi,Annotation (germinal_center),0.075
KI67 1 in 200 run5.ndpi,Annotation (germinal_center),0.0664
KI67 1 in 200 run5.ndpi,Annotation (germinal_center),0.0543
KI67 1 in 200 run5.ndpi,Annotation (germinal_center),0.0639
KI67 1 in 200 run5.ndpi,Annotation (germinal_center),0.0416
KI67 1 in 200 run5.ndpi,Annotation (germinal_center),0.0839
KI67 1 in 200 run5.ndpi,Annotation (germinal_center),0.0455
KI67 1 in 200 run5.ndpi,Annotation (germinal_center),0.0834
KI67 1 in 200 run5.ndpi,Annotation (germinal_center),0.0739
KI67 1 in 200 run5.ndpi,Annotation (germinal_center),0.0435
KI67 1 in 200 run5.ndpi,Annotation (germinal_center),0.0494
KI67 1 in 200 run5.ndpi,Annotation (germinal_center),0.0476
KI67 1 in 200 run5.ndpi,Annotation (germinal_center),0.0687
KI67 1 in 200 run5.ndpi,Annotation (germinal_center),0.0379
KI67 1 in 200 run5.ndpi,Annotation (germinal_center),0.0367
KI67 1 in 200 run5.ndpi,Annotation (germinal_center),0.0423
KI67 1 in 200 run5.ndpi,Annotation (germinal_center),0.0529
KI67 1 in 200 run5.ndpi,Annotation (germinal_center),0.0584
KI67 1 in 200 run5.ndpi,Annotation (germinal_center),0.0518
KI67 1 in 200 run5.ndpi,Annotation (germinal_center),0.0364
KI67 1 in 200 run5.ndpi,Annotation (germinal_center),0.0352
KI67 1 in 200 run5.ndpi,Annotation (germinal_center),0.0662
KI67 1 in 200 run5.ndpi,Annotation (germinal_center),0.0598
KI67 1 in 200 run5.ndpi,Annotation (germinal_center),0.0494
KI67 1 in 200 run5.ndpi,Annotation (germinal_center),0.1257
KI67 1 in 200 run5.ndpi,Annotation (germinal_center),0.0568
KI67 1 in 200 run5.ndpi,Annotation (germinal_center),0.0502
KI67 1 in 200 run5.ndpi,Annotation (germinal_center),0.0363
KI67 1 in 200 run5.ndpi,Annotation (germinal_center),0.0697
KI67 1 in 200 run5.ndpi,Annotation (germinal_center),0.0727
KI67 1 in 200 run5.ndpi,Annotation (germinal_center),0.0564
KI67 1 in 200 run5.ndpi,Annotation (germinal_center),0.0667
KI67 1 in 200 run5.ndpi,Annotation (germinal_center),0.0457
KI67 1 in 200 run5.ndpi,Annotation (germinal_center),0.0599
KI67 1 in 200 run5.ndpi,Annotation (germinal_center),0.0443
KI67 1 in 200 run5.ndpi,Annotation (germinal_center),0.0427
KI67 1 in 200 run5.ndpi,Annotation (germinal_center),0.0483
KI67 1 in 200 run5.ndpi,Annotation (germinal_center),0.057
KI67 1 in 200 run5.ndpi,Annotation (germinal_center),0.0775
KI67 1 in 200 run5.ndpi,Annotation (germinal_center),0.0203
KI67 1 in 200 run5.ndpi,Annotation (germinal_center),0.0373
KI67 1 in 200 run5.ndpi,Annotation (germinal_center),0.0869
KI67 1 in 200 run5.ndpi,Annotation (germinal_center),0.0739
KI67 1 in 200 run5.ndpi,Annotation (germinal_center),0.0357
KI67 1 in 200 run5.ndpi,Annotation (germinal_center),0.0415
KI67 1 in 200 run5.ndpi,Annotation (germinal_center),0.0289
KI67 1 in 200 run5.ndpi,Annotation (germinal_center),0.0583
KI67 1 in 200 run5.ndpi,Annotation (germinal_center),0.0556
KI67 1 in 200 run5.ndpi,Annotation (germinal_center),0.0735
KI67 1 in 200 run5.ndpi,Annotation (germinal_center),0.0545
KI67 1 in 200 run5.ndpi,Annotation (germinal_center),0.0485
KI67 1 in 200 run5.ndpi,Annotation (germinal_center),0.0493
KI67 1 in 200 run5.ndpi,Annotation (germinal_center),0.07
KI67 1 in 200 run5.ndpi,Annotation (germinal_center),0.0313
KI67 1 in 200 run5.ndpi,Annotation (germinal_center),0.0527
KI67 1 in 200 run5.ndpi,Annotation (germinal_center),0.0332
KI67 1 in 200 run5.ndpi,Annotation (germinal_center),0.0486
KI67 1 in 200 run5.ndpi,Annotation (germinal_center),0.0398
KI67 1 in 200 run5.ndpi,Annotation (germinal_center),0.0516
KI67 1 in 200 run5.ndpi,Annotation (germinal_center),0.0672
KI67 1 in 200 run5.ndpi,Annotation (germinal_center),0.044
KI67 1 in 200 run5.ndpi,Annotation (germinal_center),0.0818
KI67 1 in 200 run5.ndpi,Annotation (germinal_center),0.0379
KI67 1 in 200 run5.ndpi,Annotation (germinal_center),0.0606
KI67 1 in 200 run5.ndpi,Annotation (germinal_center),0.0362
KI67 1 in 200 run5.ndpi,Annotation (germinal_center),0.0882
KI67 1 in 200 run5.ndpi,Annotation (germinal_center),0.0363
KI67 1 in 200 run5.ndpi,Annotation (germinal_center),0.0773
KI67 1 in 200 run5.ndpi,Annotation (germinal_center),0.0481
KI67 1 in 200 run5.ndpi,Annotation (germinal_center),0.0722
KI67 1 in 200 run5.ndpi,Annotation (germinal_center),0.0456
KI67 1 in 200 run5.ndpi,Annotation (germinal_center),0.046
KI67 1 in 200 run5.ndpi,Annotation (germinal_center),0.0523
KI67 1 in 200 run5.ndpi,Annotation (germinal_center),0.0463
KI67 1 in 200 run5.ndpi,Annotation (germinal_center),0.0199
KI67 1 in 200 run5.ndpi,Annotation (germinal_center),0.0271
KI67 1 in 200 run5.ndpi,Annotation (germinal_center),0.0595
KI67 1 in 200 run5.ndpi,Annotation (germinal_center),0.0449
KI67 1 in 200 run5.ndpi,Annotation (germinal_center),0.0523
KI67 1 in 200 run5.ndpi,Annotation (germinal_center),0.0564
KI67 1 in 200 run5.ndpi,Annotation (germinal_center),0.0429
KI67 1 in 200 run5.ndpi,Annotation (germinal_center),0.0525
KI67 1 in 200 run5.ndpi,Annotation (germinal_center),0.053
KI67 1 in 200 run5.ndpi,Annotation (germinal_center),0.065
KI67 1 in 200 run5.ndpi,Annotation (germinal_center),0.0596
KI67 1 in 200 run5.ndpi,Annotation (germinal_center),0.077
KI67 1 in 200 run5.ndpi,Annotation (germinal_center),0.0542
KI67 1 in 200 run5.ndpi,Annotation (germinal_center),0.0718
KI67 1 in 200 run5.ndpi,Annotation (germinal_center),0.0595
KI67 1 in 200 run5.ndpi,Annotation (germinal_center),0.0475
KI67 1 in 200 run5.ndpi,Annotation (germinal_center),0.0306
KI67 1 in 200 run5.ndpi,Annotation (germinal_center),0.0362
KI67 1 in 200 run5.ndpi,Annotation (germinal_center),0.0435
KI67 1 in 200 run5.ndpi,Annotation (germinal_center),0.0653
KI67 1 in 200 run5.ndpi,Annotation (germinal_center),0.0651
KI67 1 in 200 run5.ndpi,Annotation (germinal_center),0.0482
KI67 1 in 200 run5.ndpi,Annotation (germinal_center),0.048
KI67 1 in 200 run5.ndpi,Annotation (germinal_center),0.0495
KI67 1 in 200 run5.ndpi,Annotation (germinal_center),0.0818
KI67 1 in 200 run5.ndpi,Annotation (germinal_center),0.056
KI67 1 in 200 run5.ndpi,Annotation (germinal_center),0.0541
KI67 1 in 200 run5.ndpi,Annotation (germinal_center),0.0413
KI67 1 in 200 run5.ndpi,Annotation (germinal_center),0.0734
KI67 1 in 200 run5.ndpi,Annotation (germinal_center),0.0836
KI67 1 in 200 run5.ndpi,Annotation (germinal_center),0.0413
KI67 1 in 200 run5.ndpi,Annotation (germinal_center),0.0484
KI67 1 in 200 run5.ndpi,Annotation (germinal_center),0.0689
KI67 1 in 200 run5.ndpi,Annotation (germinal_center),0.0855
KI67 1 in 200 run5.ndpi,Annotation (germinal_center),0.0426
KI67 1 in 200 run5.ndpi,Annotation (germinal_center),0.0537
KI67 1 in 200 run5.ndpi,Annotation (germinal_center),0.0467
KI67 1 in 200 run5.ndpi,Annotation (germinal_center),0.0587
KI67 1 in 200 run5.ndpi,Annotation (germinal_center),0.0492
KI67 1 in 200 run5.ndpi,Annotation (germinal_center),0.0512
KI67 1 in 200 run5.ndpi,Annotation (germinal_center),0.0547
KI67 1 in 200 run5.ndpi,Annotation (germinal_center),0.048
KI67 1 in 200 run5.ndpi,Annotation (germinal_center),0.0646
KI67 1 in 200 run5.ndpi,Annotation (germinal_center),0.0471
KI67 1 in 200 run5.ndpi,Annotation (germinal_center),0.0657
KI67 1 in 200 run5.ndpi,Annotation (germinal_center),0.0456
KI67 1 in 200 run5.ndpi,Annotation (germinal_center),0.0453
KI67 1 in 200 run5.ndpi,Annotation (germinal_center),0.0597
KI67 1 in 200 run5.ndpi,Annotation (germinal_center),0.0434
KI67 1 in 200 run5.ndpi,Annotation (germinal_center),0.068
KI67 1 in 200 run5.ndpi,Annotation (germinal_center),0.046
KI67 1 in 200 run5.ndpi,Annotation (germinal_center),0.069
KI67 1 in 200 run5.ndpi,Annotation (germinal_center),0.0629
KI67 1 in 200 run5.ndpi,Annotation (germinal_center),0.0594
KI67 1 in 200 run5.ndpi,Annotation (germinal_center),0.0723
KI67 1 in 200 run5.ndpi,Annotation (germinal_center),0.0438
KI67 1 in 200 run5.ndpi,Annotation (germinal_center),0.0508
KI67 1 in 200 run5.ndpi,Annotation (germinal_center),0.0568
KI67 1 in 200 run5.ndpi,Annotation (germinal_center),0.0434
KI67 1 in 200 run5.ndpi,Annotation (germinal_center),0.0387
KI67 1 in 200 run5.ndpi,Annotation (germinal_center),0.0469
KI67 1 in 200 run5.ndpi,Annotation (germinal_center),0.0524
KI67 1 in 200 run5.ndpi,Annotation (germinal_center),0.0921
KI67 1 in 200 run5.ndpi,Annotation (germinal_center),0.0292
KI67 1 in 200 run5.ndpi,Annotation (germinal_center),0.1063
KI67 1 in 200 run5.ndpi,Annotation (germinal_center),0.0298
KI67 1 in 200 run5.ndpi,Annotation (germinal_center),0.0507
KI67 1 in 200 run5.ndpi,Annotation (germinal_center),0.0691
KI67 1 in 200 run5.ndpi,Annotation (germinal_center),0.0537
KI67 1 in 200 run5.ndpi,Annotation (germinal_center),0.0669
KI67 1 in 200 run5.ndpi,Annotation (germinal_center),0.0469
KI67 1 in 200 run5.ndpi,Annotation (germinal_center),0.0273
KI67 1 in 200 run5.ndpi,Annotation (germinal_center),0.0385
KI67 1 in 200 run5.ndpi,Annotation (germinal_center),0.0392
KI67 1 in 200 run5.ndpi,Annotation (germinal_center),0.0399
KI67 1 in 200 run5.ndpi,Annotation (germinal_center),0.0595
KI67 1 in 200 run5.ndpi,Annotation (germinal_center),0.0304
KI67 1 in 200 run5.ndpi,Annotation (germinal_center),0.0723
KI67 1 in 200 run5.ndpi,Annotation (germinal_center),0.0389
KI67 1 in 200 run5.ndpi,Annotation (germinal_center),0.0549
KI67 1 in 200 run5.ndpi,Annotation (germinal_center),0.0397
KI67 1 in 200 run5.ndpi,Annotation (germinal_center),0.0514
KI67 1 in 200 run5.ndpi,Annotation (germinal_center),0.0353
KI67 1 in 200 run5.ndpi,Annotation (germinal_center),0.1716
KI67 1 in 200 run5.ndpi,Annotation (germinal_center),0.0539
KI67 1 in 200 run5.ndpi,Annotation (germinal_center),0.0622
KI67 1 in 200 run5.ndpi,Annotation (germinal_center),0.0482
KI67 1 in 200 run5.ndpi,Annotation (germinal_center),0.0957
KI67 1 in 200 run5.ndpi,Annotation (germinal_center),0.1106
KI67 1 in 200 run5.ndpi,Annotation (germinal_center),0.0709
KI67 1 in 200 run5.ndpi,Annotation (germinal_center),0.0685
KI67 1 in 200 run5.ndpi,Annotation (germinal_center),0.0693
KI67 1 in 200 run5.ndpi,Annotation (germinal_center),0.0514
KI67 1 in 200 run5.ndpi,Annotation (germinal_center),0.1086
KI67 1 in 200 run5.ndpi,Annotation (germinal_center),0.0615
KI67 1 in 200 run5.ndpi,Annotation (germinal_center),0.064
KI67 1 in 200 run5.ndpi,Annotation (germinal_center),0.0595
KI67 1 in 200 run5.ndpi,Annotation (germinal_center),0.0462
KI67 1 in 200 run5.ndpi,Annotation (germinal_center),0.0684
KI67 1 in 200 run5.ndpi,Annotation (germinal_center),0.0488
KI67 1 in 200 run5.ndpi,Annotation (germinal_center),0.0504
KI67 1 in 200 run5.ndpi,Annotation (germinal_center),0.0381
KI67 1 in 200 run5.ndpi,Annotation (germinal_center),0.0478
KI67 1 in 200 run5.ndpi,Annotation (germinal_center),0.0454
KI67 1 in 200 run5.ndpi,Annotation (germinal_center),
KI67 1 in 200 run5.ndpi,Annotation (germinal_center),
KI67 1 in 200 run5.ndpi,Annotation (germinal_center),0.0628
KI67 1 in 200 run5.ndpi,Annotation (germinal_center),0.0663
KI67 1 in 200 run5.ndpi,Annotation (germinal_center),0.0519
KI67 1 in 200 run5.ndpi,Annotation (germinal_center),
KI67 1 in 200 run5.ndpi,Annotation (germinal_center),0.0611
KI67 1 in 200 run5.ndpi,Annotation (germinal_center),0.0607
KI67 1 in 200 run5.ndpi,Annotation (germinal_center),0.0813
KI67 1 in 200 run5.ndpi,Annotation (germinal_center),0.0874
KI67 1 in 200 run5.ndpi,Annotation (germinal_center),0.1023
KI67 1 in 200 run5.ndpi,Annotation (germinal_center),0.1745
KI67 1 in 200 run5.ndpi,Annotation (germinal_center),0.0785
KI67 1 in 200 run5.ndpi,Annotation (germinal_center),0.0516
KI67 1 in 200 run5.ndpi,Annotation (germinal_center),0.0634
KI67 1 in 200 run5.ndpi,Annotation (germinal_center),0.0759
KI67 1 in 200 run5.ndpi,Annotation (germinal_center),0.0653
KI67 1 in 200 run5.ndpi,Annotation (germinal_center),0.0645
KI67 1 in 200 run5.ndpi,Annotation (germinal_center),0.0868
KI67 1 in 200 run5.ndpi,Annotation (germinal_center),0.0661
KI67 1 in 200 run5.ndpi,Annotation (germinal_center),0.0683
KI67 1 in 200 run5.ndpi,Annotation (germinal_center),0.0643
KI67 1 in 200 run5.ndpi,Annotation (germinal_center),0.0601
KI67 1 in 200 run5.ndpi,Annotation (germinal_center),0.0666
KI67 1 in 200 run5.ndpi,Annotation (germinal_center),0.0642
KI67 1 in 200 run5.ndpi,Annotation (germinal_center),0.0644
KI67 1 in 200 run5.ndpi,Annotation (germinal_center),0.0662
KI67 1 in 200 run5.ndpi,Annotation (germinal_center),0.0694
KI67 1 in 200 run5.ndpi,Annotation (germinal_center),0.0398
KI67 1 in 200 run5.ndpi,Annotation (germinal_center),0.0631
KI67 1 in 200 run5.ndpi,Annotation (germinal_center),0.068
KI67 1 in 200 run5.ndpi,Annotation (germinal_center),0.0788
KI67 1 in 200 run5.ndpi,Annotation (germinal_center),0.0739
KI67 1 in 200 run5.ndpi,Annotation (germinal_center),0.0774
KI67 1 in 200 run5.ndpi,Annotation (germinal_center),0.0588
KI67 1 in 200 run5.ndpi,Annotation (germinal_center),0.0595
KI67 1 in 200 run5.ndpi,Annotation (germinal_center),0.059
KI67 1 in 200 run5.ndpi,Annotation (germinal_center),0.0778
KI67 1 in 200 run5.ndpi,Annotation (germinal_center),0.0414
KI67 1 in 200 run5.ndpi,Annotation (germinal_center),0.0695
KI67 1 in 200 run5.ndpi,Annotation (germinal_center),0.0622
KI67 1 in 200 run5.ndpi,Annotation (germinal_center),0.0515
KI67 1 in 200 run5.ndpi,Annotation (germinal_center),0.0552
KI67 1 in 200 run5.ndpi,Annotation (germinal_center),0.0737
KI67 1 in 200 run5.ndpi,Annotation (germinal_center),0.0467
KI67 1 in 200 run5.ndpi,Annotation (germinal_center),0.074
KI67 1 in 200 run5.ndpi,Annotation (germinal_center),0.1115
KI67 1 in 200 run5.ndpi,Annotation (germinal_center),0.0547
KI67 1 in 200 run5.ndpi,Annotation (germinal_center),0.056
KI67 1 in 200 run5.ndpi,Annotation (germinal_center),0.0463
KI67 1 in 200 run5.ndpi,Annotation (germinal_center),0.0616
KI67 1 in 200 run5.ndpi,Annotation (germinal_center),0.0759
KI67 1 in 200 run5.ndpi,Annotation (germinal_center),0.0661
KI67 1 in 200 run5.ndpi,Annotation (germinal_center),0.0452
KI67 1 in 200 run5.ndpi,Annotation (germinal_center),0.0401
KI67 1 in 200 run5.ndpi,Annotation (germinal_center),0.0668
KI67 1 in 200 run5.ndpi,Annotation (germinal_center),0.0901
KI67 1 in 200 run5.ndpi,Annotation (germinal_center),0.0648
KI67 1 in 200 run5.ndpi,Annotation (germinal_center),0.0506
KI67 1 in 200 run5.ndpi,Annotation (germinal_center),0.0417
KI67 1 in 200 run5.ndpi,Annotation (germinal_center),0.0626
KI67 1 in 200 run5.ndpi,Annotation (germinal_center),0.0608
KI67 1 in 200 run5.ndpi,Annotation (germinal_center),0.0641
KI67 1 in 200 run5.ndpi,Annotation (germinal_center),0.0906
KI67 1 in 200 run5.ndpi,Annotation (germinal_center),0.0685
KI67 1 in 200 run5.ndpi,Annotation (germinal_center),0.0618
KI67 1 in 200 run5.ndpi,Annotation (germinal_center),0.0647
KI67 1 in 200 run5.ndpi,Annotation (germinal_center),0.0481
KI67 1 in 200 run5.ndpi,Annotation (germinal_center),0.0582
KI67 1 in 200 run5.ndpi,Annotation (germinal_center),0.0559
KI67 1 in 200 run5.ndpi,Annotation (germinal_center),0.0525
KI67 1 in 200 run5.ndpi,Annotation (germinal_center),0.0984
KI67 1 in 200 run5.ndpi,Annotation (germinal_center),0.0664
KI67 1 in 200 run5.ndpi,Annotation (germinal_center),0.0699
KI67 1 in 200 run5.ndpi,Annotation (germinal_center),0.072
KI67 1 in 200 run5.ndpi,Annotation (germinal_center),0.0759
KI67 1 in 200 run5.ndpi,Annotation (germinal_center),0.0821
KI67 1 in 200 run5.ndpi,Annotation (germinal_center),0.0864
KI67 1 in 200 run5.ndpi,Annotation (germinal_center),0.0478
KI67 1 in 200 run5.ndpi,Annotation (germinal_center),0.064
KI67 1 in 200 run5.ndpi,Annotation (germinal_center),0.0874
KI67 1 in 200 run5.ndpi,Annotation (germinal_center),0.0899
KI67 1 in 200 run5.ndpi,Annotation (germinal_center),0.0407
KI67 1 in 200 run5.ndpi,Annotation (germinal_center),0.0491
KI67 1 in 200 run5.ndpi,Annotation (germinal_center),0.0743
KI67 1 in 200 run5.ndpi,Annotation (germinal_center),0.0827
KI67 1 in 200 run5.ndpi,Annotation (germinal_center),0.0818
KI67 1 in 200 run5.ndpi,Annotation (germinal_center),0.0757
KI67 1 in 200 run5.ndpi,Annotation (germinal_center),0.0792
KI67 1 in 200 run5.ndpi,Annotation (germinal_center),0.0406
KI67 1 in 200 run5.ndpi,Annotation (germinal_center),0.0445
KI67 1 in 200 run5.ndpi,Annotation (germinal_center),0.0639
KI67 1 in 200 run5.ndpi,Annotation (germinal_center),0.0565
KI67 1 in 200 run5.ndpi,Annotation (germinal_center),0.0738
KI67 1 in 200 run5.ndpi,Annotation (germinal_center),0.0509
KI67 1 in 200 run5.ndpi,Annotation (germinal_center),0.0549
KI67 1 in 200 run5.ndpi,Annotation (germinal_center),0.0491
KI67 1 in 200 run5.ndpi,Annotation (germinal_center),0.1238
KI67 1 in 200 run5.ndpi,Annotation (germinal_center),0.0461
KI67 1 in 200 run5.ndpi,Annotation (germinal_center),0.0459
KI67 1 in 200 run5.ndpi,Annotation (germinal_center),0.0401
KI67 1 in 200 run5.ndpi,Annotation (germinal_center),0.0366
KI67 1 in 200 run5.ndpi,Annotation (germinal_center),0.0687
KI67 1 in 200 run5.ndpi,Annotation (germinal_center),0.0654
KI67 1 in 200 run5.ndpi,Annotation (germinal_center),0.0597
KI67 1 in 200 run5.ndpi,Annotation (germinal_center),0.0645
KI67 1 in 200 run5.ndpi,Annotation (germinal_center),0.0931
KI67 1 in 200 run5.ndpi,Annotation (germinal_center),0.0595
KI67 1 in 200 run5.ndpi,Annotation (germinal_center),0.0424
KI67 1 in 200 run5.ndpi,Annotation (germinal_center),0.0591
KI67 1 in 200 run5.ndpi,Annotation (germinal_center),0.0612
KI67 1 in 200 run5.ndpi,Annotation (germinal_center),0.0699
KI67 1 in 200 run5.ndpi,Annotation (germinal_center),0.0758
KI67 1 in 200 run5.ndpi,Annotation (germinal_center),0.0522
KI67 1 in 200 run5.ndpi,Annotation (germinal_center),0.0332
KI67 1 in 200 run5.ndpi,Annotation (germinal_center),0.0905
KI67 1 in 200 run5.ndpi,Annotation (germinal_center),0.0874
KI67 1 in 200 run5.ndpi,Annotation (germinal_center),0.0429
KI67 1 in 200 run5.ndpi,Annotation (germinal_center),0.0434
KI67 1 in 200 run5.ndpi,Annotation (germinal_center),0.0336
KI67 1 in 200 run5.ndpi,Annotation (germinal_center),0.0593
KI67 1 in 200 run5.ndpi,Annotation (germinal_center),0.0784
KI67 1 in 200 run5.ndpi,Annotation (germinal_center),0.0288
KI67 1 in 200 run5.ndpi,Annotation (germinal_center),0.035
KI67 1 in 200 run5.ndpi,Annotation (germinal_center),0.0827
KI67 1 in 200 run5.ndpi,Annotation (germinal_center),0.1072
KI67 1 in 200 run5.ndpi,Annotation (germinal_center),0.0393
KI67 1 in 200 run5.ndpi,Annotation (germinal_center),0.0279
KI67 1 in 200 run5.ndpi,Annotation (germinal_center),0.0299
KI67 1 in 200 run5.ndpi,Annotation (germinal_center),0.0192
KI67 1 in 200 run5.ndpi,Annotation (germinal_center),0.0747
KI67 1 in 200 run5.ndpi,Annotation (germinal_center),0.0316
KI67 1 in 200 run5.ndpi,Annotation (germinal_center),0.0385
KI67 1 in 200 run5.ndpi,Annotation (germinal_center),0.0486
KI67 1 in 200 run5.ndpi,Annotation (germinal_center),0.035
KI67 1 in 200 run5.ndpi,Annotation (germinal_center),0.0341
KI67 1 in 200 run5.ndpi,Annotation (germinal_center),0.0588
KI67 1 in 200 run5.ndpi,Annotation (germinal_center),0.034
KI67 1 in 200 run5.ndpi,Annotation (germinal_center),0.0269
KI67 1 in 200 run5.ndpi,Annotation (germinal_center),0.0366
KI67 1 in 200 run5.ndpi,Annotation (germinal_center),0.0393
KI67 1 in 200 run5.ndpi,Annotation (germinal_center),0.0535
KI67 1 in 200 run5.ndpi,Annotation (germinal_center),0.0439
KI67 1 in 200 run5.ndpi,Annotation (germinal_center),0.0311
KI67 1 in 200 run5.ndpi,Annotation (germinal_center),0.0301
KI67 1 in 200 run5.ndpi,Annotation (germinal_center),0.1119
KI67 1 in 200 run5.ndpi,Annotation (germinal_center),0.0918
KI67 1 in 200 run5.ndpi,Annotation (germinal_center),0.0834
KI67 1 in 200 run5.ndpi,Annotation (germinal_center),0.0359
KI67 1 in 200 run5.ndpi,Annotation (germinal_center),0.08
KI67 1 in 200 run5.ndpi,Annotation (germinal_center),0.0231
KI67 1 in 200 run5.ndpi,Annotation (germinal_center),0.0549
KI67 1 in 200 run5.ndpi,Annotation (germinal_center),0.0474
KI67 1 in 200 run5.ndpi,Annotation (germinal_center),0.0314
KI67 1 in 200 run5.ndpi,Annotation (germinal_center),0.1921
KI67 1 in 200 run5.ndpi,Annotation (germinal_center),0.0784
KI67 1 in 200 run5.ndpi,Annotation (germinal_center),0.0947
KI67 1 in 200 run5.ndpi,Annotation (germinal_center),0.0242
KI67 1 in 200 run5.ndpi,Annotation (germinal_center),0.032
KI67 1 in 200 run5.ndpi,Annotation (germinal_center),0.0592
KI67 1 in 200 run5.ndpi,Annotation (germinal_center),0.0303
KI67 1 in 200 run5.ndpi,Annotation (germinal_center),0.418
KI67 1 in 200 run5.ndpi,Annotation (germinal_center),0.0478
KI67 1 in 200 run5.ndpi,Annotation (germinal_center),0.0394
KI67 1 in 200 run5.ndpi,Annotation (germinal_center),0.0507
KI67 1 in 200 run5.ndpi,Annotation (germinal_center),0.0423
KI67 1 in 200 run5.ndpi,Annotation (germinal_center),0.0521
KI67 1 in 200 run5.ndpi,Annotation (germinal_center),0.0302
KI67 1 in 200 run5.ndpi,Annotation (germinal_center),0.0573
KI67 1 in 200 run5.ndpi,Annotation (germinal_center),0.0556
KI67 1 in 200 run5.ndpi,Annotation (germinal_center),0.0573
KI67 1 in 200 run5.ndpi,Annotation (germinal_center),0.0432
KI67 1 in 200 run5.ndpi,Annotation (germinal_center),0.0572
KI67 1 in 200 run5.ndpi,Annotation (germinal_center),0.0538
KI67 1 in 200 run5.ndpi,Annotation (germinal_center),0.0419
KI67 1 in 200 run5.ndpi,Annotation (germinal_center),0.0611
KI67 1 in 200 run5.ndpi,Annotation (germinal_center),0.0282
KI67 1 in 200 run5.ndpi,Annotation (germinal_center),0.3782
KI67 1 in 200 run5.ndpi,Annotation (germinal_center),0.0322
KI67 1 in 200 run5.ndpi,Annotation (germinal_center),0.0314
KI67 1 in 200 run5.ndpi,Annotation (germinal_center),0.0518
KI67 1 in 200 run5.ndpi,Annotation (germinal_center),0.0467
KI67 1 in 200 run5.ndpi,Annotation (germinal_center),0.0635
KI67 1 in 200 run5.ndpi,Annotation (germinal_center),0.1185
KI67 1 in 200 run5.ndpi,Annotation (germinal_center),0.0724
KI67 1 in 200 run5.ndpi,Annotation (germinal_center),0.0487
KI67 1 in 200 run5.ndpi,Annotation (germinal_center),0.0444
KI67 1 in 200 run5.ndpi,Annotation (germinal_center),0.0629
KI67 1 in 200 run5.ndpi,Annotation (germinal_center),0.0764
KI67 1 in 200 run5.ndpi,Annotation (germinal_center),0.0522
KI67 1 in 200 run5.ndpi,Annotation (germinal_center),0.0559
KI67 1 in 200 run5.ndpi,Annotation (germinal_center),0.0658
KI67 1 in 200 run5.ndpi,Annotation (germinal_center),0.0466
KI67 1 in 200 run5.ndpi,Annotation (germinal_center),0.0339
KI67 1 in 200 run5.ndpi,Annotation (germinal_center),0.098
KI67 1 in 200 run5.ndpi,Annotation (germinal_center),0.0386
KI67 1 in 200 run5.ndpi,Annotation (germinal_center),0.0804
KI67 1 in 200 run5.ndpi,Annotation (germinal_center),0.0413
KI67 1 in 200 run5.ndpi,Annotation (germinal_center),0.074
KI67 1 in 200 run5.ndpi,Annotation (germinal_center),0.0429
KI67 1 in 200 run5.ndpi,Annotation (germinal_center),0.0551
KI67 1 in 200 run5.ndpi,Annotation (germinal_center),0.0458
KI67 1 in 200 run5.ndpi,Annotation (germinal_center),0.0636
KI67 1 in 200 run5.ndpi,Annotation (germinal_center),0.0439
KI67 1 in 200 run5.ndpi,Annotation (germinal_center),0.03
KI67 1 in 200 run5.ndpi,Annotation (germinal_center),0.0427
KI67 1 in 200 run5.ndpi,Annotation (germinal_center),0.0902
KI67 1 in 200 run5.ndpi,Annotation (germinal_center),0.0371
KI67 1 in 200 run5.ndpi,Annotation (germinal_center),0.0571
KI67 1 in 200 run5.ndpi,Annotation (germinal_center),0.1156
KI67 1 in 200 run5.ndpi,Annotation (germinal_center),0.058
KI67 1 in 200 run5.ndpi,Annotation (germinal_center),0.0728
KI67 1 in 200 run5.ndpi,Annotation (germinal_center),0.0407
KI67 1 in 200 run5.ndpi,Annotation (germinal_center),0.0395
KI67 1 in 200 run5.ndpi,Annotation (germinal_center),0.0624
KI67 1 in 200 run5.ndpi,Annotation (germinal_center),0.0839
KI67 1 in 200 run5.ndpi,Annotation (germinal_center),0.0495
KI67 1 in 200 run5.ndpi,Annotation (germinal_center),0.0736
KI67 1 in 200 run5.ndpi,Annotation (germinal_center),0.0501
KI67 1 in 200 run5.ndpi,Annotation (germinal_center),0.0309
KI67 1 in 200 run5.ndpi,Annotation (germinal_center),0.0544
KI67 1 in 200 run5.ndpi,Annotation (germinal_center),0.0407
KI67 1 in 200 run5.ndpi,Annotation (germinal_center),0.0674
KI67 1 in 200 run5.ndpi,Annotation (germinal_center),0.0403
KI67 1 in 200 run5.ndpi,Annotation (germinal_center),0.0363
KI67 1 in 200 run5.ndpi,Annotation (germinal_center),0.0506
KI67 1 in 200 run5.ndpi,Annotation (germinal_center),0.0775
KI67 1 in 200 run5.ndpi,Annotation (germinal_center),0.0585
KI67 1 in 200 run5.ndpi,Annotation (germinal_center),0.0462
KI67 1 in 200 run5.ndpi,Annotation (germinal_center),0.038
KI67 1 in 200 run5.ndpi,Annotation (germinal_center),0.0308
KI67 1 in 200 run5.ndpi,Annotation (germinal_center),0.0993
KI67 1 in 200 run5.ndpi,Annotation (germinal_center),0.0471
KI67 1 in 200 run5.ndpi,Annotation (germinal_center),0.0302
KI67 1 in 200 run5.ndpi,Annotation (germinal_center),0.0965
KI67 1 in 200 run5.ndpi,Annotation (germinal_center),0.0406
KI67 1 in 200 run5.ndpi,Annotation (germinal_center),0.0387
KI67 1 in 200 run5.ndpi,Annotation (germinal_center),0.0462
KI67 1 in 200 run5.ndpi,Annotation (germinal_center),0.0417
KI67 1 in 200 run5.ndpi,Annotation (germinal_center),0.0655
KI67 1 in 200 run5.ndpi,Annotation (germinal_center),0.0632
KI67 1 in 200 run5.ndpi,Annotation (germinal_center),0.0595
KI67 1 in 200 run5.ndpi,Annotation (germinal_center),0.0395
KI67 1 in 200 run5.ndpi,Annotation (germinal_center),0.033
KI67 1 in 200 run5.ndpi,Annotation (germinal_center),0.0428
KI67 1 in 200 run5.ndpi,Annotation (germinal_center),0.0684
KI67 1 in 200 run5.ndpi,Annotation (germinal_center),0.0482
KI67 1 in 200 run5.ndpi,Annotation (germinal_center),0.0508
KI67 1 in 200 run5.ndpi,Annotation (germinal_center),0.0485
KI67 1 in 200 run5.ndpi,Annotation (germinal_center),0.0527
KI67 1 in 200 run5.ndpi,Annotation (germinal_center),0.0745
KI67 1 in 200 run5.ndpi,Annotation (germinal_center),0.0826
KI67 1 in 200 run5.ndpi,Annotation (germinal_center),0.0333
KI67 1 in 200 run5.ndpi,Annotation (germinal_center),0.0513
KI67 1 in 200 run5.ndpi,Annotation (germinal_center),0.0619
KI67 1 in 200 run5.ndpi,Annotation (germinal_center),0.0434
KI67 1 in 200 run5.ndpi,Annotation (germinal_center),0.0713
KI67 1 in 200 run5.ndpi,Annotation (germinal_center),0.0637
KI67 1 in 200 run5.ndpi,Annotation (germinal_center),0.0435
KI67 1 in 200 run5.ndpi,Annotation (germinal_center),0.0445
KI67 1 in 200 run5.ndpi,Annotation (germinal_center),0.0286
KI67 1 in 200 run5.ndpi,Annotation (germinal_center),0.0514
KI67 1 in 200 run5.ndpi,Annotation (germinal_center),0.0516
KI67 1 in 200 run5.ndpi,Annotation (germinal_center),0.0278
KI67 1 in 200 run5.ndpi,Annotation (germinal_center),0.1095
KI67 1 in 200 run5.ndpi,Annotation (germinal_center),0.0731
KI67 1 in 200 run5.ndpi,Annotation (germinal_center),0.0625
KI67 1 in 200 run5.ndpi,Annotation (germinal_center),0.0678
KI67 1 in 200 run5.ndpi,Annotation (germinal_center),0.0789
KI67 1 in 200 run5.ndpi,Annotation (germinal_center),0.0388
KI67 1 in 200 run5.ndpi,Annotation (germinal_center),0.0594
KI67 1 in 200 run5.ndpi,Annotation (germinal_center),0.0412
KI67 1 in 200 run5.ndpi,Annotation (germinal_center),0.0372
KI67 1 in 200 run5.ndpi,Annotation (germinal_center),0.0422
KI67 1 in 200 run5.ndpi,Annotation (germinal_center),0.067
KI67 1 in 200 run5.ndpi,Annotation (germinal_center),0.0398
KI67 1 in 200 run5.ndpi,Annotation (germinal_center),0.0422
KI67 1 in 200 run5.ndpi,Annotation (germinal_center),0.0362
KI67 1 in 200 run5.ndpi,Annotation (germinal_center),0.05
KI67 1 in 200 run5.ndpi,Annotation (germinal_center),0.0642
KI67 1 in 200 run5.ndpi,Annotation (germinal_center),0.0534
KI67 1 in 200 run5.ndpi,Annotation (germinal_center),0.0528
KI67 1 in 200 run5.ndpi,Annotation (germinal_center),0.0407
KI67 1 in 200 run5.ndpi,Annotation (germinal_center),0.0319
KI67 1 in 200 run5.ndpi,Annotation (germinal_center),0.0572
KI67 1 in 200 run5.ndpi,Annotation (germinal_center),0.0853
KI67 1 in 200 run5.ndpi,Annotation (germinal_center),0.0456
KI67 1 in 200 run5.ndpi,Annotation (germinal_center),0.0645
KI67 1 in 200 run5.ndpi,Annotation (germinal_center),0.0385
KI67 1 in 200 run5.ndpi,Annotation (germinal_center),0.0617
KI67 1 in 200 run5.ndpi,Annotation (germinal_center),0.0558
KI67 1 in 200 run5.ndpi,Annotation (germinal_center),0.0538
KI67 1 in 200 run5.ndpi,Annotation (germinal_center),0.0598
KI67 1 in 200 run5.ndpi,Annotation (germinal_center),0.0711
KI67 1 in 200 run5.ndpi,Annotation (germinal_center),0.0656
KI67 1 in 200 run5.ndpi,Annotation (germinal_center),0.066
KI67 1 in 200 run5.ndpi,Annotation (germinal_center),0.0735
KI67 1 in 200 run5.ndpi,Annotation (germinal_center),0.0349
KI67 1 in 200 run5.ndpi,Annotation (germinal_center),0.0717
KI67 1 in 200 run5.ndpi,Annotation (germinal_center),0.0618
KI67 1 in 200 run5.ndpi,Annotation (germinal_center),0.0452
KI67 1 in 200 run5.ndpi,Annotation (germinal_center),0.0578
KI67 1 in 200 run5.ndpi,Annotation (germinal_center),0.0442
KI67 1 in 200 run5.ndpi,Annotation (germinal_center),0.062
KI67 1 in 200 run5.ndpi,Annotation (germinal_center),0.0568
KI67 1 in 200 run5.ndpi,Annotation (germinal_center),0.0849
KI67 1 in 200 run5.ndpi,Annotation (germinal_center),0.0544
KI67 1 in 200 run5.ndpi,Annotation (germinal_center),0.0596
KI67 1 in 200 run5.ndpi,Annotation (germinal_center),0.055
KI67 1 in 200 run5.ndpi,Annotation (germinal_center),0.0434
KI67 1 in 200 run5.ndpi,Annotation (germinal_center),0.0343
KI67 1 in 200 run5.ndpi,Annotation (germinal_center),0.0868
KI67 1 in 200 run5.ndpi,Annotation (germinal_center),0.0675
KI67 1 in 200 run5.ndpi,Annotation (germinal_center),0.0633
KI67 1 in 200 run5.ndpi,Annotation (germinal_center),0.0515
KI67 1 in 200 run5.ndpi,Annotation (germinal_center),0.0587
KI67 1 in 200 run5.ndpi,Annotation (germinal_center),0.058
KI67 1 in 200 run5.ndpi,Annotation (germinal_center),0.0692
KI67 1 in 200 run5.ndpi,Annotation (germinal_center),0.0565
KI67 1 in 200 run5.ndpi,Annotation (germinal_center),0.0572
KI67 1 in 200 run5.ndpi,Annotation (germinal_center),0.0485
KI67 1 in 200 run5.ndpi,Annotation (germinal_center),0.1086
KI67 1 in 200 run5.ndpi,Annotation (germinal_center),0.0569
KI67 1 in 200 run5.ndpi,Annotation (germinal_center),0.0548
KI67 1 in 200 run5.ndpi,Annotation (germinal_center),0.045
KI67 1 in 200 run5.ndpi,Annotation (germinal_center),0.0419
KI67 1 in 200 run5.ndpi,Annotation (germinal_center),0.0713
KI67 1 in 200 run5.ndpi,Annotation (germinal_center),0.0893
KI67 1 in 200 run5.ndpi,Annotation (germinal_center),0.0687
KI67 1 in 200 run5.ndpi,Annotation (germinal_center),0.0601
KI67 1 in 200 run5.ndpi,Annotation (germinal_center),0.0528
KI67 1 in 200 run5.ndpi,Annotation (germinal_center),0.052
KI67 1 in 200 run5.ndpi,Annotation (germinal_center),0.0577
KI67 1 in 200 run5.ndpi,Annotation (germinal_center),0.0509
KI67 1 in 200 run5.ndpi,Annotation (germinal_center),0.0588
KI67 1 in 200 run5.ndpi,Annotation (germinal_center),0.0391
KI67 1 in 200 run5.ndpi,Annotation (germinal_center),0.0584
KI67 1 in 200 run5.ndpi,Annotation (germinal_center),0.0488
KI67 1 in 200 run5.ndpi,Annotation (germinal_center),0.0703
KI67 1 in 200 run5.ndpi,Annotation (germinal_center),0.0378
KI67 1 in 200 run5.ndpi,Annotation (germinal_center),0.047
KI67 1 in 200 run5.ndpi,Annotation (germinal_center),0.0351
KI67 1 in 200 run5.ndpi,Annotation (germinal_center),0.0713
KI67 1 in 200 run5.ndpi,Annotation (germinal_center),0.0337
KI67 1 in 200 run5.ndpi,Annotation (germinal_center),0.0274
KI67 1 in 200 run5.ndpi,Annotation (germinal_center),0.0386
KI67 1 in 200 run5.ndpi,Annotation (germinal_center),0.0733
KI67 1 in 200 run5.ndpi,Annotation (germinal_center),0.0334
KI67 1 in 200 run5.ndpi,Annotation (germinal_center),0.0309
KI67 1 in 200 run5.ndpi,Annotation (germinal_center),0.0496
KI67 1 in 200 run5.ndpi,Annotation (germinal_center),0.0875
KI67 1 in 200 run5.ndpi,Annotation (germinal_center),0.0501
KI67 1 in 200 run5.ndpi,Annotation (germinal_center),0.0668
KI67 1 in 200 run5.ndpi,Annotation (germinal_center),0.0849
KI67 1 in 200 run5.ndpi,Annotation (germinal_center),0.0365
KI67 1 in 200 run5.ndpi,Annotation (germinal_center),0.0501
KI67 1 in 200 run5.ndpi,Annotation (germinal_center),0.0647
KI67 1 in 200 run5.ndpi,Annotation (germinal_center),0.0531
KI67 1 in 200 run5.ndpi,Annotation (germinal_center),0.0342
KI67 1 in 200 run5.ndpi,Annotation (germinal_center),0.0566
KI67 1 in 200 run5.ndpi,Annotation (germinal_center),0.043
KI67 1 in 200 run5.ndpi,Annotation (germinal_center),0.0503
KI67 1 in 200 run5.ndpi,Annotation (germinal_center),0.07
KI67 1 in 200 run5.ndpi,Annotation (germinal_center),0.0878
KI67 1 in 200 run5.ndpi,Annotation (germinal_center),0.072
KI67 1 in 200 run5.ndpi,Annotation (germinal_center),0.0314
KI67 1 in 200 run5.ndpi,Annotation (germinal_center),0.0494
KI67 1 in 200 run5.ndpi,Annotation (germinal_center),0.0988
KI67 1 in 200 run5.ndpi,Annotation (germinal_center),0.0467
KI67 1 in 200 run5.ndpi,Annotation (germinal_center),0.0895
KI67 1 in 200 run5.ndpi,Annotation (germinal_center),0.0485
KI67 1 in 200 run5.ndpi,Annotation (germinal_center),0.0667
KI67 1 in 200 run5.ndpi,Annotation (germinal_center),0.0517
KI67 1 in 200 run5.ndpi,Annotation (germinal_center),0.062
KI67 1 in 200 run5.ndpi,Annotation (germinal_center),0.0558
KI67 1 in 200 run5.ndpi,Annotation (germinal_center),0.0628
KI67 1 in 200 run5.ndpi,Annotation (germinal_center),0.0636
KI67 1 in 200 run5.ndpi,Annotation (germinal_center),0.0417
KI67 1 in 200 run5.ndpi,Annotation (germinal_center),0.0308
KI67 1 in 200 run5.ndpi,Annotation (germinal_center),0.0382
KI67 1 in 200 run5.ndpi,Annotation (germinal_center),0.0445
KI67 1 in 200 run5.ndpi,Annotation (germinal_center),0.0708
KI67 1 in 200 run5.ndpi,Annotation (germinal_center),0.0467
KI67 1 in 200 run5.ndpi,Annotation (germinal_center),0.05
KI67 1 in 200 run5.ndpi,Annotation (germinal_center),0.0363
KI67 1 in 200 run5.ndpi,Annotation (germinal_center),0.1115
KI67 1 in 200 run5.ndpi,Annotation (germinal_center),0.0393
KI67 1 in 200 run5.ndpi,Annotation (germinal_center),0.0909
KI67 1 in 200 run5.ndpi,Annotation (germinal_center),0.0731
KI67 1 in 200 run5.ndpi,Annotation (germinal_center),0.0393
KI67 1 in 200 run5.ndpi,Annotation (germinal_center),0.0891
KI67 1 in 200 run5.ndpi,Annotation (germinal_center),0.0683
KI67 1 in 200 run5.ndpi,Annotation (germinal_center),0.0564
KI67 1 in 200 run5.ndpi,Annotation (germinal_center),0.0483
KI67 1 in 200 run5.ndpi,Annotation (germinal_center),0.0563
KI67 1 in 200 run5.ndpi,Annotation (germinal_center),0.0516
KI67 1 in 200 run5.ndpi,Annotation (germinal_center),0.0435
KI67 1 in 200 run5.ndpi,Annotation (germinal_center),0.0366
KI67 1 in 200 run5.ndpi,Annotation (germinal_center),0.0434
KI67 1 in 200 run5.ndpi,Annotation (germinal_center),0.0802
KI67 1 in 200 run5.ndpi,Annotation (germinal_center),0.0552
KI67 1 in 200 run5.ndpi,Annotation (germinal_center),0.0417
KI67 1 in 200 run5.ndpi,Annotation (germinal_center),0.0481
KI67 1 in 200 run5.ndpi,Annotation (germinal_center),0.1008
KI67 1 in 200 run5.ndpi,Annotation (germinal_center),0.0807
KI67 1 in 200 run5.ndpi,Annotation (germinal_center),0.0428
KI67 1 in 200 run5.ndpi,Annotation (germinal_center),0.0463
KI67 1 in 200 run5.ndpi,Annotation (germinal_center),0.0474
KI67 1 in 200 run5.ndpi,Annotation (germinal_center),0.0723
KI67 1 in 200 run5.ndpi,Annotation (germinal_center),0.0368
KI67 1 in 200 run5.ndpi,Annotation (germinal_center),0.0444
KI67 1 in 200 run5.ndpi,Annotation (germinal_center),0.0543
KI67 1 in 200 run5.ndpi,Annotation (germinal_center),0.0382
KI67 1 in 200 run5.ndpi,Annotation (germinal_center),0.0921
KI67 1 in 200 run5.ndpi,Annotation (germinal_center),0.037
KI67 1 in 200 run5.ndpi,Annotation (germinal_center),0.0506
KI67 1 in 200 run5.ndpi,Annotation (germinal_center),0.0488
KI67 1 in 200 run5.ndpi,Annotation (germinal_center),0.0582
KI67 1 in 200 run5.ndpi,Annotation (germinal_center),0.0429
KI67 1 in 200 run5.ndpi,Annotation (germinal_center),0.0492
KI67 1 in 200 run5.ndpi,Annotation (germinal_center),0.0552
KI67 1 in 200 run5.ndpi,Annotation (germinal_center),0.047
KI67 1 in 200 run5.ndpi,Annotation (germinal_center),0.0321
KI67 1 in 200 run5.ndpi,Annotation (germinal_center),0.0485
KI67 1 in 200 run5.ndpi,Annotation (germinal_center),0.0971
KI67 1 in 200 run5.ndpi,Annotation (germinal_center),0.0343
KI67 1 in 200 run5.ndpi,Annotation (germinal_center),0.0573
KI67 1 in 200 run5.ndpi,Annotation (germinal_center),0.0381
KI67 1 in 200 run5.ndpi,Annotation (germinal_center),0.0589
KI67 1 in 200 run5.ndpi,Annotation (germinal_center),0.0654
KI67 1 in 200 run5.ndpi,Annotation (germinal_center),0.0445
KI67 1 in 200 run5.ndpi,Annotation (germinal_center),0.043
KI67 1 in 200 run5.ndpi,Annotation (germinal_center),0.0455
KI67 1 in 200 run5.ndpi,Annotation (germinal_center),0.057
KI67 1 in 200 run5.ndpi,Annotation (germinal_center),0.0575
KI67 1 in 200 run5.ndpi,Annotation (germinal_center),0.0576
KI67 1 in 200 run5.ndpi,Annotation (germinal_center),0.0464
KI67 1 in 200 run5.ndpi,Annotation (germinal_center),0.054
KI67 1 in 200 run5.ndpi,Annotation (germinal_center),0.0439
KI67 1 in 200 run5.ndpi,Annotation (germinal_center),0.0714
KI67 1 in 200 run5.ndpi,Annotation (germinal_center),0.0559
KI67 1 in 200 run5.ndpi,Annotation (germinal_center),0.0485
KI67 1 in 200 run5.ndpi,Annotation (germinal_center),0.0519
KI67 1 in 200 run5.ndpi,Annotation (germinal_center),0.0844
KI67 1 in 200 run5.ndpi,Annotation (germinal_center),0.0433
KI67 1 in 200 run5.ndpi,Annotation (germinal_center),0.0607
KI67 1 in 200 run5.ndpi,Annotation (germinal_center),0.0507
KI67 1 in 200 run5.ndpi,Annotation (germinal_center),0.0456
KI67 1 in 200 run5.ndpi,Annotation (germinal_center),0.0513
KI67 1 in 200 run5.ndpi,Annotation (germinal_center),0.0453
KI67 1 in 200 run5.ndpi,Annotation (germinal_center),0.0504
KI67 1 in 200 run5.ndpi,Annotation (germinal_center),0.054
KI67 1 in 200 run5.ndpi,Annotation (germinal_center),0.041
KI67 1 in 200 run5.ndpi,Annotation (germinal_center),0.0741
KI67 1 in 200 run5.ndpi,Annotation (germinal_center),0.0416
KI67 1 in 200 run5.ndpi,Annotation (germinal_center),0.0666
KI67 1 in 200 run5.ndpi,Annotation (germinal_center),0.0472
KI67 1 in 200 run5.ndpi,Annotation (germinal_center),0.0482
KI67 1 in 200 run5.ndpi,Annotation (germinal_center),0.0384
KI67 1 in 200 run5.ndpi,Annotation (germinal_center),0.0966
KI67 1 in 200 run5.ndpi,Annotation (germinal_center),0.0522
KI67 1 in 200 run5.ndpi,Annotation (germinal_center),0.0939
KI67 1 in 200 run5.ndpi,Annotation (germinal_center),0.0583
KI67 1 in 200 run5.ndpi,Annotation (germinal_center),0.0418
KI67 1 in 200 run5.ndpi,Annotation (germinal_center),0.0867
KI67 1 in 200 run5.ndpi,Annotation (germinal_center),0.0763
KI67 1 in 200 run5.ndpi,Annotation (germinal_center),0.0451
KI67 1 in 200 run5.ndpi,Annotation (germinal_center),0.0526
KI67 1 in 200 run5.ndpi,Annotation (germinal_center),0.0472
KI67 1 in 200 run5.ndpi,Annotation (germinal_center),0.045
KI67 1 in 200 run5.ndpi,Annotation (germinal_center),0.056
KI67 1 in 200 run5.ndpi,Annotation (germinal_center),0.0599
KI67 1 in 200 run5.ndpi,Annotation (germinal_center),0.0721
KI67 1 in 200 run5.ndpi,Annotation (germinal_center),0.0606
KI67 1 in 200 run5.ndpi,Annotation (germinal_center),0.0662
KI67 1 in 200 run5.ndpi,Annotation (germinal_center),0.0619
KI67 1 in 200 run5.ndpi,Annotation (germinal_center),0.0638
KI67 1 in 200 run5.ndpi,Annotation (germinal_center),0.0521
KI67 1 in 200 run5.ndpi,Annotation (germinal_center),0.0412
KI67 1 in 200 run5.ndpi,Annotation (germinal_center),0.0681
KI67 1 in 200 run5.ndpi,Annotation (germinal_center),0.0532
KI67 1 in 200 run5.ndpi,Annotation (germinal_center),0.0534
KI67 1 in 200 run5.ndpi,Annotation (germinal_center),0.0597
KI67 1 in 200 run5.ndpi,Annotation (germinal_center),0.0528
KI67 1 in 200 run5.ndpi,Annotation (germinal_center),0.089
KI67 1 in 200 run5.ndpi,Annotation (germinal_center),0.0442
KI67 1 in 200 run5.ndpi,Annotation (germinal_center),0.0482
KI67 1 in 200 run5.ndpi,Annotation (germinal_center),0.059
KI67 1 in 200 run5.ndpi,Annotation (germinal_center),0.0707
KI67 1 in 200 run5.ndpi,Annotation (germinal_center),0.0519
KI67 1 in 200 run5.ndpi,Annotation (germinal_center),0.0524
KI67 1 in 200 run5.ndpi,Annotation (germinal_center),0.0551
KI67 1 in 200 run5.ndpi,Annotation (germinal_center),0.0784
KI67 1 in 200 run5.ndpi,Annotation (germinal_center),0.0528
KI67 1 in 200 run5.ndpi,Annotation (germinal_center),0.0402
KI67 1 in 200 run5.ndpi,Annotation (germinal_center),0.0494
KI67 1 in 200 run5.ndpi,Annotation (germinal_center),0.0438
KI67 1 in 200 run5.ndpi,Annotation (germinal_center),0.0535
KI67 1 in 200 run5.ndpi,Annotation (germinal_center),0.0723
KI67 1 in 200 run5.ndpi,Annotation (germinal_center),0.0463
KI67 1 in 200 run5.ndpi,Annotation (germinal_center),0.0644
KI67 1 in 200 run5.ndpi,Annotation (germinal_center),0.099
KI67 1 in 200 run5.ndpi,Annotation (germinal_center),0.0754
KI67 1 in 200 run5.ndpi,Annotation (germinal_center),0.0408
KI67 1 in 200 run5.ndpi,Annotation (germinal_center),0.0481
KI67 1 in 200 run5.ndpi,Annotation (germinal_center),0.0511
KI67 1 in 200 run5.ndpi,Annotation (germinal_center),0.0571
KI67 1 in 200 run5.ndpi,Annotation (germinal_center),0.0495
KI67 1 in 200 run5.ndpi,Annotation (germinal_center),0.0569
KI67 1 in 200 run5.ndpi,Annotation (germinal_center),0.0481
KI67 1 in 200 run5.ndpi,Annotation (germinal_center),0.0411
KI67 1 in 200 run5.ndpi,Annotation (germinal_center),0.0587
KI67 1 in 200 run5.ndpi,Annotation (germinal_center),0.0313
KI67 1 in 200 run5.ndpi,Annotation (germinal_center),0.0394
KI67 1 in 200 run5.ndpi,Annotation (germinal_center),0.0527
KI67 1 in 200 run5.ndpi,Annotation (germinal_center),0.0607
KI67 1 in 200 run5.ndpi,Annotation (germinal_center),0.051
KI67 1 in 200 run5.ndpi,Annotation (germinal_center),0.041
KI67 1 in 200 run5.ndpi,Annotation (germinal_center),0.0349
KI67 1 in 200 run5.ndpi,Annotation (germinal_center),0.0438
KI67 1 in 200 run5.ndpi,Annotation (germinal_center),0.0864
KI67 1 in 200 run5.ndpi,Annotation (germinal_center),0.0396
KI67 1 in 200 run5.ndpi,Annotation (germinal_center),0.0588
KI67 1 in 200 run5.ndpi,Annotation (germinal_center),0.0387
KI67 1 in 200 run5.ndpi,Annotation (germinal_center),0.0554
KI67 1 in 200 run5.ndpi,Annotation (germinal_center),0.0473
KI67 1 in 200 run5.ndpi,Annotation (germinal_center),0.0523
KI67 1 in 200 run5.ndpi,Annotation (germinal_center),0.0586
KI67 1 in 200 run5.ndpi,Annotation (germinal_center),0.0771
KI67 1 in 200 run5.ndpi,Annotation (germinal_center),0.0363
KI67 1 in 200 run5.ndpi,Annotation (germinal_center),0.044
KI67 1 in 200 run5.ndpi,Annotation (germinal_center),0.062
KI67 1 in 200 run5.ndpi,Annotation (germinal_center),0.0461
KI67 1 in 200 run5.ndpi,Annotation (germinal_center),0.092
KI67 1 in 200 run5.ndpi,Annotation (germinal_center),0.0596
KI67 1 in 200 run5.ndpi,Annotation (germinal_center),0.0407
KI67 1 in 200 run5.ndpi,Annotation (germinal_center),0.0532
KI67 1 in 200 run5.ndpi,Annotation (germinal_center),0.0486
KI67 1 in 200 run5.ndpi,Annotation (germinal_center),0.0696
KI67 1 in 200 run5.ndpi,Annotation (germinal_center),0.0965
KI67 1 in 200 run5.ndpi,Annotation (germinal_center),0.0767
KI67 1 in 200 run5.ndpi,Annotation (germinal_center),0.0648
KI67 1 in 200 run5.ndpi,Annotation (germinal_center),0.0526
KI67 1 in 200 run5.ndpi,Annotation (germinal_center),0.0445
KI67 1 in 200 run5.ndpi,Annotation (germinal_center),0.0628
KI67 1 in 200 run5.ndpi,Annotation (germinal_center),0.0609
KI67 1 in 200 run5.ndpi,Annotation (germinal_center),0.0501
KI67 1 in 200 run5.ndpi,Annotation (germinal_center),0.034
KI67 1 in 200 run5.ndpi,Annotation (germinal_center),0.0884
KI67 1 in 200 run5.ndpi,Annotation (germinal_center),0.0559
KI67 1 in 200 run5.ndpi,Annotation (germinal_center),0.0576
KI67 1 in 200 run5.ndpi,Annotation (germinal_center),0.043
KI67 1 in 200 run5.ndpi,Annotation (germinal_center),0.0433
KI67 1 in 200 run5.ndpi,Annotation (germinal_center),0.0547
KI67 1 in 200 run5.ndpi,Annotation (germinal_center),0.0522
KI67 1 in 200 run5.ndpi,Annotation (germinal_center),0.0355
KI67 1 in 200 run5.ndpi,Annotation (germinal_center),0.08
KI67 1 in 200 run5.ndpi,Annotation (germinal_center),0.053
KI67 1 in 200 run5.ndpi,Annotation (germinal_center),0.0398
KI67 1 in 200 run5.ndpi,Annotation (germinal_center),0.1184
KI67 1 in 200 run5.ndpi,Annotation (germinal_center),0.0466
KI67 1 in 200 run5.ndpi,Annotation (germinal_center),0.0612
KI67 1 in 200 run5.ndpi,Annotation (germinal_center),0.0392
KI67 1 in 200 run5.ndpi,Annotation (germinal_center),0.0607
KI67 1 in 200 run5.ndpi,Annotation (germinal_center),0.0706
KI67 1 in 200 run5.ndpi,Annotation (germinal_center),0.0808
KI67 1 in 200 run5.ndpi,Annotation (germinal_center),0.0742
KI67 1 in 200 run5.ndpi,Annotation (germinal_center),0.0428
KI67 1 in 200 run5.ndpi,Annotation (germinal_center),0.0709
KI67 1 in 200 run5.ndpi,Annotation (germinal_center),0.0511
KI67 1 in 200 run5.ndpi,Annotation (germinal_center),0.0662
KI67 1 in 200 run5.ndpi,Annotation (germinal_center),0.0385
KI67 1 in 200 run5.ndpi,Annotation (germinal_center),0.0719
KI67 1 in 200 run5.ndpi,Annotation (germinal_center),0.0353
KI67 1 in 200 run5.ndpi,Annotation (germinal_center),0.0445
KI67 1 in 200 run5.ndpi,Annotation (germinal_center),0.0609
KI67 1 in 200 run5.ndpi,Annotation (germinal_center),0.0349
KI67 1 in 200 run5.ndpi,Annotation (germinal_center),0.0375
KI67 1 in 200 run5.ndpi,Annotation (germinal_center),0.0726
KI67 1 in 200 run5.ndpi,Annotation (germinal_center),0.0467
KI67 1 in 200 run5.ndpi,Annotation (germinal_center),0.052
KI67 1 in 200 run5.ndpi,Annotation (germinal_center),0.1064
KI67 1 in 200 run5.ndpi,Annotation (germinal_center),0.0659
KI67 1 in 200 run5.ndpi,Annotation (germinal_center),0.0566
KI67 1 in 200 run5.ndpi,Annotation (germinal_center),0.0807
KI67 1 in 200 run5.ndpi,Annotation (germinal_center),0.0363
KI67 1 in 200 run5.ndpi,Annotation (germinal_center),0.1451
KI67 1 in 200 run5.ndpi,Annotation (germinal_center),0.0374
KI67 1 in 200 run5.ndpi,Annotation (germinal_center),0.0725
KI67 1 in 200 run5.ndpi,Annotation (germinal_center),0.0406
KI67 1 in 200 run5.ndpi,Annotation (germinal_center),0.0547
KI67 1 in 200 run5.ndpi,Annotation (germinal_center),0.0726
KI67 1 in 200 run5.ndpi,Annotation (germinal_center),0.0631
KI67 1 in 200 run5.ndpi,Annotation (germinal_center),0.0849
KI67 1 in 200 run5.ndpi,Annotation (germinal_center),0.049
KI67 1 in 200 run5.ndpi,Annotation (germinal_center),0.0448
KI67 1 in 200 run5.ndpi,Annotation (germinal_center),0.0406
KI67 1 in 200 run5.ndpi,Annotation (germinal_center),0.0375
KI67 1 in 200 run5.ndpi,Annotation (germinal_center),0.0397
KI67 1 in 200 run5.ndpi,Annotation (germinal_center),0.0396
KI67 1 in 200 run5.ndpi,Annotation (germinal_center),0.0359
KI67 1 in 200 run5.ndpi,Annotation (germinal_center),0.0441
KI67 1 in 200 run5.ndpi,Annotation (germinal_center),0.0441
KI67 1 in 200 run5.ndpi,Annotation (germinal_center),0.0635
KI67 1 in 200 run5.ndpi,Annotation (germinal_center),0.0408
KI67 1 in 200 run5.ndpi,Annotation (germinal_center),0.045
KI67 1 in 200 run5.ndpi,Annotation (germinal_center),0.0571
KI67 1 in 200 run5.ndpi,Annotation (germinal_center),0.0514
KI67 1 in 200 run5.ndpi,Annotation (germinal_center),0.0378
KI67 1 in 200 run5.ndpi,Annotation (germinal_center),0.0364
KI67 1 in 200 run5.ndpi,Annotation (germinal_center),0.0553
KI67 1 in 200 run5.ndpi,Annotation (germinal_center),0.0803
KI67 1 in 200 run5.ndpi,Annotation (germinal_center),0.0473
KI67 1 in 200 run5.ndpi,Annotation (germinal_center),0.04
KI67 1 in 200 run5.ndpi,Annotation (germinal_center),0.0485
KI67 1 in 200 run5.ndpi,Annotation (germinal_center),0.0462
KI67 1 in 200 run5.ndpi,Annotation (germinal_center),0.0609
KI67 1 in 200 run5.ndpi,Annotation (germinal_center),0.047
KI67 1 in 200 run5.ndpi,Annotation (germinal_center),0.0749
KI67 1 in 200 run5.ndpi,Annotation (germinal_center),0.0716
KI67 1 in 200 run5.ndpi,Annotation (germinal_center),0.0817
KI67 1 in 200 run5.ndpi,Annotation (germinal_center),0.0335
KI67 1 in 200 run5.ndpi,Annotation (germinal_center),0.0613
KI67 1 in 200 run5.ndpi,Annotation (germinal_center),0.0803
KI67 1 in 200 run5.ndpi,Annotation (germinal_center),0.0513
KI67 1 in 200 run5.ndpi,Annotation (germinal_center),0.0833
KI67 1 in 200 run5.ndpi,Annotation (germinal_center),0.0416
KI67 1 in 200 run5.ndpi,Annotation (germinal_center),0.045
KI67 1 in 200 run5.ndpi,Annotation (germinal_center),0.0464
KI67 1 in 200 run5.ndpi,Annotation (germinal_center),0.0622
KI67 1 in 200 run5.ndpi,Annotation (germinal_center),0.045
KI67 1 in 200 run5.ndpi,Annotation (germinal_center),0.0579
KI67 1 in 200 run5.ndpi,Annotation (germinal_center),0.0769
KI67 1 in 200 run5.ndpi,Annotation (germinal_center),0.0797
KI67 1 in 200 run5.ndpi,Annotation (germinal_center),0.0584
KI67 1 in 200 run5.ndpi,Annotation (germinal_center),0.0407
KI67 1 in 200 run5.ndpi,Annotation (germinal_center),0.0618
KI67 1 in 200 run5.ndpi,Annotation (germinal_center),0.0735
KI67 1 in 200 run5.ndpi,Annotation (germinal_center),0.0519
KI67 1 in 200 run5.ndpi,Annotation (germinal_center),0.0485
KI67 1 in 200 run5.ndpi,Annotation (germinal_center),0.088
KI67 1 in 200 run5.ndpi,Annotation (germinal_center),0.0678
KI67 1 in 200 run5.ndpi,Annotation (germinal_center),0.0725
KI67 1 in 200 run5.ndpi,Annotation (germinal_center),0.0743
KI67 1 in 200 run5.ndpi,Annotation (germinal_center),0.0695
KI67 1 in 200 run5.ndpi,Annotation (germinal_center),0.057
KI67 1 in 200 run5.ndpi,Annotation (germinal_center),0.0587
KI67 1 in 200 run5.ndpi,Annotation (germinal_center),0.0453
KI67 1 in 200 run5.ndpi,Annotation (germinal_center),0.0361
KI67 1 in 200 run5.ndpi,Annotation (germinal_center),0.0502
KI67 1 in 200 run5.ndpi,Annotation (germinal_center),0.0467
KI67 1 in 200 run5.ndpi,Annotation (germinal_center),0.0475
KI67 1 in 200 run5.ndpi,Annotation (germinal_center),0.062
KI67 1 in 200 run5.ndpi,Annotation (germinal_center),0.0474
KI67 1 in 200 run5.ndpi,Annotation (germinal_center),0.0569
KI67 1 in 200 run5.ndpi,Annotation (germinal_center),0.0555
KI67 1 in 200 run5.ndpi,Annotation (germinal_center),0.0981
KI67 1 in 200 run5.ndpi,Annotation (germinal_center),0.0699
KI67 1 in 200 run5.ndpi,Annotation (germinal_center),0.0347
KI67 1 in 200 run5.ndpi,Annotation (germinal_center),0.0555
KI67 1 in 200 run5.ndpi,Annotation (germinal_center),0.1064
KI67 1 in 200 run5.ndpi,Annotation (germinal_center),0.0611
KI67 1 in 200 run5.ndpi,Annotation (germinal_center),0.0294
KI67 1 in 200 run5.ndpi,Annotation (germinal_center),0.0422
KI67 1 in 200 run5.ndpi,Annotation (germinal_center),0.0915
KI67 1 in 200 run5.ndpi,Annotation (germinal_center),0.0374
KI67 1 in 200 run5.ndpi,Annotation (germinal_center),0.0655
KI67 1 in 200 run5.ndpi,Annotation (germinal_center),0.0622
KI67 1 in 200 run5.ndpi,Annotation (germinal_center),0.0415
KI67 1 in 200 run5.ndpi,Annotation (germinal_center),0.0623
KI67 1 in 200 run5.ndpi,Annotation (germinal_center),0.0427
KI67 1 in 200 run5.ndpi,Annotation (germinal_center),0.0374
KI67 1 in 200 run5.ndpi,Annotation (germinal_center),0.0456
KI67 1 in 200 run5.ndpi,Annotation (germinal_center),0.0867
KI67 1 in 200 run5.ndpi,Annotation (germinal_center),0.06
KI67 1 in 200 run5.ndpi,Annotation (germinal_center),0.0534
KI67 1 in 200 run5.ndpi,Annotation (germinal_center),0.0576
KI67 1 in 200 run5.ndpi,Annotation (germinal_center),0.0542
KI67 1 in 200 run5.ndpi,Annotation (germinal_center),0.0448
KI67 1 in 200 run5.ndpi,Annotation (germinal_center),0.0386
KI67 1 in 200 run5.ndpi,Annotation (germinal_center),0.0402
KI67 1 in 200 run5.ndpi,Annotation (germinal_center),0.0358
KI67 1 in 200 run5.ndpi,Annotation (germinal_center),0.0326
KI67 1 in 200 run5.ndpi,Annotation (germinal_center),0.0448
KI67 1 in 200 run5.ndpi,Annotation (germinal_center),0.0407
KI67 1 in 200 run5.ndpi,Annotation (germinal_center),0.1151
KI67 1 in 200 run5.ndpi,Annotation (germinal_center),0.0576
KI67 1 in 200 run5.ndpi,Annotation (germinal_center),0.0544
KI67 1 in 200 run5.ndpi,Annotation (germinal_center),0.0499
KI67 1 in 200 run5.ndpi,Annotation (germinal_center),0.0446
KI67 1 in 200 run5.ndpi,Annotation (germinal_center),0.0586
KI67 1 in 200 run5.ndpi,Annotation (germinal_center),0.0526
KI67 1 in 200 run5.ndpi,Annotation (germinal_center),0.0679
KI67 1 in 200 run5.ndpi,Annotation (germinal_center),0.0605
KI67 1 in 200 run5.ndpi,Annotation (germinal_center),0.0602
KI67 1 in 200 run5.ndpi,Annotation (germinal_center),0.0611
KI67 1 in 200 run5.ndpi,Annotation (germinal_center),0.0523
KI67 1 in 200 run5.ndpi,Annotation (germinal_center),0.0512
KI67 1 in 200 run5.ndpi,Annotation (germinal_center),0.0543
KI67 1 in 200 run5.ndpi,Annotation (germinal_center),0.0456
KI67 1 in 200 run5.ndpi,Annotation (germinal_center),0.0772
KI67 1 in 200 run5.ndpi,Annotation (germinal_center),0.0502
KI67 1 in 200 run5.ndpi,Annotation (germinal_center),0.0465
KI67 1 in 200 run5.ndpi,Annotation (germinal_center),0.1591
KI67 1 in 200 run5.ndpi,Annotation (germinal_center),0.0952
KI67 1 in 200 run5.ndpi,Annotation (germinal_center),0.041
KI67 1 in 200 run5.ndpi,Annotation (germinal_center),0.071
KI67 1 in 200 run5.ndpi,Annotation (germinal_center),0.0509
KI67 1 in 200 run5.ndpi,Annotation (germinal_center),0.0396
KI67 1 in 200 run5.ndpi,Annotation (germinal_center),0.0736
KI67 1 in 200 run5.ndpi,Annotation (germinal_center),0.0742
KI67 1 in 200 run5.ndpi,Annotation (germinal_center),0.0492
KI67 1 in 200 run5.ndpi,Annotation (germinal_center),0.0394
KI67 1 in 200 run5.ndpi,Annotation (germinal_center),0.0482
KI67 1 in 200 run5.ndpi,Annotation (germinal_center),0.0474
KI67 1 in 200 run5.ndpi,Annotation (germinal_center),0.0399
KI67 1 in 200 run5.ndpi,Annotation (germinal_center),0.037
KI67 1 in 200 run5.ndpi,Annotation (germinal_center),0.0612
KI67 1 in 200 run5.ndpi,Annotation (germinal_center),0.04
KI67 1 in 200 run5.ndpi,Annotation (germinal_center),0.0559
KI67 1 in 200 run5.ndpi,Annotation (germinal_center),0.1083
KI67 1 in 200 run5.ndpi,Annotation (germinal_center),0.0613
KI67 1 in 200 run5.ndpi,Annotation (germinal_center),0.0487
KI67 1 in 200 run5.ndpi,Annotation (germinal_center),0.0472
KI67 1 in 200 run5.ndpi,Annotation (germinal_center),0.1012
KI67 1 in 200 run5.ndpi,Annotation (germinal_center),0.0307
KI67 1 in 200 run5.ndpi,Annotation (germinal_center),0.051
KI67 1 in 200 run5.ndpi,Annotation (germinal_center),0.0999
KI67 1 in 200 run5.ndpi,Annotation (germinal_center),0.0377
KI67 1 in 200 run5.ndpi,Annotation (germinal_center),0.0557
KI67 1 in 200 run5.ndpi,Annotation (germinal_center),0.044
KI67 1 in 200 run5.ndpi,Annotation (germinal_center),0.0626
KI67 1 in 200 run5.ndpi,Annotation (germinal_center),0.0496
KI67 1 in 200 run5.ndpi,Annotation (germinal_center),0.0295
KI67 1 in 200 run5.ndpi,Annotation (germinal_center),0.0537
KI67 1 in 200 run5.ndpi,Annotation (germinal_center),0.0523
KI67 1 in 200 run5.ndpi,Annotation (germinal_center),0.0658
KI67 1 in 200 run5.ndpi,Annotation (germinal_center),0.0824
KI67 1 in 200 run5.ndpi,Annotation (germinal_center),0.0763
KI67 1 in 200 run5.ndpi,Annotation (germinal_center),0.0363
KI67 1 in 200 run5.ndpi,Annotation (germinal_center),0.0459
KI67 1 in 200 run5.ndpi,Annotation (germinal_center),0.0451
KI67 1 in 200 run5.ndpi,Annotation (germinal_center),0.0521
KI67 1 in 200 run5.ndpi,Annotation (germinal_center),0.0359
KI67 1 in 200 run5.ndpi,Annotation (germinal_center),0.0882
KI67 1 in 200 run5.ndpi,Annotation (germinal_center),0.039
KI67 1 in 200 run5.ndpi,Annotation (germinal_center),0.0507
KI67 1 in 200 run5.ndpi,Annotation (germinal_center),0.0461
KI67 1 in 200 run5.ndpi,Annotation (germinal_center),0.0641
KI67 1 in 200 run5.ndpi,Annotation (germinal_center),0.0461
KI67 1 in 200 run5.ndpi,Annotation (germinal_center),0.086
KI67 1 in 200 run5.ndpi,Annotation (germinal_center),0.0478
KI67 1 in 200 run5.ndpi,Annotation (germinal_center),0.0471
KI67 1 in 200 run5.ndpi,Annotation (germinal_center),0.041
KI67 1 in 200 run5.ndpi,Annotation (germinal_center),0.0495
KI67 1 in 200 run5.ndpi,Annotation (germinal_center),0.0715
KI67 1 in 200 run5.ndpi,Annotation (germinal_center),0.0707
KI67 1 in 200 run5.ndpi,Annotation (germinal_center),0.0663
KI67 1 in 200 run5.ndpi,Annotation (germinal_center),0.0604
KI67 1 in 200 run5.ndpi,Annotation (germinal_center),0.0502
KI67 1 in 200 run5.ndpi,Annotation (germinal_center),0.0699
KI67 1 in 200 run5.ndpi,Annotation (germinal_center),0.0767
KI67 1 in 200 run5.ndpi,Annotation (germinal_center),0.0521
KI67 1 in 200 run5.ndpi,Annotation (germinal_center),0.0456
KI67 1 in 200 run5.ndpi,Annotation (germinal_center),0.0688
KI67 1 in 200 run5.ndpi,Annotation (germinal_center),0.0758
KI67 1 in 200 run5.ndpi,Annotation (germinal_center),0.0654
KI67 1 in 200 run5.ndpi,Annotation (germinal_center),0.0471
KI67 1 in 200 run5.ndpi,Annotation (germinal_center),0.0762
KI67 1 in 200 run5.ndpi,Annotation (germinal_center),0.0387
KI67 1 in 200 run5.ndpi,Annotation (germinal_center),0.0699
KI67 1 in 200 run5.ndpi,Annotation (germinal_center),0.0667
KI67 1 in 200 run5.ndpi,Annotation (germinal_center),0.0453
KI67 1 in 200 run5.ndpi,Annotation (germinal_center),0.0511
KI67 1 in 200 run5.ndpi,Annotation (germinal_center),0.0433
KI67 1 in 200 run5.ndpi,Annotation (germinal_center),0.0439
KI67 1 in 200 run5.ndpi,Annotation (germinal_center),0.0644
KI67 1 in 200 run5.ndpi,Annotation (germinal_center),0.0514
KI67 1 in 200 run5.ndpi,Annotation (germinal_center),0.2295
KI67 1 in 200 run5.ndpi,Annotation (germinal_center),0.0522
KI67 1 in 200 run5.ndpi,Annotation (germinal_center),0.0563
KI67 1 in 200 run5.ndpi,Annotation (germinal_center),0.0855
KI67 1 in 200 run5.ndpi,Annotation (germinal_center),0.0644
KI67 1 in 200 run5.ndpi,Annotation (germinal_center),0.0454
KI67 1 in 200 run5.ndpi,Annotation (germinal_center),0.0427
KI67 1 in 200 run5.ndpi,Annotation (germinal_center),0.0493
KI67 1 in 200 run5.ndpi,Annotation (germinal_center),0.0624
KI67 1 in 200 run5.ndpi,Annotation (germinal_center),0.0379
KI67 1 in 200 run5.ndpi,Annotation (germinal_center),0.0597
KI67 1 in 200 run5.ndpi,Annotation (germinal_center),0.077
KI67 1 in 200 run5.ndpi,Annotation (germinal_center),0.0424
KI67 1 in 200 run5.ndpi,Annotation (germinal_center),0.0385
KI67 1 in 200 run5.ndpi,Annotation (germinal_center),0.0868
KI67 1 in 200 run5.ndpi,Annotation (germinal_center),0.0495
KI67 1 in 200 run5.ndpi,Annotation (germinal_center),0.0967
KI67 1 in 200 run5.ndpi,Annotation (germinal_center),0.0553
KI67 1 in 200 run5.ndpi,Annotation (germinal_center),0.0652
KI67 1 in 200 run5.ndpi,Annotation (germinal_center),0.0528
KI67 1 in 200 run5.ndpi,Annotation (germinal_center),0.0606
KI67 1 in 200 run5.ndpi,Annotation (germinal_center),0.0411
KI67 1 in 200 run5.ndpi,Annotation (germinal_center),0.0626
KI67 1 in 200 run5.ndpi,Annotation (germinal_center),0.0465
KI67 1 in 200 run5.ndpi,Annotation (germinal_center),0.0459
KI67 1 in 200 run5.ndpi,Annotation (germinal_center),0.0419
KI67 1 in 200 run5.ndpi,Annotation (germinal_center),0.0465
KI67 1 in 200 run5.ndpi,Annotation (germinal_center),0.0551
KI67 1 in 200 run5.ndpi,Annotation (germinal_center),0.046
KI67 1 in 200 run5.ndpi,Annotation (germinal_center),0.047
KI67 1 in 200 run5.ndpi,Annotation (germinal_center),0.0563
KI67 1 in 200 run5.ndpi,Annotation (germinal_center),0.0321
KI67 1 in 200 run5.ndpi,Annotation (germinal_center),0.04
KI67 1 in 200 run5.ndpi,Annotation (germinal_center),0.062
KI67 1 in 200 run5.ndpi,Annotation (germinal_center),0.0741
KI67 1 in 200 run5.ndpi,Annotation (germinal_center),0.0405
KI67 1 in 200 run5.ndpi,Annotation (germinal_center),0.0754
KI67 1 in 200 run5.ndpi,Annotation (germinal_center),0.0436
KI67 1 in 200 run5.ndpi,Annotation (germinal_center),0.0374
KI67 1 in 200 run5.ndpi,Annotation (germinal_center),0.0514
KI67 1 in 200 run5.ndpi,Annotation (germinal_center),0.0771
KI67 1 in 200 run5.ndpi,Annotation (germinal_center),0.0612
KI67 1 in 200 run5.ndpi,Annotation (germinal_center),0.0464
KI67 1 in 200 run5.ndpi,Annotation (germinal_center),0.0723
KI67 1 in 200 run5.ndpi,Annotation (germinal_center),0.0513
KI67 1 in 200 run5.ndpi,Annotation (germinal_center),0.0671
KI67 1 in 200 run5.ndpi,Annotation (germinal_center),0.0687
KI67 1 in 200 run5.ndpi,Annotation (germinal_center),0.0392
KI67 1 in 200 run5.ndpi,Annotation (germinal_center),0.0475
KI67 1 in 200 run5.ndpi,Annotation (germinal_center),0.0394
KI67 1 in 200 run5.ndpi,Annotation (germinal_center),0.0827
KI67 1 in 200 run5.ndpi,Annotation (germinal_center),0.045
KI67 1 in 200 run5.ndpi,Annotation (germinal_center),0.2687
KI67 1 in 200 run5.ndpi,Annotation (germinal_center),0.0456
KI67 1 in 200 run5.ndpi,Annotation (germinal_center),0.086
KI67 1 in 200 run5.ndpi,Annotation (germinal_center),0.037
KI67 1 in 200 run5.ndpi,Annotation (germinal_center),0.0653
KI67 1 in 200 run5.ndpi,Annotation (germinal_center),0.0402
KI67 1 in 200 run5.ndpi,Annotation (germinal_center),0.1131
KI67 1 in 200 run5.ndpi,Annotation (germinal_center),0.0524
KI67 1 in 200 run5.ndpi,Annotation (germinal_center),0.066
KI67 1 in 200 run5.ndpi,Annotation (germinal_center),0.0342
KI67 1 in 200 run5.ndpi,Annotation (germinal_center),0.0586
KI67 1 in 200 run5.ndpi,Annotation (germinal_center),0.0449
KI67 1 in 200 run5.ndpi,Annotation (germinal_center),0.0709
KI67 1 in 200 run5.ndpi,Annotation (germinal_center),0.0404
KI67 1 in 200 run5.ndpi,Annotation (germinal_center),0.0678
KI67 1 in 200 run5.ndpi,Annotation (germinal_center),0.0679
KI67 1 in 200 run5.ndpi,Annotation (germinal_center),0.0527
KI67 1 in 200 run5.ndpi,Annotation (germinal_center),0.0507
KI67 1 in 200 run5.ndpi,Annotation (germinal_center),0.0597
KI67 1 in 200 run5.ndpi,Annotation (germinal_center),0.0516
KI67 1 in 200 run5.ndpi,Annotation (germinal_center),0.0423
KI67 1 in 200 run5.ndpi,Annotation (germinal_center),0.0602
KI67 1 in 200 run5.ndpi,Annotation (germinal_center),0.0421
KI67 1 in 200 run5.ndpi,Annotation (germinal_center),0.0433
KI67 1 in 200 run5.ndpi,Annotation (germinal_center),0.0339
KI67 1 in 200 run5.ndpi,Annotation (germinal_center),0.0574
KI67 1 in 200 run5.ndpi,Annotation (germinal_center),0.0668
KI67 1 in 200 run5.ndpi,Annotation (germinal_center),0.0656
KI67 1 in 200 run5.ndpi,Annotation (germinal_center),0.0531
KI67 1 in 200 run5.ndpi,Annotation (germinal_center),0.0578
KI67 1 in 200 run5.ndpi,Annotation (germinal_center),0.0538
KI67 1 in 200 run5.ndpi,Annotation (germinal_center),0.0812
KI67 1 in 200 run5.ndpi,Annotation (germinal_center),0.0479
KI67 1 in 200 run5.ndpi,Annotation (germinal_center),0.0416
KI67 1 in 200 run5.ndpi,Annotation (germinal_center),0.0676
KI67 1 in 200 run5.ndpi,Annotation (germinal_center),0.045
KI67 1 in 200 run5.ndpi,Annotation (germinal_center),0.0418
KI67 1 in 200 run5.ndpi,Annotation (germinal_center),0.0307
KI67 1 in 200 run5.ndpi,Annotation (germinal_center),0.0489
KI67 1 in 200 run5.ndpi,Annotation (germinal_center),0.0616
KI67 1 in 200 run5.ndpi,Annotation (germinal_center),0.0638
KI67 1 in 200 run5.ndpi,Annotation (germinal_center),0.0454
KI67 1 in 200 run5.ndpi,Annotation (germinal_center),0.0521
KI67 1 in 200 run5.ndpi,Annotation (germinal_center),0.0515
KI67 1 in 200 run5.ndpi,Annotation (germinal_center),0.0583
KI67 1 in 200 run5.ndpi,Annotation (germinal_center),0.0342
KI67 1 in 200 run5.ndpi,Annotation (germinal_center),0.0739
KI67 1 in 200 run5.ndpi,Annotation (germinal_center),0.1047
KI67 1 in 200 run5.ndpi,Annotation (germinal_center),0.0372
KI67 1 in 200 run5.ndpi,Annotation (germinal_center),0.0417
KI67 1 in 200 run5.ndpi,Annotation (germinal_center),0.0438
KI67 1 in 200 run5.ndpi,Annotation (germinal_center),0.0475
KI67 1 in 200 run5.ndpi,Annotation (germinal_center),0.0469
KI67 1 in 200 run5.ndpi,Annotation (germinal_center),0.0568
KI67 1 in 200 run5.ndpi,Annotation (germinal_center),0.0653
KI67 1 in 200 run5.ndpi,Annotation (germinal_center),0.0532
KI67 1 in 200 run5.ndpi,Annotation (germinal_center),0.0994
KI67 1 in 200 run5.ndpi,Annotation (germinal_center),0.041
KI67 1 in 200 run5.ndpi,Annotation (germinal_center),0.0547
KI67 1 in 200 run5.ndpi,Annotation (germinal_center),0.0552
KI67 1 in 200 run5.ndpi,Annotation (germinal_center),0.037
KI67 1 in 200 run5.ndpi,Annotation (germinal_center),0.0395
KI67 1 in 200 run5.ndpi,Annotation (germinal_center),0.0546
KI67 1 in 200 run5.ndpi,Annotation (germinal_center),0.0587
KI67 1 in 200 run5.ndpi,Annotation (germinal_center),0.0456
KI67 1 in 200 run5.ndpi,Annotation (germinal_center),0.075
KI67 1 in 200 run5.ndpi,Annotation (germinal_center),0.0331
KI67 1 in 200 run5.ndpi,Annotation (germinal_center),0.0419
KI67 1 in 200 run5.ndpi,Annotation (germinal_center),0.0447
KI67 1 in 200 run5.ndpi,Annotation (germinal_center),0.0462
KI67 1 in 200 run5.ndpi,Annotation (germinal_center),0.0711
KI67 1 in 200 run5.ndpi,Annotation (germinal_center),0.0476
KI67 1 in 200 run5.ndpi,Annotation (germinal_center),0.0361
KI67 1 in 200 run5.ndpi,Annotation (germinal_center),0.0514
KI67 1 in 200 run5.ndpi,Annotation (germinal_center),0.0539
KI67 1 in 200 run5.ndpi,Annotation (germinal_center),0.0465
KI67 1 in 200 run5.ndpi,Annotation (germinal_center),0.0749
KI67 1 in 200 run5.ndpi,Annotation (germinal_center),0.0569
KI67 1 in 200 run5.ndpi,Annotation (germinal_center),0.0662
KI67 1 in 200 run5.ndpi,Annotation (germinal_center),0.0522
KI67 1 in 200 run5.ndpi,Annotation (germinal_center),0.0801
KI67 1 in 200 run5.ndpi,Annotation (germinal_center),0.036
KI67 1 in 200 run5.ndpi,Annotation (germinal_center),0.0466
KI67 1 in 200 run5.ndpi,Annotation (germinal_center),0.0383
KI67 1 in 200 run5.ndpi,Annotation (germinal_center),0.0852
KI67 1 in 200 run5.ndpi,Annotation (germinal_center),0.0524
KI67 1 in 200 run5.ndpi,Annotation (germinal_center),0.0482
KI67 1 in 200 run5.ndpi,Annotation (germinal_center),0.0462
KI67 1 in 200 run5.ndpi,Annotation (germinal_center),0.056
KI67 1 in 200 run5.ndpi,Annotation (germinal_center),0.0623
KI67 1 in 200 run5.ndpi,Annotation (germinal_center),0.0518
KI67 1 in 200 run5.ndpi,Annotation (germinal_center),0.079
KI67 1 in 200 run5.ndpi,Annotation (germinal_center),0.0828
KI67 1 in 200 run5.ndpi,Annotation (germinal_center),0.0462
KI67 1 in 200 run5.ndpi,Annotation (germinal_center),0.0635
KI67 1 in 200 run5.ndpi,Annotation (germinal_center),0.0606
KI67 1 in 200 run5.ndpi,Annotation (germinal_center),0.0269
KI67 1 in 200 run5.ndpi,Annotation (germinal_center),0.0398
KI67 1 in 200 run5.ndpi,Annotation (germinal_center),0.0423
KI67 1 in 200 run5.ndpi,Annotation (germinal_center),0.0454
KI67 1 in 200 run5.ndpi,Annotation (germinal_center),0.0388
KI67 1 in 200 run5.ndpi,Annotation (germinal_center),0.0625
KI67 1 in 200 run5.ndpi,Annotation (germinal_center),0.0478
KI67 1 in 200 run5.ndpi,Annotation (germinal_center),0.0726
KI67 1 in 200 run5.ndpi,Annotation (germinal_center),0.0397
KI67 1 in 200 run5.ndpi,Annotation (germinal_center),0.0582
KI67 1 in 200 run5.ndpi,Annotation (germinal_center),0.0534
KI67 1 in 200 run5.ndpi,Annotation (germinal_center),0.0359
KI67 1 in 200 run5.ndpi,Annotation (germinal_center),0.0844
KI67 1 in 200 run5.ndpi,Annotation (germinal_center),0.0839
KI67 1 in 200 run5.ndpi,Annotation (germinal_center),0.0792
KI67 1 in 200 run5.ndpi,Annotation (germinal_center),0.0698
KI67 1 in 200 run5.ndpi,Annotation (germinal_center),0.0643
KI67 1 in 200 run5.ndpi,Annotation (germinal_center),0.0371
KI67 1 in 200 run5.ndpi,Annotation (germinal_center),0.0421
KI67 1 in 200 run5.ndpi,Annotation (germinal_center),0.0569
KI67 1 in 200 run5.ndpi,Annotation (germinal_center),0.0561
KI67 1 in 200 run5.ndpi,Annotation (germinal_center),0.0715
KI67 1 in 200 run5.ndpi,Annotation (germinal_center),0.0302
KI67 1 in 200 run5.ndpi,Annotation (germinal_center),0.0448
KI67 1 in 200 run5.ndpi,Annotation (germinal_center),0.0457
KI67 1 in 200 run5.ndpi,Annotation (germinal_center),0.0668
KI67 1 in 200 run5.ndpi,Annotation (germinal_center),0.0737
KI67 1 in 200 run5.ndpi,Annotation (germinal_center),0.0401
KI67 1 in 200 run5.ndpi,Annotation (germinal_center),0.0405
KI67 1 in 200 run5.ndpi,Annotation (germinal_center),0.0748
KI67 1 in 200 run5.ndpi,Annotation (germinal_center),0.0418
KI67 1 in 200 run5.ndpi,Annotation (germinal_center),0.0433
KI67 1 in 200 run5.ndpi,Annotation (germinal_center),0.0595
KI67 1 in 200 run5.ndpi,Annotation (germinal_center),0.0583
KI67 1 in 200 run5.ndpi,Annotation (germinal_center),0.0763
KI67 1 in 200 run5.ndpi,Annotation (germinal_center),0.0658
KI67 1 in 200 run5.ndpi,Annotation (germinal_center),0.0638
KI67 1 in 200 run5.ndpi,Annotation (germinal_center),0.0377
KI67 1 in 200 run5.ndpi,Annotation (germinal_center),0.0336
KI67 1 in 200 run5.ndpi,Annotation (germinal_center),0.0638
KI67 1 in 200 run5.ndpi,Annotation (germinal_center),0.0433
KI67 1 in 200 run5.ndpi,Annotation (germinal_center),0.0409
KI67 1 in 200 run5.ndpi,Annotation (germinal_center),0.0625
KI67 1 in 200 run5.ndpi,Annotation (germinal_center),0.0629
KI67 1 in 200 run5.ndpi,Annotation (germinal_center),0.0707
KI67 1 in 200 run5.ndpi,Annotation (germinal_center),0.0226
KI67 1 in 200 run5.ndpi,Annotation (germinal_center),0.0849
KI67 1 in 200 run5.ndpi,Annotation (germinal_center),0.0323
KI67 1 in 200 run5.ndpi,Annotation (germinal_center),0.0492
KI67 1 in 200 run5.ndpi,Annotation (germinal_center),0.0486
KI67 1 in 200 run5.ndpi,Annotation (germinal_center),0.091
KI67 1 in 200 run5.ndpi,Annotation (germinal_center),0.0458
KI67 1 in 200 run5.ndpi,Annotation (germinal_center),0.037
KI67 1 in 200 run5.ndpi,Annotation (germinal_center),0.0596
KI67 1 in 200 run5.ndpi,Annotation (germinal_center),0.0404
KI67 1 in 200 run5.ndpi,Annotation (germinal_center),0.098
KI67 1 in 200 run5.ndpi,Annotation (germinal_center),0.0403
KI67 1 in 200 run5.ndpi,Annotation (germinal_center),0.0402
KI67 1 in 200 run5.ndpi,Annotation (germinal_center),0.0388
KI67 1 in 200 run5.ndpi,Annotation (germinal_center),0.0453
KI67 1 in 200 run5.ndpi,Annotation (germinal_center),0.0369
KI67 1 in 200 run5.ndpi,Annotation (germinal_center),0.061
KI67 1 in 200 run5.ndpi,Annotation (germinal_center),0.0548
KI67 1 in 200 run5.ndpi,Annotation (germinal_center),0.0615
KI67 1 in 200 run5.ndpi,Annotation (germinal_center),0.0399
KI67 1 in 200 run5.ndpi,Annotation (germinal_center),0.036
KI67 1 in 200 run5.ndpi,Annotation (germinal_center),0.0515
KI67 1 in 200 run5.ndpi,Annotation (germinal_center),0.0469
KI67 1 in 200 run5.ndpi,Annotation (germinal_center),0.0369
KI67 1 in 200 run5.ndpi,Annotation (germinal_center),0.0823
KI67 1 in 200 run5.ndpi,Annotation (germinal_center),0.0481
KI67 1 in 200 run5.ndpi,Annotation (germinal_center),0.0448
KI67 1 in 200 run5.ndpi,Annotation (germinal_center),0.0461
KI67 1 in 200 run5.ndpi,Annotation (germinal_center),0.0772
KI67 1 in 200 run5.ndpi,Annotation (germinal_center),0.092
KI67 1 in 200 run5.ndpi,Annotation (germinal_center),0.0426
KI67 1 in 200 run5.ndpi,Annotation (germinal_center),0.0336
KI67 1 in 200 run5.ndpi,Annotation (germinal_center),0.0355
KI67 1 in 200 run5.ndpi,Annotation (germinal_center),0.0394
KI67 1 in 200 run5.ndpi,Annotation (germinal_center),0.0578
KI67 1 in 200 run5.ndpi,Annotation (germinal_center),0.0518
KI67 1 in 200 run5.ndpi,Annotation (germinal_center),0.0453
KI67 1 in 200 run5.ndpi,Annotation (germinal_center),0.0509
KI67 1 in 200 run5.ndpi,Annotation (germinal_center),0.0487
KI67 1 in 200 run5.ndpi,Annotation (germinal_center),0.0652
KI67 1 in 200 run5.ndpi,Annotation (germinal_center),0.0396
KI67 1 in 200 run5.ndpi,Annotation (germinal_center),0.0344
KI67 1 in 200 run5.ndpi,Annotation (germinal_center),0.1252
KI67 1 in 200 run5.ndpi,Annotation (germinal_center),0.0655
KI67 1 in 200 run5.ndpi,Annotation (germinal_center),0.0423
KI67 1 in 200 run5.ndpi,Annotation (germinal_center),0.0862
KI67 1 in 200 run5.ndpi,Annotation (germinal_center),0.0847
KI67 1 in 200 run5.ndpi,Annotation (germinal_center),0.0219
KI67 1 in 200 run5.ndpi,Annotation (germinal_center),0.048
KI67 1 in 200 run5.ndpi,Annotation (germinal_center),0.0788
KI67 1 in 200 run5.ndpi,Annotation (germinal_center),0.0796
KI67 1 in 200 run5.ndpi,Annotation (germinal_center),0.0505
KI67 1 in 200 run5.ndpi,Annotation (germinal_center),0.0424
KI67 1 in 200 run5.ndpi,Annotation (germinal_center),0.048
KI67 1 in 200 run5.ndpi,Annotation (germinal_center),0.051
KI67 1 in 200 run5.ndpi,Annotation (germinal_center),0.0463
KI67 1 in 200 run5.ndpi,Annotation (germinal_center),0.0678
KI67 1 in 200 run5.ndpi,Annotation (germinal_center),0.0707
KI67 1 in 200 run5.ndpi,Annotation (germinal_center),0.0602
KI67 1 in 200 run5.ndpi,Annotation (germinal_center),0.0543
KI67 1 in 200 run5.ndpi,Annotation (germinal_center),0.0829
KI67 1 in 200 run5.ndpi,Annotation (germinal_center),0.0564
KI67 1 in 200 run5.ndpi,Annotation (germinal_center),0.048
KI67 1 in 200 run5.ndpi,Annotation (germinal_center),0.0643
KI67 1 in 200 run5.ndpi,Annotation (germinal_center),0.0464
KI67 1 in 200 run5.ndpi,Annotation (germinal_center),0.0667
KI67 1 in 200 run5.ndpi,Annotation (germinal_center),0.0459
KI67 1 in 200 run5.ndpi,Annotation (germinal_center),0.0724
KI67 1 in 200 run5.ndpi,Annotation (germinal_center),0.0574
KI67 1 in 200 run5.ndpi,Annotation (germinal_center),0.0364
KI67 1 in 200 run5.ndpi,Annotation (germinal_center),0.0423
KI67 1 in 200 run5.ndpi,Annotation (germinal_center),0.098
KI67 1 in 200 run5.ndpi,Annotation (germinal_center),0.0491
KI67 1 in 200 run5.ndpi,Annotation (germinal_center),0.0448
KI67 1 in 200 run5.ndpi,Annotation (germinal_center),0.0657
KI67 1 in 200 run5.ndpi,Annotation (germinal_center),0.0633
KI67 1 in 200 run5.ndpi,Annotation (germinal_center),0.0457
KI67 1 in 200 run5.ndpi,Annotation (germinal_center),0.0615
KI67 1 in 200 run5.ndpi,Annotation (germinal_center),0.0972
KI67 1 in 200 run5.ndpi,Annotation (germinal_center),0.039
KI67 1 in 200 run5.ndpi,Annotation (germinal_center),0.0615
KI67 1 in 200 run5.ndpi,Annotation (germinal_center),0.0437
KI67 1 in 200 run5.ndpi,Annotation (germinal_center),0.064
KI67 1 in 200 run5.ndpi,Annotation (germinal_center),0.0341
KI67 1 in 200 run5.ndpi,Annotation (germinal_center),0.0536
KI67 1 in 200 run5.ndpi,Annotation (germinal_center),0.0613
KI67 1 in 200 run5.ndpi,Annotation (germinal_center),0.0707
KI67 1 in 200 run5.ndpi,Annotation (germinal_center),0.0546
KI67 1 in 200 run5.ndpi,Annotation (germinal_center),0.0453
KI67 1 in 200 run5.ndpi,Annotation (germinal_center),0.0395
KI67 1 in 200 run5.ndpi,Annotation (germinal_center),0.0453
KI67 1 in 200 run5.ndpi,Annotation (germinal_center),0.0347
KI67 1 in 200 run5.ndpi,Annotation (germinal_center),0.0418
KI67 1 in 200 run5.ndpi,Annotation (germinal_center),0.0448
KI67 1 in 200 run5.ndpi,Annotation (germinal_center),0.0835
KI67 1 in 200 run5.ndpi,Annotation (germinal_center),0.0286
KI67 1 in 200 run5.ndpi,Annotation (germinal_center),0.07
KI67 1 in 200 run5.ndpi,Annotation (germinal_center),0.0436
KI67 1 in 200 run5.ndpi,Annotation (germinal_center),0.0442
KI67 1 in 200 run5.ndpi,Annotation (germinal_center),0.049
KI67 1 in 200 run5.ndpi,Annotation (germinal_center),0.0374
KI67 1 in 200 run5.ndpi,Annotation (germinal_center),0.0496
KI67 1 in 200 run5.ndpi,Annotation (germinal_center),0.0612
KI67 1 in 200 run5.ndpi,Annotation (germinal_center),0.0351
KI67 1 in 200 run5.ndpi,Annotation (germinal_center),0.0687
KI67 1 in 200 run5.ndpi,Annotation (germinal_center),0.0507
KI67 1 in 200 run5.ndpi,Annotation (germinal_center),0.0869
KI67 1 in 200 run5.ndpi,Annotation (germinal_center),0.0626
KI67 1 in 200 run5.ndpi,Annotation (germinal_center),0.0551
KI67 1 in 200 run5.ndpi,Annotation (germinal_center),0.0664
KI67 1 in 200 run5.ndpi,Annotation (germinal_center),0.0811
KI67 1 in 200 run5.ndpi,Annotation (germinal_center),0.0433
KI67 1 in 200 run5.ndpi,Annotation (germinal_center),0.072
KI67 1 in 200 run5.ndpi,Annotation (germinal_center),0.0438
KI67 1 in 200 run5.ndpi,Annotation (germinal_center),0.0716
KI67 1 in 200 run5.ndpi,Annotation (germinal_center),0.0446
KI67 1 in 200 run5.ndpi,Annotation (germinal_center),0.0565
KI67 1 in 200 run5.ndpi,Annotation (germinal_center),0.0709
KI67 1 in 200 run5.ndpi,Annotation (germinal_center),0.03
KI67 1 in 200 run5.ndpi,Annotation (germinal_center),0.0417
KI67 1 in 200 run5.ndpi,Annotation (germinal_center),0.0558
KI67 1 in 200 run5.ndpi,Annotation (germinal_center),0.0495
KI67 1 in 200 run5.ndpi,Annotation (germinal_center),0.0326
KI67 1 in 200 run5.ndpi,Annotation (germinal_center),0.0468
KI67 1 in 200 run5.ndpi,Annotation (germinal_center),0.0395
KI67 1 in 200 run5.ndpi,Annotation (germinal_center),0.0442
KI67 1 in 200 run5.ndpi,Annotation (germinal_center),0.064
KI67 1 in 200 run5.ndpi,Annotation (germinal_center),0.106
KI67 1 in 200 run5.ndpi,Annotation (germinal_center),0.0477
KI67 1 in 200 run5.ndpi,Annotation (germinal_center),0.0381
KI67 1 in 200 run5.ndpi,Annotation (germinal_center),0.0312
KI67 1 in 200 run5.ndpi,Annotation (germinal_center),0.0711
KI67 1 in 200 run5.ndpi,Annotation (germinal_center),0.0562
KI67 1 in 200 run5.ndpi,Annotation (germinal_center),0.0745
KI67 1 in 200 run5.ndpi,Annotation (germinal_center),0.0678
KI67 1 in 200 run5.ndpi,Annotation (germinal_center),0.0498
KI67 1 in 200 run5.ndpi,Annotation (germinal_center),0.0666
KI67 1 in 200 run5.ndpi,Annotation (germinal_center),0.0446
KI67 1 in 200 run5.ndpi,Annotation (germinal_center),0.073
KI67 1 in 200 run5.ndpi,Annotation (germinal_center),0.0449
KI67 1 in 200 run5.ndpi,Annotation (germinal_center),0.0609
KI67 1 in 200 run5.ndpi,Annotation (germinal_center),0.0339
KI67 1 in 200 run5.ndpi,Annotation (germinal_center),0.033
KI67 1 in 200 run5.ndpi,Annotation (germinal_center),0.06
KI67 1 in 200 run5.ndpi,Annotation (germinal_center),0.0434
KI67 1 in 200 run5.ndpi,Annotation (germinal_center),0.0358
KI67 1 in 200 run5.ndpi,Annotation (germinal_center),0.0559
KI67 1 in 200 run5.ndpi,Annotation (germinal_center),0.0509
KI67 1 in 200 run5.ndpi,Annotation (germinal_center),0.0393
KI67 1 in 200 run5.ndpi,Annotation (germinal_center),0.0539
KI67 1 in 200 run5.ndpi,Annotation (germinal_center),0.054
KI67 1 in 200 run5.ndpi,Annotation (germinal_center),0.0643
KI67 1 in 200 run5.ndpi,Annotation (germinal_center),0.0521
KI67 1 in 200 run5.ndpi,Annotation (germinal_center),0.0541
KI67 1 in 200 run5.ndpi,Annotation (germinal_center),0.0383
KI67 1 in 200 run5.ndpi,Annotation (germinal_center),0.032
KI67 1 in 200 run5.ndpi,Annotation (germinal_center),0.0488
KI67 1 in 200 run5.ndpi,Annotation (germinal_center),0.0551
KI67 1 in 200 run5.ndpi,Annotation (germinal_center),0.0341
KI67 1 in 200 run5.ndpi,Annotation (germinal_center),0.0442
KI67 1 in 200 run5.ndpi,Annotation (germinal_center),0.0512
KI67 1 in 200 run5.ndpi,Annotation (germinal_center),0.079
KI67 1 in 200 run5.ndpi,Annotation (germinal_center),0.0564
KI67 1 in 200 run5.ndpi,Annotation (germinal_center),0.0632
KI67 1 in 200 run5.ndpi,Annotation (germinal_center),0.0528
KI67 1 in 200 run5.ndpi,Annotation (germinal_center),0.0412
KI67 1 in 200 run5.ndpi,Annotation (germinal_center),0.0699
KI67 1 in 200 run5.ndpi,Annotation (germinal_center),0.0572
KI67 1 in 200 run5.ndpi,Annotation (germinal_center),0.0576
KI67 1 in 200 run5.ndpi,Annotation (germinal_center),0.0368
KI67 1 in 200 run5.ndpi,Annotation (germinal_center),0.1039
KI67 1 in 200 run5.ndpi,Annotation (germinal_center),0.0408
KI67 1 in 200 run5.ndpi,Annotation (germinal_center),0.0632
KI67 1 in 200 run5.ndpi,Annotation (germinal_center),0.0397
KI67 1 in 200 run5.ndpi,Annotation (germinal_center),0.0768
KI67 1 in 200 run5.ndpi,Annotation (germinal_center),0.0806
KI67 1 in 200 run5.ndpi,Annotation (germinal_center),0.0708
KI67 1 in 200 run5.ndpi,Annotation (germinal_center),0.0578
KI67 1 in 200 run5.ndpi,Annotation (germinal_center),0.044
KI67 1 in 200 run5.ndpi,Annotation (germinal_center),0.0484
KI67 1 in 200 run5.ndpi,Annotation (germinal_center),0.0402
KI67 1 in 200 run5.ndpi,Annotation (germinal_center),0.0449
KI67 1 in 200 run5.ndpi,Annotation (germinal_center),0.0765
KI67 1 in 200 run5.ndpi,Annotation (germinal_center),0.0717
KI67 1 in 200 run5.ndpi,Annotation (germinal_center),0.0456
KI67 1 in 200 run5.ndpi,Annotation (germinal_center),0.0638
KI67 1 in 200 run5.ndpi,Annotation (germinal_center),0.068
KI67 1 in 200 run5.ndpi,Annotation (germinal_center),0.0691
KI67 1 in 200 run5.ndpi,Annotation (germinal_center),0.0469
KI67 1 in 200 run5.ndpi,Annotation (germinal_center),0.0464
KI67 1 in 200 run5.ndpi,Annotation (germinal_center),0.0403
KI67 1 in 200 run5.ndpi,Annotation (germinal_center),0.0573
KI67 1 in 200 run5.ndpi,Annotation (germinal_center),0.043
KI67 1 in 200 run5.ndpi,Annotation (germinal_center),0.0496
KI67 1 in 200 run5.ndpi,Annotation (germinal_center),0.0707
KI67 1 in 200 run5.ndpi,Annotation (germinal_center),0.0585
KI67 1 in 200 run5.ndpi,Annotation (germinal_center),0.0593
KI67 1 in 200 run5.ndpi,Annotation (germinal_center),0.0498
KI67 1 in 200 run5.ndpi,Annotation (germinal_center),0.0439
KI67 1 in 200 run5.ndpi,Annotation (germinal_center),0.0445
KI67 1 in 200 run5.ndpi,Annotation (germinal_center),0.0423
KI67 1 in 200 run5.ndpi,Annotation (germinal_center),0.0561
KI67 1 in 200 run5.ndpi,Annotation (germinal_center),0.0507
KI67 1 in 200 run5.ndpi,Annotation (germinal_center),0.0829
KI67 1 in 200 run5.ndpi,Annotation (germinal_center),0.0382
KI67 1 in 200 run5.ndpi,Annotation (germinal_center),0.0311
KI67 1 in 200 run5.ndpi,Annotation (germinal_center),0.0605
KI67 1 in 200 run5.ndpi,Annotation (germinal_center),0.0674
KI67 1 in 200 run5.ndpi,Annotation (germinal_center),0.0539
KI67 1 in 200 run5.ndpi,Annotation (germinal_center),0.0527
KI67 1 in 200 run5.ndpi,Annotation (germinal_center),0.0385
KI67 1 in 200 run5.ndpi,Annotation (germinal_center),0.0594
KI67 1 in 200 run5.ndpi,Annotation (germinal_center),0.0489
KI67 1 in 200 run5.ndpi,Annotation (germinal_center),0.0748
KI67 1 in 200 run5.ndpi,Annotation (germinal_center),0.0501
KI67 1 in 200 run5.ndpi,Annotation (germinal_center),0.051
KI67 1 in 200 run5.ndpi,Annotation (germinal_center),0.073
KI67 1 in 200 run5.ndpi,Annotation (germinal_center),0.0658
KI67 1 in 200 run5.ndpi,Annotation (germinal_center),0.0317
KI67 1 in 200 run5.ndpi,Annotation (germinal_center),0.0542
KI67 1 in 200 run5.ndpi,Annotation (germinal_center),0.062
KI67 1 in 200 run5.ndpi,Annotation (germinal_center),0.0597
KI67 1 in 200 run5.ndpi,Annotation (germinal_center),0.0506
KI67 1 in 200 run5.ndpi,Annotation (germinal_center),0.0377
KI67 1 in 200 run5.ndpi,Annotation (germinal_center),0.0605
KI67 1 in 200 run5.ndpi,Annotation (germinal_center),0.0398
KI67 1 in 200 run5.ndpi,Annotation (germinal_center),0.0506
KI67 1 in 200 run5.ndpi,Annotation (germinal_center),0.0814
KI67 1 in 200 run5.ndpi,Annotation (germinal_center),0.0693
KI67 1 in 200 run5.ndpi,Annotation (germinal_center),0.0363
KI67 1 in 200 run5.ndpi,Annotation (germinal_center),0.0688
KI67 1 in 200 run5.ndpi,Annotation (germinal_center),0.08
KI67 1 in 200 run5.ndpi,Annotation (germinal_center),0.041
KI67 1 in 200 run5.ndpi,Annotation (germinal_center),0.0442
KI67 1 in 200 run5.ndpi,Annotation (germinal_center),0.0538
KI67 1 in 200 run5.ndpi,Annotation (germinal_center),0.0519
KI67 1 in 200 run5.ndpi,Annotation (germinal_center),0.0544
KI67 1 in 200 run5.ndpi,Annotation (germinal_center),0.0254
KI67 1 in 200 run5.ndpi,Annotation (germinal_center),0.0549
KI67 1 in 200 run5.ndpi,Annotation (germinal_center),0.0466
KI67 1 in 200 run5.ndpi,Annotation (germinal_center),0.0373
KI67 1 in 200 run5.ndpi,Annotation (germinal_center),0.0843
KI67 1 in 200 run5.ndpi,Annotation (germinal_center),0.053
KI67 1 in 200 run5.ndpi,Annotation (germinal_center),0.0447
KI67 1 in 200 run5.ndpi,Annotation (germinal_center),0.0635
KI67 1 in 200 run5.ndpi,Annotation (germinal_center),0.0662
KI67 1 in 200 run5.ndpi,Annotation (germinal_center),0.0477
KI67 1 in 200 run5.ndpi,Annotation (germinal_center),0.0439
KI67 1 in 200 run5.ndpi,Annotation (germinal_center),0.0961
KI67 1 in 200 run5.ndpi,Annotation (germinal_center),0.0636
KI67 1 in 200 run5.ndpi,Annotation (germinal_center),0.0446
KI67 1 in 200 run5.ndpi,Annotation (germinal_center),0.0375
KI67 1 in 200 run5.ndpi,Annotation (germinal_center),0.0826
KI67 1 in 200 run5.ndpi,Annotation (germinal_center),0.0551
KI67 1 in 200 run5.ndpi,Annotation (germinal_center),0.0421
KI67 1 in 200 run5.ndpi,Annotation (germinal_center),0.0718
KI67 1 in 200 run5.ndpi,Annotation (germinal_center),0.0631
KI67 1 in 200 run5.ndpi,Annotation (germinal_center),0.0892
KI67 1 in 200 run5.ndpi,Annotation (germinal_center),0.0765
KI67 1 in 200 run5.ndpi,Annotation (germinal_center),0.0393
KI67 1 in 200 run5.ndpi,Annotation (germinal_center),0.0757
KI67 1 in 200 run5.ndpi,Annotation (germinal_center),0.0784
KI67 1 in 200 run5.ndpi,Annotation (germinal_center),0.0902
KI67 1 in 200 run5.ndpi,Annotation (germinal_center),0.1485
KI67 1 in 200 run5.ndpi,Annotation (germinal_center),0.0863
KI67 1 in 200 run5.ndpi,Annotation (germinal_center),0.0624
KI67 1 in 200 run5.ndpi,Annotation (germinal_center),0.0294
KI67 1 in 200 run5.ndpi,Annotation (germinal_center),0.0436
KI67 1 in 200 run5.ndpi,Annotation (germinal_center),0.0801
KI67 1 in 200 run5.ndpi,Annotation (germinal_center),0.0771
KI67 1 in 200 run5.ndpi,Annotation (germinal_center),0.0637
KI67 1 in 200 run5.ndpi,Annotation (germinal_center),0.0467
KI67 1 in 200 run5.ndpi,Annotation (germinal_center),0.0553
KI67 1 in 200 run5.ndpi,Annotation (germinal_center),0.0553
KI67 1 in 200 run5.ndpi,Annotation (germinal_center),0.0401
KI67 1 in 200 run5.ndpi,Annotation (germinal_center),0.0603
KI67 1 in 200 run5.ndpi,Annotation (germinal_center),0.0422
KI67 1 in 200 run5.ndpi,Annotation (germinal_center),0.057
KI67 1 in 200 run5.ndpi,Annotation (germinal_center),0.0343
KI67 1 in 200 run5.ndpi,Annotation (germinal_center),0.0401
KI67 1 in 200 run5.ndpi,Annotation (germinal_center),0.0468
KI67 1 in 200 run5.ndpi,Annotation (germinal_center),0.0441
KI67 1 in 200 run5.ndpi,Annotation (germinal_center),0.0469
KI67 1 in 200 run5.ndpi,Annotation (germinal_center),0.0392
KI67 1 in 200 run5.ndpi,Annotation (germinal_center),0.0923
KI67 1 in 200 run5.ndpi,Annotation (germinal_center),0.0911
KI67 1 in 200 run5.ndpi,Annotation (germinal_center),0.0512
KI67 1 in 200 run5.ndpi,Annotation (germinal_center),0.0575
KI67 1 in 200 run5.ndpi,Annotation (germinal_center),0.0519
KI67 1 in 200 run5.ndpi,Annotation (germinal_center),0.0742
KI67 1 in 200 run5.ndpi,Annotation (germinal_center),0.0594
KI67 1 in 200 run5.ndpi,Annotation (germinal_center),0.0465
KI67 1 in 200 run5.ndpi,Annotation (germinal_center),0.0467
KI67 1 in 200 run5.ndpi,Annotation (germinal_center),0.0523
KI67 1 in 200 run5.ndpi,Annotation (germinal_center),0.0539
KI67 1 in 200 run5.ndpi,Annotation (germinal_center),0.0602
KI67 1 in 200 run5.ndpi,Annotation (germinal_center),0.0445
KI67 1 in 200 run5.ndpi,Annotation (germinal_center),0.0845
KI67 1 in 200 run5.ndpi,Annotation (germinal_center),0.0594
KI67 1 in 200 run5.ndpi,Annotation (germinal_center),0.0513
KI67 1 in 200 run5.ndpi,Annotation (germinal_center),0.0443
KI67 1 in 200 run5.ndpi,Annotation (germinal_center),0.0861
KI67 1 in 200 run5.ndpi,Annotation (germinal_center),0.066
KI67 1 in 200 run5.ndpi,Annotation (germinal_center),0.0621
KI67 1 in 200 run5.ndpi,Annotation (germinal_center),0.0647
KI67 1 in 200 run5.ndpi,Annotation (germinal_center),0.0721
KI67 1 in 200 run5.ndpi,Annotation (germinal_center),0.0626
KI67 1 in 200 run5.ndpi,Annotation (germinal_center),0.0805
KI67 1 in 200 run5.ndpi,Annotation (germinal_center),0.0563
KI67 1 in 200 run5.ndpi,Annotation (germinal_center),0.0362
KI67 1 in 200 run5.ndpi,Annotation (germinal_center),0.0899
KI67 1 in 200 run5.ndpi,Annotation (germinal_center),0.0458
KI67 1 in 200 run5.ndpi,Annotation (germinal_center),0.0501
KI67 1 in 200 run5.ndpi,Annotation (germinal_center),0.0415
KI67 1 in 200 run5.ndpi,Annotation (germinal_center),0.0499
KI67 1 in 200 run5.ndpi,Annotation (germinal_center),0.0229
KI67 1 in 200 run5.ndpi,Annotation (germinal_center),0.048
KI67 1 in 200 run5.ndpi,Annotation (germinal_center),0.0354
KI67 1 in 200 run5.ndpi,Annotation (germinal_center),0.0545
KI67 1 in 200 run5.ndpi,Annotation (germinal_center),0.0497
KI67 1 in 200 run5.ndpi,Annotation (germinal_center),0.0339
KI67 1 in 200 run5.ndpi,Annotation (germinal_center),0.0791
KI67 1 in 200 run5.ndpi,Annotation (germinal_center),0.0721
KI67 1 in 200 run5.ndpi,Annotation (germinal_center),0.096
KI67 1 in 200 run5.ndpi,Annotation (germinal_center),0.0629
KI67 1 in 200 run5.ndpi,Annotation (germinal_center),0.0527
KI67 1 in 200 run5.ndpi,Annotation (germinal_center),0.0793
KI67 1 in 200 run5.ndpi,Annotation (germinal_center),0.0381
KI67 1 in 200 run5.ndpi,Annotation (germinal_center),0.0595
KI67 1 in 200 run5.ndpi,Annotation (germinal_center),0.0587
KI67 1 in 200 run5.ndpi,Annotation (germinal_center),0.0641
KI67 1 in 200 run5.ndpi,Annotation (germinal_center),0.0939
KI67 1 in 200 run5.ndpi,Annotation (germinal_center),0.064
KI67 1 in 200 run5.ndpi,Annotation (germinal_center),0.0539
KI67 1 in 200 run5.ndpi,Annotation (germinal_center),0.042
KI67 1 in 200 run5.ndpi,Annotation (germinal_center),0.0775
KI67 1 in 200 run5.ndpi,Annotation (germinal_center),0.0752
KI67 1 in 200 run5.ndpi,Annotation (germinal_center),0.0389
KI67 1 in 200 run5.ndpi,Annotation (germinal_center),0.0484
KI67 1 in 200 run5.ndpi,Annotation (germinal_center),0.0566
KI67 1 in 200 run5.ndpi,Annotation (germinal_center),0.0823
KI67 1 in 200 run5.ndpi,Annotation (germinal_center),0.0625
KI67 1 in 200 run5.ndpi,Annotation (germinal_center),0.0494
KI67 1 in 200 run5.ndpi,Annotation (germinal_center),0.0618
KI67 1 in 200 run5.ndpi,Annotation (germinal_center),0.0444
KI67 1 in 200 run5.ndpi,Annotation (germinal_center),0.0584
KI67 1 in 200 run5.ndpi,Annotation (germinal_center),0.0618
KI67 1 in 200 run5.ndpi,Annotation (germinal_center),0.0563
KI67 1 in 200 run5.ndpi,Annotation (germinal_center),0.0499
KI67 1 in 200 run5.ndpi,Annotation (germinal_center),0.0768
KI67 1 in 200 run5.ndpi,Annotation (germinal_center),0.067
KI67 1 in 200 run5.ndpi,Annotation (germinal_center),0.0504
KI67 1 in 200 run5.ndpi,Annotation (germinal_center),0.0662
KI67 1 in 200 run5.ndpi,Annotation (germinal_center),0.0889
KI67 1 in 200 run5.ndpi,Annotation (germinal_center),0.0488
KI67 1 in 200 run5.ndpi,Annotation (germinal_center),0.0707
KI67 1 in 200 run5.ndpi,Annotation (germinal_center),0.0468
KI67 1 in 200 run5.ndpi,Annotation (germinal_center),0.0802
KI67 1 in 200 run5.ndpi,Annotation (germinal_center),0.0709
KI67 1 in 200 run5.ndpi,Annotation (germinal_center),0.0461
KI67 1 in 200 run5.ndpi,Annotation (germinal_center),0.0504
KI67 1 in 200 run5.ndpi,Annotation (germinal_center),0.0436
KI67 1 in 200 run5.ndpi,Annotation (germinal_center),0.0496
KI67 1 in 200 run5.ndpi,Annotation (germinal_center),0.0737
KI67 1 in 200 run5.ndpi,Annotation (germinal_center),0.072
KI67 1 in 200 run5.ndpi,Annotation (germinal_center),0.0402
KI67 1 in 200 run5.ndpi,Annotation (germinal_center),0.0554
KI67 1 in 200 run5.ndpi,Annotation (germinal_center),0.0519
KI67 1 in 200 run5.ndpi,Annotation (germinal_center),0.0385
KI67 1 in 200 run5.ndpi,Annotation (germinal_center),0.0818
KI67 1 in 200 run5.ndpi,Annotation (germinal_center),0.053
KI67 1 in 200 run5.ndpi,Annotation (germinal_center),0.0426
KI67 1 in 200 run5.ndpi,Annotation (germinal_center),0.0476
KI67 1 in 200 run5.ndpi,Annotation (germinal_center),0.0454
KI67 1 in 200 run5.ndpi,Annotation (germinal_center),0.04
KI67 1 in 200 run5.ndpi,Annotation (germinal_center),0.066
KI67 1 in 200 run5.ndpi,Annotation (germinal_center),0.0873
KI67 1 in 200 run5.ndpi,Annotation (germinal_center),0.0639
KI67 1 in 200 run5.ndpi,Annotation (germinal_center),0.0479
KI67 1 in 200 run5.ndpi,Annotation (germinal_center),0.0503
KI67 1 in 200 run5.ndpi,Annotation (germinal_center),0.0799
KI67 1 in 200 run5.ndpi,Annotation (germinal_center),0.0697
KI67 1 in 200 run5.ndpi,Annotation (germinal_center),0.0515
KI67 1 in 200 run5.ndpi,Annotation (germinal_center),0.0796
KI67 1 in 200 run5.ndpi,Annotation (germinal_center),0.1032
KI67 1 in 200 run5.ndpi,Annotation (germinal_center),0.0541
KI67 1 in 200 run5.ndpi,Annotation (germinal_center),0.0692
KI67 1 in 200 run5.ndpi,Annotation (germinal_center),0.1092
KI67 1 in 200 run5.ndpi,Annotation (germinal_center),0.0668
KI67 1 in 200 run5.ndpi,Annotation (germinal_center),0.0575
KI67 1 in 200 run5.ndpi,Annotation (germinal_center),0.0768
KI67 1 in 200 run5.ndpi,Annotation (germinal_center),0.0787
KI67 1 in 200 run5.ndpi,Annotation (germinal_center),0.0735
KI67 1 in 200 run5.ndpi,Annotation (germinal_center),0.0979
KI67 1 in 200 run5.ndpi,Annotation (germinal_center),0.0658
KI67 1 in 200 run5.ndpi,Annotation (germinal_center),0.0919
KI67 1 in 200 run5.ndpi,Annotation (germinal_center),0.073
KI67 1 in 200 run5.ndpi,Annotation (germinal_center),0.0703
KI67 1 in 200 run5.ndpi,Annotation (germinal_center),0.0571
KI67 1 in 200 run5.ndpi,Annotation (germinal_center),0.0522
KI67 1 in 200 run5.ndpi,Annotation (germinal_center),0.0595
KI67 1 in 200 run5.ndpi,Annotation (germinal_center),0.0526
KI67 1 in 200 run5.ndpi,Annotation (germinal_center),0.0562
KI67 1 in 200 run5.ndpi,Annotation (germinal_center),0.044
KI67 1 in 200 run5.ndpi,Annotation (germinal_center),0.039
KI67 1 in 200 run5.ndpi,Annotation (germinal_center),0.0833
KI67 1 in 200 run5.ndpi,Annotation (germinal_center),0.0826
KI67 1 in 200 run5.ndpi,Annotation (germinal_center),0.0673
KI67 1 in 200 run5.ndpi,Annotation (germinal_center),0.0188
KI67 1 in 200 run5.ndpi,Annotation (germinal_center),0.0545
KI67 1 in 200 run5.ndpi,Annotation (germinal_center),0.057
KI67 1 in 200 run5.ndpi,Annotation (germinal_center),0.0344
KI67 1 in 200 run5.ndpi,Annotation (germinal_center),0.0716
KI67 1 in 200 run5.ndpi,Annotation (germinal_center),0.074
KI67 1 in 200 run5.ndpi,Annotation (germinal_center),0.0611
KI67 1 in 200 run5.ndpi,Annotation (germinal_center),0.0674
KI67 1 in 200 run5.ndpi,Annotation (germinal_center),0.0783
KI67 1 in 200 run5.ndpi,Annotation (germinal_center),0.1061
KI67 1 in 200 run5.ndpi,Annotation (germinal_center),0.0485
KI67 1 in 200 run5.ndpi,Annotation (germinal_center),0.0834
KI67 1 in 200 run5.ndpi,Annotation (germinal_center),0.0767
KI67 1 in 200 run5.ndpi,Annotation (germinal_center),0.07
KI67 1 in 200 run5.ndpi,Annotation (germinal_center),0.0578
KI67 1 in 200 run5.ndpi,Annotation (germinal_center),0.0435
KI67 1 in 200 run5.ndpi,Annotation (germinal_center),0.0752
KI67 1 in 200 run5.ndpi,Annotation (germinal_center),0.044
KI67 1 in 200 run5.ndpi,Annotation (germinal_center),0.0486
KI67 1 in 200 run5.ndpi,Annotation (germinal_center),0.0671
KI67 1 in 200 run5.ndpi,Annotation (germinal_center),0.0652
KI67 1 in 200 run5.ndpi,Annotation (germinal_center),0.0777
KI67 1 in 200 run5.ndpi,Annotation (germinal_center),0.0855
KI67 1 in 200 run5.ndpi,Annotation (germinal_center),0.1134
KI67 1 in 200 run5.ndpi,Annotation (germinal_center),0.0385
KI67 1 in 200 run5.ndpi,Annotation (germinal_center),0.0462
KI67 1 in 200 run5.ndpi,Annotation (germinal_center),0.0761
KI67 1 in 200 run5.ndpi,Annotation (germinal_center),0.0889
KI67 1 in 200 run5.ndpi,Annotation (germinal_center),0.079
KI67 1 in 200 run5.ndpi,Annotation (germinal_center),0.0432
KI67 1 in 200 run5.ndpi,Annotation (germinal_center),0.0736
KI67 1 in 200 run5.ndpi,Annotation (germinal_center),
KI67 1 in 200 run5.ndpi,Annotation (germinal_center),0.056
KI67 1 in 200 run5.ndpi,Annotation (germinal_center),0.0473
KI67 1 in 200 run5.ndpi,Annotation (germinal_center),0.0965
KI67 1 in 200 run5.ndpi,Annotation (germinal_center),0.0434
KI67 1 in 200 run5.ndpi,Annotation (germinal_center),0.073
KI67 1 in 200 run5.ndpi,Annotation (germinal_center),0.5098
KI67 1 in 200 run5.ndpi,Annotation (germinal_center),0.0341
KI67 1 in 200 run5.ndpi,Annotation (germinal_center),0.0468
KI67 1 in 200 run5.ndpi,Annotation (germinal_center),0.0563
KI67 1 in 200 run5.ndpi,Annotation (germinal_center),0.0644
KI67 1 in 200 run5.ndpi,Annotation (germinal_center),0.0911
KI67 1 in 200 run5.ndpi,Annotation (germinal_center),0.0619
KI67 1 in 200 run5.ndpi,Annotation (germinal_center),0.033
KI67 1 in 200 run5.ndpi,Annotation (germinal_center),0.0638
KI67 1 in 200 run5.ndpi,Annotation (germinal_center),0.0503
KI67 1 in 200 run5.ndpi,Annotation (germinal_center),0.1023
KI67 1 in 200 run5.ndpi,Annotation (germinal_center),0.0446
KI67 1 in 200 run5.ndpi,Annotation (germinal_center),0.0501
KI67 1 in 200 run5.ndpi,Annotation (germinal_center),0.039
KI67 1 in 200 run5.ndpi,Annotation (germinal_center),0.0718
KI67 1 in 200 run5.ndpi,Annotation (germinal_center),0.0648
KI67 1 in 200 run5.ndpi,Annotation (germinal_center),0.0473
KI67 1 in 200 run5.ndpi,Annotation (germinal_center),0.059
KI67 1 in 200 run5.ndpi,Annotation (germinal_center),0.344
KI67 1 in 200 run5.ndpi,Annotation (germinal_center),0.0694
KI67 1 in 200 run5.ndpi,Annotation (germinal_center),0.0588
KI67 1 in 200 run5.ndpi,Annotation (germinal_center),0.0715
KI67 1 in 200 run5.ndpi,Annotation (germinal_center),0.0656
KI67 1 in 200 run5.ndpi,Annotation (germinal_center),0.0697
KI67 1 in 200 run5.ndpi,Annotation (germinal_center),0.0877
KI67 1 in 200 run5.ndpi,Annotation (germinal_center),0.1254
KI67 1 in 200 run5.ndpi,Annotation (germinal_center),0.0565
KI67 1 in 200 run5.ndpi,Annotation (germinal_center),0.0522
KI67 1 in 200 run5.ndpi,Annotation (germinal_center),0.0798
KI67 1 in 200 run5.ndpi,Annotation (germinal_center),0.0734
KI67 1 in 200 run5.ndpi,Annotation (germinal_center),0.0516
KI67 1 in 200 run5.ndpi,Annotation (germinal_center),0.0774
KI67 1 in 200 run5.ndpi,Annotation (germinal_center),0.0934
KI67 1 in 200 run5.ndpi,Annotation (germinal_center),0.0396
KI67 1 in 200 run5.ndpi,Annotation (germinal_center),0.0557
KI67 1 in 200 run5.ndpi,Annotation (germinal_center),0.0655
KI67 1 in 200 run5.ndpi,Annotation (germinal_center),0.0684
KI67 1 in 200 run5.ndpi,Annotation (germinal_center),0.4345
KI67 1 in 200 run5.ndpi,Annotation (germinal_center),0.0648
KI67 1 in 200 run5.ndpi,Annotation (germinal_center),0.0883
KI67 1 in 200 run5.ndpi,Annotation (germinal_center),0.0479
KI67 1 in 200 run5.ndpi,Annotation (germinal_center),0.1032
KI67 1 in 200 run5.ndpi,Annotation (germinal_center),0.0524
KI67 1 in 200 run5.ndpi,Annotation (germinal_center),0.3012
KI67 1 in 200 run5.ndpi,Annotation (germinal_center),0.0773
KI67 1 in 200 run5.ndpi,Annotation (germinal_center),0.0668
KI67 1 in 200 run5.ndpi,Annotation (germinal_center),0.0695
KI67 1 in 200 run5.ndpi,Annotation (germinal_center),0.0745
KI67 1 in 200 run5.ndpi,Annotation (germinal_center),0.0669
KI67 1 in 200 run5.ndpi,Annotation (germinal_center),0.0673
KI67 1 in 200 run5.ndpi,Annotation (germinal_center),0.1051
KI67 1 in 200 run5.ndpi,Annotation (germinal_center),0.0691
KI67 1 in 200 run5.ndpi,Annotation (germinal_center),0.0726
KI67 1 in 200 run5.ndpi,Annotation (germinal_center),0.0579
KI67 1 in 200 run5.ndpi,Annotation (germinal_center),0.0782
KI67 1 in 200 run5.ndpi,Annotation (germinal_center),0.0894
KI67 1 in 200 run5.ndpi,Annotation (germinal_center),0.051
KI67 1 in 200 run5.ndpi,Annotation (germinal_center),0.0559
KI67 1 in 200 run5.ndpi,Annotation (germinal_center),0.0633
KI67 1 in 200 run5.ndpi,Annotation (germinal_center),0.057
KI67 1 in 200 run5.ndpi,Annotation (germinal_center),0.0848
KI67 1 in 200 run5.ndpi,Annotation (germinal_center),0.0672
KI67 1 in 200 run5.ndpi,Annotation (germinal_center),0.0855
KI67 1 in 200 run5.ndpi,Annotation (germinal_center),0.0851
KI67 1 in 200 run5.ndpi,Annotation (germinal_center),0.0661
KI67 1 in 200 run5.ndpi,Annotation (germinal_center),0.0487
KI67 1 in 200 run5.ndpi,Annotation (germinal_center),0.0758
KI67 1 in 200 run5.ndpi,Annotation (germinal_center),0.0917
KI67 1 in 200 run5.ndpi,Annotation (germinal_center),0.0546
KI67 1 in 200 run5.ndpi,Annotation (germinal_center),0.0981
KI67 1 in 200 run5.ndpi,Annotation (germinal_center),0.0522
KI67 1 in 200 run5.ndpi,Annotation (germinal_center),0.0512
KI67 1 in 200 run5.ndpi,Annotation (germinal_center),0.0392
KI67 1 in 200 run5.ndpi,Annotation (germinal_center),0.0681
KI67 1 in 200 run5.ndpi,Annotation (germinal_center),0.0312
KI67 1 in 200 run5.ndpi,Annotation (germinal_center),0.0446
KI67 1 in 200 run5.ndpi,Annotation (germinal_center),0.0924
KI67 1 in 200 run5.ndpi,Annotation (germinal_center),0.0826
KI67 1 in 200 run5.ndpi,Annotation (germinal_center),0.0973
KI67 1 in 200 run5.ndpi,Annotation (germinal_center),0.0622
KI67 1 in 200 run5.ndpi,Annotation (germinal_center),0.0643
KI67 1 in 200 run5.ndpi,Annotation (germinal_center),0.0442
KI67 1 in 200 run5.ndpi,Annotation (germinal_center),0.0872
KI67 1 in 200 run5.ndpi,Annotation (germinal_center),0.0614
KI67 1 in 200 run5.ndpi,Annotation (germinal_center),0.066
KI67 1 in 200 run5.ndpi,Annotation (germinal_center),0.0471
KI67 1 in 200 run5.ndpi,Annotation (germinal_center),0.0399
KI67 1 in 200 run5.ndpi,Annotation (germinal_center),0.0532
KI67 1 in 200 run5.ndpi,Annotation (germinal_center),0.0749
KI67 1 in 200 run5.ndpi,Annotation (germinal_center),0.1019
KI67 1 in 200 run5.ndpi,Annotation (germinal_center),0.0554
KI67 1 in 200 run5.ndpi,Annotation (germinal_center),0.0668
KI67 1 in 200 run5.ndpi,Annotation (germinal_center),0.0814
KI67 1 in 200 run5.ndpi,Annotation (germinal_center),0.054
KI67 1 in 200 run5.ndpi,Annotation (germinal_center),0.0521
KI67 1 in 200 run5.ndpi,Annotation (germinal_center),0.0649
KI67 1 in 200 run5.ndpi,Annotation (germinal_center),0.071
KI67 1 in 200 run5.ndpi,Annotation (germinal_center),0.1069
KI67 1 in 200 run5.ndpi,Annotation (germinal_center),0.0443
KI67 1 in 200 run5.ndpi,Annotation (germinal_center),0.065
KI67 1 in 200 run5.ndpi,Annotation (germinal_center),0.0763
KI67 1 in 200 run5.ndpi,Annotation (germinal_center),0.0262
KI67 1 in 200 run5.ndpi,Annotation (germinal_center),0.0617
KI67 1 in 200 run5.ndpi,Annotation (germinal_center),0.0351
KI67 1 in 200 run5.ndpi,Annotation (germinal_center),0.0897
KI67 1 in 200 run5.ndpi,Annotation (germinal_center),0.0545
KI67 1 in 200 run5.ndpi,Annotation (germinal_center),0.0408
KI67 1 in 200 run5.ndpi,Annotation (germinal_center),0.0613
KI67 1 in 200 run5.ndpi,Annotation (germinal_center),0.0668
KI67 1 in 200 run5.ndpi,Annotation (germinal_center),0.0692
KI67 1 in 200 run5.ndpi,Annotation (germinal_center),0.0732
KI67 1 in 200 run5.ndpi,Annotation (germinal_center),0.044
KI67 1 in 200 run5.ndpi,Annotation (germinal_center),0.0598
KI67 1 in 200 run5.ndpi,Annotation (germinal_center),0.0597
KI67 1 in 200 run5.ndpi,Annotation (germinal_center),0.0921
KI67 1 in 200 run5.ndpi,Annotation (germinal_center),0.0483
KI67 1 in 200 run5.ndpi,Annotation (germinal_center),0.0362
KI67 1 in 200 run5.ndpi,Annotation (germinal_center),0.0522
KI67 1 in 200 run5.ndpi,Annotation (germinal_center),0.052
KI67 1 in 200 run5.ndpi,Annotation (germinal_center),0.0888
KI67 1 in 200 run5.ndpi,Annotation (germinal_center),0.0511
KI67 1 in 200 run5.ndpi,Annotation (germinal_center),0.0498
KI67 1 in 200 run5.ndpi,Annotation (germinal_center),0.0507
KI67 1 in 200 run5.ndpi,Annotation (germinal_center),0.0381
KI67 1 in 200 run5.ndpi,Annotation (germinal_center),0.0314
KI67 1 in 200 run5.ndpi,Annotation (germinal_center),0.0518
KI67 1 in 200 run5.ndpi,Annotation (germinal_center),0.0806
KI67 1 in 200 run5.ndpi,Annotation (germinal_center),0.0643
KI67 1 in 200 run5.ndpi,Annotation (germinal_center),0.0848
KI67 1 in 200 run5.ndpi,Annotation (germinal_center),0.0326
KI67 1 in 200 run5.ndpi,Annotation (germinal_center),0.0954
KI67 1 in 200 run5.ndpi,Annotation (germinal_center),0.0682
KI67 1 in 200 run5.ndpi,Annotation (germinal_center),0.0484
KI67 1 in 200 run5.ndpi,Annotation (germinal_center),0.0744
KI67 1 in 200 run5.ndpi,Annotation (germinal_center),0.0598
KI67 1 in 200 run5.ndpi,Annotation (germinal_center),0.0599
KI67 1 in 200 run5.ndpi,Annotation (germinal_center),0.0912
KI67 1 in 200 run5.ndpi,Annotation (germinal_center),0.0457
KI67 1 in 200 run5.ndpi,Annotation (germinal_center),0.0425
KI67 1 in 200 run5.ndpi,Annotation (germinal_center),0.067
KI67 1 in 200 run5.ndpi,Annotation (germinal_center),0.0639
KI67 1 in 200 run5.ndpi,Annotation (germinal_center),0.0339
KI67 1 in 200 run5.ndpi,Annotation (germinal_center),0.0791
KI67 1 in 200 run5.ndpi,Annotation (germinal_center),0.0806
KI67 1 in 200 run5.ndpi,Annotation (germinal_center),0.0629
KI67 1 in 200 run5.ndpi,Annotation (germinal_center),0.0504
KI67 1 in 200 run5.ndpi,Annotation (germinal_center),0.0399
KI67 1 in 200 run5.ndpi,Annotation (germinal_center),0.0561
KI67 1 in 200 run5.ndpi,Annotation (germinal_center),0.0632
KI67 1 in 200 run5.ndpi,Annotation (germinal_center),0.0506
KI67 1 in 200 run5.ndpi,Annotation (germinal_center),0.0795
KI67 1 in 200 run5.ndpi,Annotation (germinal_center),0.0791
KI67 1 in 200 run5.ndpi,Annotation (germinal_center),0.0369
KI67 1 in 200 run5.ndpi,Annotation (germinal_center),0.0426
KI67 1 in 200 run5.ndpi,Annotation (germinal_center),0.058
KI67 1 in 200 run5.ndpi,Annotation (germinal_center),0.0362
KI67 1 in 200 run5.ndpi,Annotation (germinal_center),0.0529
KI67 1 in 200 run5.ndpi,Annotation (germinal_center),0.0516
KI67 1 in 200 run5.ndpi,Annotation (germinal_center),0.0475
KI67 1 in 200 run5.ndpi,Annotation (germinal_center),0.081
KI67 1 in 200 run5.ndpi,Annotation (germinal_center),0.0492
KI67 1 in 200 run5.ndpi,Annotation (germinal_center),0.0488
KI67 1 in 200 run5.ndpi,Annotation (germinal_center),0.068
KI67 1 in 200 run5.ndpi,Annotation (germinal_center),0.0499
KI67 1 in 200 run5.ndpi,Annotation (germinal_center),0.0548
KI67 1 in 200 run5.ndpi,Annotation (germinal_center),0.0612
KI67 1 in 200 run5.ndpi,Annotation (germinal_center),0.0335
KI67 1 in 200 run5.ndpi,Annotation (germinal_center),0.057
KI67 1 in 200 run5.ndpi,Annotation (germinal_center),0.0471
KI67 1 in 200 run5.ndpi,Annotation (germinal_center),0.0361
KI67 1 in 200 run5.ndpi,Annotation (germinal_center),0.0385
KI67 1 in 200 run5.ndpi,Annotation (germinal_center),0.0542
KI67 1 in 200 run5.ndpi,Annotation (germinal_center),0.044
KI67 1 in 200 run5.ndpi,Annotation (germinal_center),0.05
KI67 1 in 200 run5.ndpi,Annotation (germinal_center),0.0393
KI67 1 in 200 run5.ndpi,Annotation (germinal_center),0.0627
KI67 1 in 200 run5.ndpi,Annotation (germinal_center),0.0579
KI67 1 in 200 run5.ndpi,Annotation (germinal_center),0.0411
KI67 1 in 200 run5.ndpi,Annotation (germinal_center),0.0593
KI67 1 in 200 run5.ndpi,Annotation (germinal_center),0.0747
KI67 1 in 200 run5.ndpi,Annotation (germinal_center),0.0831
KI67 1 in 200 run5.ndpi,Annotation (germinal_center),0.0623
KI67 1 in 200 run5.ndpi,Annotation (germinal_center),0.097
KI67 1 in 200 run5.ndpi,Annotation (germinal_center),0.0537
KI67 1 in 200 run5.ndpi,Annotation (germinal_center),0.0742
KI67 1 in 200 run5.ndpi,Annotation (germinal_center),0.0844
KI67 1 in 200 run5.ndpi,Annotation (germinal_center),0.0547
KI67 1 in 200 run5.ndpi,Annotation (germinal_center),0.0617
KI67 1 in 200 run5.ndpi,Annotation (germinal_center),0.1078
KI67 1 in 200 run5.ndpi,Annotation (germinal_center),0.0539
KI67 1 in 200 run5.ndpi,Annotation (germinal_center),0.0387
KI67 1 in 200 run5.ndpi,Annotation (germinal_center),0.1018
KI67 1 in 200 run5.ndpi,Annotation (germinal_center),0.0756
KI67 1 in 200 run5.ndpi,Annotation (germinal_center),0.0437
KI67 1 in 200 run5.ndpi,Annotation (germinal_center),0.0531
KI67 1 in 200 run5.ndpi,Annotation (germinal_center),0.0348
KI67 1 in 200 run5.ndpi,Annotation (germinal_center),0.0567
KI67 1 in 200 run5.ndpi,Annotation (germinal_center),0.0582
KI67 1 in 200 run5.ndpi,Annotation (germinal_center),0.0635
KI67 1 in 200 run5.ndpi,Annotation (germinal_center),0.0409
KI67 1 in 200 run5.ndpi,Annotation (germinal_center),0.0446
KI67 1 in 200 run5.ndpi,Annotation (germinal_center),0.0478
KI67 1 in 200 run5.ndpi,Annotation (germinal_center),0.1268
KI67 1 in 200 run5.ndpi,Annotation (germinal_center),0.0366
KI67 1 in 200 run5.ndpi,Annotation (germinal_center),0.0448
KI67 1 in 200 run5.ndpi,Annotation (germinal_center),0.0741
KI67 1 in 200 run5.ndpi,Annotation (germinal_center),0.0479
KI67 1 in 200 run5.ndpi,Annotation (germinal_center),0.0886
KI67 1 in 200 run5.ndpi,Annotation (germinal_center),0.0288
KI67 1 in 200 run5.ndpi,Annotation (germinal_center),0.0453
KI67 1 in 200 run5.ndpi,Annotation (germinal_center),0.0243
KI67 1 in 200 run5.ndpi,Annotation (germinal_center),0.0618
KI67 1 in 200 run5.ndpi,Annotation (germinal_center),0.0481
KI67 1 in 200 run5.ndpi,Annotation (germinal_center),0.0674
KI67 1 in 200 run5.ndpi,Annotation (germinal_center),0.042
KI67 1 in 200 run5.ndpi,Annotation (germinal_center),0.041
KI67 1 in 200 run5.ndpi,Annotation (germinal_center),0.0461
KI67 1 in 200 run5.ndpi,Annotation (germinal_center),0.071
KI67 1 in 200 run5.ndpi,Annotation (germinal_center),0.0645
KI67 1 in 200 run5.ndpi,Annotation (germinal_center),0.0883
KI67 1 in 200 run5.ndpi,Annotation (germinal_center),0.0536
KI67 1 in 200 run5.ndpi,Annotation (germinal_center),0.0486
KI67 1 in 200 run5.ndpi,Annotation (germinal_center),0.0431
KI67 1 in 200 run5.ndpi,Annotation (germinal_center),0.0716
KI67 1 in 200 run5.ndpi,Annotation (germinal_center),0.0527
KI67 1 in 200 run5.ndpi,Annotation (germinal_center),0.0525
KI67 1 in 200 run5.ndpi,Annotation (germinal_center),0.0358
KI67 1 in 200 run5.ndpi,Annotation (germinal_center),0.0433
KI67 1 in 200 run5.ndpi,Annotation (germinal_center),0.0941
KI67 1 in 200 run5.ndpi,Annotation (germinal_center),0.0507
KI67 1 in 200 run5.ndpi,Annotation (germinal_center),0.1019
KI67 1 in 200 run5.ndpi,Annotation (germinal_center),0.0393
KI67 1 in 200 run5.ndpi,Annotation (germinal_center),0.0407
KI67 1 in 200 run5.ndpi,Annotation (germinal_center),0.0396
KI67 1 in 200 run5.ndpi,Annotation (germinal_center),0.0419
KI67 1 in 200 run5.ndpi,Annotation (germinal_center),0.0555
KI67 1 in 200 run5.ndpi,Annotation (germinal_center),0.025
KI67 1 in 200 run5.ndpi,Annotation (germinal_center),0.0411
KI67 1 in 200 run5.ndpi,Annotation (germinal_center),0.0567
KI67 1 in 200 run5.ndpi,Annotation (germinal_center),0.0327
KI67 1 in 200 run5.ndpi,Annotation (germinal_center),0.0398
KI67 1 in 200 run5.ndpi,Annotation (germinal_center),0.0608
KI67 1 in 200 run5.ndpi,Annotation (germinal_center),0.0685
KI67 1 in 200 run5.ndpi,Annotation (germinal_center),0.0977
KI67 1 in 200 run5.ndpi,Annotation (germinal_center),0.0424
KI67 1 in 200 run5.ndpi,Annotation (germinal_center),0.0485
KI67 1 in 200 run5.ndpi,Annotation (germinal_center),0.0618
KI67 1 in 200 run5.ndpi,Annotation (germinal_center),0.0661
KI67 1 in 200 run5.ndpi,Annotation (germinal_center),0.0692
KI67 1 in 200 run5.ndpi,Annotation (germinal_center),0.0581
KI67 1 in 200 run5.ndpi,Annotation (germinal_center),0.033
KI67 1 in 200 run5.ndpi,Annotation (germinal_center),0.0543
KI67 1 in 200 run5.ndpi,Annotation (germinal_center),0.0493
KI67 1 in 200 run5.ndpi,Annotation (germinal_center),0.0376
KI67 1 in 200 run5.ndpi,Annotation (germinal_center),0.0279
KI67 1 in 200 run5.ndpi,Annotation (germinal_center),0.0423
KI67 1 in 200 run5.ndpi,Annotation (germinal_center),0.0767
KI67 1 in 200 run5.ndpi,Annotation (germinal_center),0.0519
KI67 1 in 200 run5.ndpi,Annotation (germinal_center),0.0404
KI67 1 in 200 run5.ndpi,Annotation (germinal_center),0.036
KI67 1 in 200 run5.ndpi,Annotation (germinal_center),0.0553
KI67 1 in 200 run5.ndpi,Annotation (germinal_center),0.0994
KI67 1 in 200 run5.ndpi,Annotation (germinal_center),0.084
KI67 1 in 200 run5.ndpi,Annotation (germinal_center),0.0373
KI67 1 in 200 run5.ndpi,Annotation (germinal_center),0.0566
KI67 1 in 200 run5.ndpi,Annotation (germinal_center),0.0626
KI67 1 in 200 run5.ndpi,Annotation (germinal_center),0.0726
KI67 1 in 200 run5.ndpi,Annotation (germinal_center),0.0967
KI67 1 in 200 run5.ndpi,Annotation (germinal_center),0.0409
KI67 1 in 200 run5.ndpi,Annotation (germinal_center),0.0539
KI67 1 in 200 run5.ndpi,Annotation (germinal_center),0.0617
KI67 1 in 200 run5.ndpi,Annotation (germinal_center),0.0538
KI67 1 in 200 run5.ndpi,Annotation (germinal_center),0.0321
KI67 1 in 200 run5.ndpi,Annotation (germinal_center),0.0751
KI67 1 in 200 run5.ndpi,Annotation (germinal_center),0.064
KI67 1 in 200 run5.ndpi,Annotation (germinal_center),0.0476
KI67 1 in 200 run5.ndpi,Annotation (germinal_center),0.0765
KI67 1 in 200 run5.ndpi,Annotation (germinal_center),0.0357
KI67 1 in 200 run5.ndpi,Annotation (germinal_center),0.0661
KI67 1 in 200 run5.ndpi,Annotation (germinal_center),0.0477
KI67 1 in 200 run5.ndpi,Annotation (germinal_center),0.07
KI67 1 in 200 run5.ndpi,Annotation (germinal_center),0.0454
KI67 1 in 200 run5.ndpi,Annotation (germinal_center),0.0439
KI67 1 in 200 run5.ndpi,Annotation (germinal_center),0.0428
KI67 1 in 200 run5.ndpi,Annotation (germinal_center),0.0427
KI67 1 in 200 run5.ndpi,Annotation (germinal_center),0.0881
KI67 1 in 200 run5.ndpi,Annotation (germinal_center),0.0424
KI67 1 in 200 run5.ndpi,Annotation (germinal_center),0.0581
KI67 1 in 200 run5.ndpi,Annotation (germinal_center),0.0428
KI67 1 in 200 run5.ndpi,Annotation (germinal_center),0.0514
KI67 1 in 200 run5.ndpi,Annotation (germinal_center),0.0606
KI67 1 in 200 run5.ndpi,Annotation (germinal_center),0.0523
KI67 1 in 200 run5.ndpi,Annotation (germinal_center),0.033
KI67 1 in 200 run5.ndpi,Annotation (germinal_center),0.0504
KI67 1 in 200 run5.ndpi,Annotation (germinal_center),0.0748
KI67 1 in 200 run5.ndpi,Annotation (germinal_center),0.0659
KI67 1 in 200 run5.ndpi,Annotation (germinal_center),0.0531
KI67 1 in 200 run5.ndpi,Annotation (germinal_center),0.0477
KI67 1 in 200 run5.ndpi,Annotation (germinal_center),0.0664
KI67 1 in 200 run5.ndpi,Annotation (germinal_center),0.0603
KI67 1 in 200 run5.ndpi,Annotation (germinal_center),0.0925
KI67 1 in 200 run5.ndpi,Annotation (germinal_center),0.0525
KI67 1 in 200 run5.ndpi,Annotation (germinal_center),0.0548
KI67 1 in 200 run5.ndpi,Annotation (germinal_center),0.0764
KI67 1 in 200 run5.ndpi,Annotation (germinal_center),0.0821
KI67 1 in 200 run5.ndpi,Annotation (germinal_center),0.077
KI67 1 in 200 run5.ndpi,Annotation (germinal_center),0.091
KI67 1 in 200 run5.ndpi,Annotation (germinal_center),0.0512
KI67 1 in 200 run5.ndpi,Annotation (germinal_center),0.4628
KI67 1 in 200 run5.ndpi,Annotation (germinal_center),0.0781
KI67 1 in 200 run5.ndpi,Annotation (germinal_center),0.0578
KI67 1 in 200 run5.ndpi,Annotation (germinal_center),0.0446
KI67 1 in 200 run5.ndpi,Annotation (germinal_center),0.0716
KI67 1 in 200 run5.ndpi,Annotation (germinal_center),0.0403
KI67 1 in 200 run5.ndpi,Annotation (germinal_center),0.0451
KI67 1 in 200 run5.ndpi,Annotation (germinal_center),0.0519
KI67 1 in 200 run5.ndpi,Annotation (germinal_center),0.0651
KI67 1 in 200 run5.ndpi,Annotation (germinal_center),0.087
KI67 1 in 200 run5.ndpi,Annotation (germinal_center),0.067
KI67 1 in 200 run5.ndpi,Annotation (germinal_center),0.0473
KI67 1 in 200 run5.ndpi,Annotation (germinal_center),0.0462
KI67 1 in 200 run5.ndpi,Annotation (germinal_center),0.0484
KI67 1 in 200 run5.ndpi,Annotation (germinal_center),0.0546
KI67 1 in 200 run5.ndpi,Annotation (germinal_center),0.0909
KI67 1 in 200 run5.ndpi,Annotation (germinal_center),0.0535
KI67 1 in 200 run5.ndpi,Annotation (germinal_center),0.0574
KI67 1 in 200 run5.ndpi,Annotation (germinal_center),0.0496
KI67 1 in 200 run5.ndpi,Annotation (germinal_center),0.0628
KI67 1 in 200 run5.ndpi,Annotation (germinal_center),0.0477
KI67 1 in 200 run5.ndpi,Annotation (germinal_center),0.1064
KI67 1 in 200 run5.ndpi,Annotation (germinal_center),0.0521
KI67 1 in 200 run5.ndpi,Annotation (germinal_center),0.0801
KI67 1 in 200 run5.ndpi,Annotation (germinal_center),0.0467
KI67 1 in 200 run5.ndpi,Annotation (germinal_center),0.0437
KI67 1 in 200 run5.ndpi,Annotation (germinal_center),0.0569
KI67 1 in 200 run5.ndpi,Annotation (germinal_center),0.0924
KI67 1 in 200 run5.ndpi,Annotation (germinal_center),0.039
KI67 1 in 200 run5.ndpi,Annotation (germinal_center),0.0405
KI67 1 in 200 run5.ndpi,Annotation (germinal_center),0.048
KI67 1 in 200 run5.ndpi,Annotation (germinal_center),0.0478
KI67 1 in 200 run5.ndpi,Annotation (germinal_center),0.0662
KI67 1 in 200 run5.ndpi,Annotation (germinal_center),0.0868
KI67 1 in 200 run5.ndpi,Annotation (germinal_center),0.0352
KI67 1 in 200 run5.ndpi,Annotation (germinal_center),0.0816
KI67 1 in 200 run5.ndpi,Annotation (germinal_center),0.0734
KI67 1 in 200 run5.ndpi,Annotation (germinal_center),0.0848
KI67 1 in 200 run5.ndpi,Annotation (germinal_center),0.0713
KI67 1 in 200 run5.ndpi,Annotation (germinal_center),0.0652
KI67 1 in 200 run5.ndpi,Annotation (germinal_center),0.0379
KI67 1 in 200 run5.ndpi,Annotation (germinal_center),0.0771
KI67 1 in 200 run5.ndpi,Annotation (germinal_center),0.0516
KI67 1 in 200 run5.ndpi,Annotation (germinal_center),0.0622
KI67 1 in 200 run5.ndpi,Annotation (germinal_center),0.0514
KI67 1 in 200 run5.ndpi,Annotation (germinal_center),0.0305
KI67 1 in 200 run5.ndpi,Annotation (germinal_center),0.0357
KI67 1 in 200 run5.ndpi,Annotation (germinal_center),0.0572
KI67 1 in 200 run5.ndpi,Annotation (germinal_center),0.035
KI67 1 in 200 run5.ndpi,Annotation (germinal_center),0.0875
KI67 1 in 200 run5.ndpi,Annotation (germinal_center),0.03
KI67 1 in 200 run5.ndpi,Annotation (germinal_center),0.043
KI67 1 in 200 run5.ndpi,Annotation (germinal_center),0.0718
KI67 1 in 200 run5.ndpi,Annotation (germinal_center),0.0436
KI67 1 in 200 run5.ndpi,Annotation (germinal_center),0.0362
KI67 1 in 200 run5.ndpi,Annotation (germinal_center),0.0527
KI67 1 in 200 run5.ndpi,Annotation (germinal_center),0.0438
KI67 1 in 200 run5.ndpi,Annotation (germinal_center),0.0458
KI67 1 in 200 run5.ndpi,Annotation (germinal_center),0.0411
KI67 1 in 200 run5.ndpi,Annotation (germinal_center),0.0494
KI67 1 in 200 run5.ndpi,Annotation (germinal_center),0.0593
KI67 1 in 200 run5.ndpi,Annotation (germinal_center),0.0441
KI67 1 in 200 run5.ndpi,Annotation (germinal_center),0.0943
KI67 1 in 200 run5.ndpi,Annotation (germinal_center),0.0454
KI67 1 in 200 run5.ndpi,Annotation (germinal_center),0.0632
KI67 1 in 200 run5.ndpi,Annotation (germinal_center),0.042
KI67 1 in 200 run5.ndpi,Annotation (germinal_center),0.0631
KI67 1 in 200 run5.ndpi,Annotation (germinal_center),0.0658
KI67 1 in 200 run5.ndpi,Annotation (germinal_center),0.0419
KI67 1 in 200 run5.ndpi,Annotation (germinal_center),0.0599
KI67 1 in 200 run5.ndpi,Annotation (germinal_center),0.0754
KI67 1 in 200 run5.ndpi,Annotation (germinal_center),0.0518
KI67 1 in 200 run5.ndpi,Annotation (germinal_center),0.0585
KI67 1 in 200 run5.ndpi,Annotation (germinal_center),0.0691
KI67 1 in 200 run5.ndpi,Annotation (germinal_center),0.0397
KI67 1 in 200 run5.ndpi,Annotation (germinal_center),0.0441
KI67 1 in 200 run5.ndpi,Annotation (germinal_center),0.0749
KI67 1 in 200 run5.ndpi,Annotation (germinal_center),0.0455
KI67 1 in 200 run5.ndpi,Annotation (germinal_center),0.0558
KI67 1 in 200 run5.ndpi,Annotation (germinal_center),0.0377
KI67 1 in 200 run5.ndpi,Annotation (germinal_center),0.0588
KI67 1 in 200 run5.ndpi,Annotation (germinal_center),0.0577
KI67 1 in 200 run5.ndpi,Annotation (germinal_center),0.0673
KI67 1 in 200 run5.ndpi,Annotation (germinal_center),0.0461
KI67 1 in 200 run5.ndpi,Annotation (germinal_center),0.0458
KI67 1 in 200 run5.ndpi,Annotation (germinal_center),0.0776
KI67 1 in 200 run5.ndpi,Annotation (germinal_center),0.0476
KI67 1 in 200 run5.ndpi,Annotation (germinal_center),0.0734
KI67 1 in 200 run5.ndpi,Annotation (germinal_center),0.0464
KI67 1 in 200 run5.ndpi,Annotation (germinal_center),0.062
KI67 1 in 200 run5.ndpi,Annotation (germinal_center),0.041
KI67 1 in 200 run5.ndpi,Annotation (germinal_center),0.0411
KI67 1 in 200 run5.ndpi,Annotation (germinal_center),0.0578
KI67 1 in 200 run5.ndpi,Annotation (germinal_center),0.081
KI67 1 in 200 run5.ndpi,Annotation (germinal_center),0.0909
KI67 1 in 200 run5.ndpi,Annotation (germinal_center),0.0734
KI67 1 in 200 run5.ndpi,Annotation (germinal_center),0.0444
KI67 1 in 200 run5.ndpi,Annotation (germinal_center),0.0648
KI67 1 in 200 run5.ndpi,Annotation (germinal_center),0.0345
KI67 1 in 200 run5.ndpi,Annotation (germinal_center),0.0458
KI67 1 in 200 run5.ndpi,Annotation (germinal_center),0.0526
KI67 1 in 200 run5.ndpi,Annotation (germinal_center),0.0636
KI67 1 in 200 run5.ndpi,Annotation (germinal_center),0.0702
KI67 1 in 200 run5.ndpi,Annotation (germinal_center),0.0348
KI67 1 in 200 run5.ndpi,Annotation (germinal_center),0.0736
KI67 1 in 200 run5.ndpi,Annotation (germinal_center),0.0446
KI67 1 in 200 run5.ndpi,Annotation (germinal_center),0.0323
KI67 1 in 200 run5.ndpi,Annotation (germinal_center),0.0414
KI67 1 in 200 run5.ndpi,Annotation (germinal_center),0.0482
KI67 1 in 200 run5.ndpi,Annotation (germinal_center),0.0298
KI67 1 in 200 run5.ndpi,Annotation (germinal_center),0.0503
KI67 1 in 200 run5.ndpi,Annotation (germinal_center),0.0432
KI67 1 in 200 run5.ndpi,Annotation (germinal_center),0.0561
KI67 1 in 200 run5.ndpi,Annotation (germinal_center),0.0496
KI67 1 in 200 run5.ndpi,Annotation (germinal_center),0.0843
KI67 1 in 200 run5.ndpi,Annotation (germinal_center),0.0509
KI67 1 in 200 run5.ndpi,Annotation (germinal_center),0.0423
KI67 1 in 200 run5.ndpi,Annotation (germinal_center),0.0746
KI67 1 in 200 run5.ndpi,Annotation (germinal_center),0.0566
KI67 1 in 200 run5.ndpi,Annotation (germinal_center),0.0393
KI67 1 in 200 run5.ndpi,Annotation (germinal_center),0.0946
KI67 1 in 200 run5.ndpi,Annotation (germinal_center),0.0451
KI67 1 in 200 run5.ndpi,Annotation (germinal_center),0.0477
KI67 1 in 200 run5.ndpi,Annotation (germinal_center),0.0489
KI67 1 in 200 run5.ndpi,Annotation (germinal_center),0.0439
KI67 1 in 200 run5.ndpi,Annotation (germinal_center),0.043
KI67 1 in 200 run5.ndpi,Annotation (germinal_center),0.068
KI67 1 in 200 run5.ndpi,Annotation (germinal_center),0.0395
KI67 1 in 200 run5.ndpi,Annotation (germinal_center),0.057
KI67 1 in 200 run5.ndpi,Annotation (germinal_center),0.1016
KI67 1 in 200 run5.ndpi,Annotation (germinal_center),0.0447
KI67 1 in 200 run5.ndpi,Annotation (germinal_center),0.0584
KI67 1 in 200 run5.ndpi,Annotation (germinal_center),0.0694
KI67 1 in 200 run5.ndpi,Annotation (germinal_center),0.0741
KI67 1 in 200 run5.ndpi,Annotation (germinal_center),0.0357
KI67 1 in 200 run5.ndpi,Annotation (germinal_center),0.0548
KI67 1 in 200 run5.ndpi,Annotation (germinal_center),0.1107
KI67 1 in 200 run5.ndpi,Annotation (germinal_center),0.0656
KI67 1 in 200 run5.ndpi,Annotation (germinal_center),0.0861
KI67 1 in 200 run5.ndpi,Annotation (germinal_center),0.0541
KI67 1 in 200 run5.ndpi,Annotation (germinal_center),0.0618
KI67 1 in 200 run5.ndpi,Annotation (germinal_center),0.0642
KI67 1 in 200 run5.ndpi,Annotation (germinal_center),0.0346
KI67 1 in 200 run5.ndpi,Annotation (germinal_center),0.0787
KI67 1 in 200 run5.ndpi,Annotation (germinal_center),0.0503
KI67 1 in 200 run5.ndpi,Annotation (germinal_center),0.0451
KI67 1 in 200 run5.ndpi,Annotation (germinal_center),0.078
KI67 1 in 200 run5.ndpi,Annotation (germinal_center),0.0492
KI67 1 in 200 run5.ndpi,Annotation (germinal_center),0.1002
KI67 1 in 200 run5.ndpi,Annotation (germinal_center),0.0773
KI67 1 in 200 run5.ndpi,Annotation (germinal_center),0.0674
KI67 1 in 200 run5.ndpi,Annotation (germinal_center),0.047
KI67 1 in 200 run5.ndpi,Annotation (germinal_center),0.0589
KI67 1 in 200 run5.ndpi,Annotation (germinal_center),0.0667
KI67 1 in 200 run5.ndpi,Annotation (germinal_center),0.0639
KI67 1 in 200 run5.ndpi,Annotation (germinal_center),0.0521
KI67 1 in 200 run5.ndpi,Annotation (germinal_center),0.0432
KI67 1 in 200 run5.ndpi,Annotation (germinal_center),0.0699
KI67 1 in 200 run5.ndpi,Annotation (germinal_center),0.0392
KI67 1 in 200 run5.ndpi,Annotation (germinal_center),0.0436
KI67 1 in 200 run5.ndpi,Annotation (germinal_center),0.0606
KI67 1 in 200 run5.ndpi,Annotation (germinal_center),0.0694
KI67 1 in 200 run5.ndpi,Annotation (germinal_center),0.0557
KI67 1 in 200 run5.ndpi,Annotation (germinal_center),0.0816
KI67 1 in 200 run5.ndpi,Annotation (germinal_center),0.0472
KI67 1 in 200 run5.ndpi,Annotation (germinal_center),0.0483
KI67 1 in 200 run5.ndpi,Annotation (germinal_center),0.0371
KI67 1 in 200 run5.ndpi,Annotation (germinal_center),0.0489
KI67 1 in 200 run5.ndpi,Annotation (germinal_center),0.0511
KI67 1 in 200 run5.ndpi,Annotation (germinal_center),0.0495
KI67 1 in 200 run5.ndpi,Annotation (germinal_center),0.0564
KI67 1 in 200 run5.ndpi,Annotation (germinal_center),0.0502
KI67 1 in 200 run5.ndpi,Annotation (germinal_center),0.0524
KI67 1 in 200 run5.ndpi,Annotation (germinal_center),0.0613
KI67 1 in 200 run5.ndpi,Annotation (germinal_center),0.0564
KI67 1 in 200 run5.ndpi,Annotation (germinal_center),0.0527
KI67 1 in 200 run5.ndpi,Annotation (germinal_center),0.0374
KI67 1 in 200 run5.ndpi,Annotation (germinal_center),0.0409
KI67 1 in 200 run5.ndpi,Annotation (germinal_center),0.0589
KI67 1 in 200 run5.ndpi,Annotation (germinal_center),0.0824
KI67 1 in 200 run5.ndpi,Annotation (germinal_center),0.0463
KI67 1 in 200 run5.ndpi,Annotation (germinal_center),0.0412
KI67 1 in 200 run5.ndpi,Annotation (germinal_center),0.071
KI67 1 in 200 run5.ndpi,Annotation (germinal_center),0.0551
KI67 1 in 200 run5.ndpi,Annotation (germinal_center),0.0638
KI67 1 in 200 run5.ndpi,Annotation (germinal_center),0.0427
KI67 1 in 200 run5.ndpi,Annotation (germinal_center),0.0531
KI67 1 in 200 run5.ndpi,Annotation (germinal_center),0.0621
KI67 1 in 200 run5.ndpi,Annotation (germinal_center),0.0399
KI67 1 in 200 run5.ndpi,Annotation (germinal_center),0.0436
KI67 1 in 200 run5.ndpi,Annotation (germinal_center),0.0637
KI67 1 in 200 run5.ndpi,Annotation (germinal_center),0.0565
KI67 1 in 200 run5.ndpi,Annotation (germinal_center),0.0843
KI67 1 in 200 run5.ndpi,Annotation (germinal_center),0.041
KI67 1 in 200 run5.ndpi,Annotation (germinal_center),0.0603
KI67 1 in 200 run5.ndpi,Annotation (germinal_center),0.0783
KI67 1 in 200 run5.ndpi,Annotation (germinal_center),0.0671
KI67 1 in 200 run5.ndpi,Annotation (germinal_center),0.0389
KI67 1 in 200 run5.ndpi,Annotation (germinal_center),0.0558
KI67 1 in 200 run5.ndpi,Annotation (germinal_center),0.0473
KI67 1 in 200 run5.ndpi,Annotation (germinal_center),0.0669
KI67 1 in 200 run5.ndpi,Annotation (germinal_center),0.074
KI67 1 in 200 run5.ndpi,Annotation (germinal_center),0.0365
KI67 1 in 200 run5.ndpi,Annotation (germinal_center),0.0955
KI67 1 in 200 run5.ndpi,Annotation (germinal_center),0.0539
KI67 1 in 200 run5.ndpi,Annotation (germinal_center),0.0328
KI67 1 in 200 run5.ndpi,Annotation (germinal_center),0.0461
KI67 1 in 200 run5.ndpi,Annotation (germinal_center),0.093
KI67 1 in 200 run5.ndpi,Annotation (germinal_center),0.0543
KI67 1 in 200 run5.ndpi,Annotation (germinal_center),0.0799
KI67 1 in 200 run5.ndpi,Annotation (germinal_center),0.102
KI67 1 in 200 run5.ndpi,Annotation (germinal_center),0.1168
KI67 1 in 200 run5.ndpi,Annotation (germinal_center),0.0823
KI67 1 in 200 run5.ndpi,Annotation (germinal_center),0.0801
KI67 1 in 200 run5.ndpi,Annotation (germinal_center),0.07
KI67 1 in 200 run5.ndpi,Annotation (germinal_center),0.0747
KI67 1 in 200 run5.ndpi,Annotation (germinal_center),0.0387
KI67 1 in 200 run5.ndpi,Annotation (germinal_center),0.0456
KI67 1 in 200 run5.ndpi,Annotation (germinal_center),0.0381
KI67 1 in 200 run5.ndpi,Annotation (germinal_center),0.0556
KI67 1 in 200 run5.ndpi,Annotation (germinal_center),0.0434
KI67 1 in 200 run5.ndpi,Annotation (germinal_center),0.0648
KI67 1 in 200 run5.ndpi,Annotation (germinal_center),0.0526
KI67 1 in 200 run5.ndpi,Annotation (germinal_center),0.03
KI67 1 in 200 run5.ndpi,Annotation (germinal_center),0.0745
KI67 1 in 200 run5.ndpi,Annotation (germinal_center),0.0751
KI67 1 in 200 run5.ndpi,Annotation (germinal_center),0.0563
KI67 1 in 200 run5.ndpi,Annotation (germinal_center),0.0553
KI67 1 in 200 run5.ndpi,Annotation (germinal_center),0.0909
KI67 1 in 200 run5.ndpi,Annotation (germinal_center),0.0547
KI67 1 in 200 run5.ndpi,Annotation (germinal_center),0.0472
KI67 1 in 200 run5.ndpi,Annotation (germinal_center),0.0584
KI67 1 in 200 run5.ndpi,Annotation (germinal_center),0.0416
KI67 1 in 200 run5.ndpi,Annotation (germinal_center),0.0566
KI67 1 in 200 run5.ndpi,Annotation (germinal_center),0.0314
KI67 1 in 200 run5.ndpi,Annotation (germinal_center),0.0453
KI67 1 in 200 run5.ndpi,Annotation (germinal_center),0.0444
KI67 1 in 200 run5.ndpi,Annotation (germinal_center),0.0395
KI67 1 in 200 run5.ndpi,Annotation (germinal_center),0.0551
KI67 1 in 200 run5.ndpi,Annotation (germinal_center),0.0561
KI67 1 in 200 run5.ndpi,Annotation (germinal_center),0.0502
KI67 1 in 200 run5.ndpi,Annotation (germinal_center),0.0753
KI67 1 in 200 run5.ndpi,Annotation (germinal_center),0.0256
KI67 1 in 200 run5.ndpi,Annotation (germinal_center),0.0786
KI67 1 in 200 run5.ndpi,Annotation (germinal_center),0.0661
KI67 1 in 200 run5.ndpi,Annotation (germinal_center),0.0447
KI67 1 in 200 run5.ndpi,Annotation (germinal_center),0.0366
KI67 1 in 200 run5.ndpi,Annotation (germinal_center),0.1022
KI67 1 in 200 run5.ndpi,Annotation (germinal_center),0.0381
KI67 1 in 200 run5.ndpi,Annotation (germinal_center),0.0563
KI67 1 in 200 run5.ndpi,Annotation (germinal_center),0.0323
KI67 1 in 200 run5.ndpi,Annotation (germinal_center),0.0521
KI67 1 in 200 run5.ndpi,Annotation (germinal_center),0.0723
KI67 1 in 200 run5.ndpi,Annotation (germinal_center),0.0436
KI67 1 in 200 run5.ndpi,Annotation (germinal_center),0.0471
KI67 1 in 200 run5.ndpi,Annotation (germinal_center),0.0491
KI67 1 in 200 run5.ndpi,Annotation (germinal_center),0.0413
KI67 1 in 200 run5.ndpi,Annotation (germinal_center),0.1013
KI67 1 in 200 run5.ndpi,Annotation (germinal_center),0.0426
KI67 1 in 200 run5.ndpi,Annotation (germinal_center),0.0499
KI67 1 in 200 run5.ndpi,Annotation (germinal_center),0.0424
KI67 1 in 200 run5.ndpi,Annotation (germinal_center),0.0621
KI67 1 in 200 run5.ndpi,Annotation (germinal_center),0.0461
KI67 1 in 200 run5.ndpi,Annotation (germinal_center),0.0381
KI67 1 in 200 run5.ndpi,Annotation (germinal_center),0.078
KI67 1 in 200 run5.ndpi,Annotation (germinal_center),0.0857
KI67 1 in 200 run5.ndpi,Annotation (germinal_center),0.0462
KI67 1 in 200 run5.ndpi,Annotation (germinal_center),0.0705
KI67 1 in 200 run5.ndpi,Annotation (germinal_center),0.0872
KI67 1 in 200 run5.ndpi,Annotation (germinal_center),0.0441
KI67 1 in 200 run5.ndpi,Annotation (germinal_center),0.0456
KI67 1 in 200 run5.ndpi,Annotation (germinal_center),0.0607
KI67 1 in 200 run5.ndpi,Annotation (germinal_center),0.0564
KI67 1 in 200 run5.ndpi,Annotation (germinal_center),0.0519
KI67 1 in 200 run5.ndpi,Annotation (germinal_center),0.0469
KI67 1 in 200 run5.ndpi,Annotation (germinal_center),0.062
KI67 1 in 200 run5.ndpi,Annotation (germinal_center),0.0481
KI67 1 in 200 run5.ndpi,Annotation (germinal_center),0.0817
KI67 1 in 200 run5.ndpi,Annotation (germinal_center),0.053
KI67 1 in 200 run5.ndpi,Annotation (germinal_center),0.0696
KI67 1 in 200 run5.ndpi,Annotation (germinal_center),0.0714
KI67 1 in 200 run5.ndpi,Annotation (germinal_center),0.082
KI67 1 in 200 run5.ndpi,Annotation (germinal_center),0.0605
KI67 1 in 200 run5.ndpi,Annotation (germinal_center),0.0563
KI67 1 in 200 run5.ndpi,Annotation (germinal_center),0.0504
KI67 1 in 200 run5.ndpi,Annotation (germinal_center),0.0471
KI67 1 in 200 run5.ndpi,Annotation (germinal_center),0.0582
KI67 1 in 200 run5.ndpi,Annotation (germinal_center),0.1732
KI67 1 in 200 run5.ndpi,Annotation (germinal_center),0.0465
KI67 1 in 200 run5.ndpi,Annotation (germinal_center),0.0406
KI67 1 in 200 run5.ndpi,Annotation (germinal_center),0.0429
KI67 1 in 200 run5.ndpi,Annotation (germinal_center),0.0547
KI67 1 in 200 run5.ndpi,Annotation (germinal_center),0.0707
KI67 1 in 200 run5.ndpi,Annotation (germinal_center),0.0448
KI67 1 in 200 run5.ndpi,Annotation (germinal_center),0.0975
KI67 1 in 200 run5.ndpi,Annotation (germinal_center),0.0632
KI67 1 in 200 run5.ndpi,Annotation (germinal_center),0.0713
KI67 1 in 200 run5.ndpi,Annotation (germinal_center),0.0557
KI67 1 in 200 run5.ndpi,Annotation (germinal_center),0.0511
KI67 1 in 200 run5.ndpi,Annotation (germinal_center),0.0666
KI67 1 in 200 run5.ndpi,Annotation (germinal_center),0.0508
KI67 1 in 200 run5.ndpi,Annotation (germinal_center),0.0456
KI67 1 in 200 run5.ndpi,Annotation (germinal_center),0.0551
KI67 1 in 200 run5.ndpi,Annotation (germinal_center),0.0611
KI67 1 in 200 run5.ndpi,Annotation (germinal_center),0.08
KI67 1 in 200 run5.ndpi,Annotation (germinal_center),0.0612
KI67 1 in 200 run5.ndpi,Annotation (germinal_center),0.0717
KI67 1 in 200 run5.ndpi,Annotation (germinal_center),0.0581
KI67 1 in 200 run5.ndpi,Annotation (germinal_center),0.0419
KI67 1 in 200 run5.ndpi,Annotation (germinal_center),0.0338
KI67 1 in 200 run5.ndpi,Annotation (germinal_center),0.0447
KI67 1 in 200 run5.ndpi,Annotation (germinal_center),0.0486
KI67 1 in 200 run5.ndpi,Annotation (germinal_center),0.072
KI67 1 in 200 run5.ndpi,Annotation (germinal_center),0.0647
KI67 1 in 200 run5.ndpi,Annotation (germinal_center),0.0574
KI67 1 in 200 run5.ndpi,Annotation (germinal_center),0.0737
KI67 1 in 200 run5.ndpi,Annotation (germinal_center),0.0381
KI67 1 in 200 run5.ndpi,Annotation (germinal_center),0.049
KI67 1 in 200 run5.ndpi,Annotation (germinal_center),0.0611
KI67 1 in 200 run5.ndpi,Annotation (germinal_center),0.069
KI67 1 in 200 run5.ndpi,Annotation (germinal_center),0.0634
KI67 1 in 200 run5.ndpi,Annotation (germinal_center),0.0503
KI67 1 in 200 run5.ndpi,Annotation (germinal_center),0.0402
KI67 1 in 200 run5.ndpi,Annotation (germinal_center),0.0832
KI67 1 in 200 run5.ndpi,Annotation (germinal_center),0.1018
KI67 1 in 200 run5.ndpi,Annotation (germinal_center),0.0616
KI67 1 in 200 run5.ndpi,Annotation (germinal_center),0.0594
KI67 1 in 200 run5.ndpi,Annotation (germinal_center),0.0614
KI67 1 in 200 run5.ndpi,Annotation (germinal_center),0.0815
KI67 1 in 200 run5.ndpi,Annotation (germinal_center),0.0387
KI67 1 in 200 run5.ndpi,Annotation (germinal_center),0.0499
KI67 1 in 200 run5.ndpi,Annotation (germinal_center),0.0454
KI67 1 in 200 run5.ndpi,Annotation (germinal_center),0.043
KI67 1 in 200 run5.ndpi,Annotation (germinal_center),0.0685
KI67 1 in 200 run5.ndpi,Annotation (germinal_center),0.0626
KI67 1 in 200 run5.ndpi,Annotation (germinal_center),0.0321
KI67 1 in 200 run5.ndpi,Annotation (germinal_center),0.0792
KI67 1 in 200 run5.ndpi,Annotation (germinal_center),0.0459
KI67 1 in 200 run5.ndpi,Annotation (germinal_center),0.0478
KI67 1 in 200 run5.ndpi,Annotation (germinal_center),0.0669
KI67 1 in 200 run5.ndpi,Annotation (germinal_center),0.0484
KI67 1 in 200 run5.ndpi,Annotation (germinal_center),0.0406
KI67 1 in 200 run5.ndpi,Annotation (germinal_center),0.0317
KI67 1 in 200 run5.ndpi,Annotation (germinal_center),0.0281
KI67 1 in 200 run5.ndpi,Annotation (germinal_center),0.0487
KI67 1 in 200 run5.ndpi,Annotation (germinal_center),0.038
KI67 1 in 200 run5.ndpi,Annotation (germinal_center),0.0768
KI67 1 in 200 run5.ndpi,Annotation (germinal_center),0.0439
KI67 1 in 200 run5.ndpi,Annotation (germinal_center),0.0612
KI67 1 in 200 run5.ndpi,Annotation (germinal_center),0.0458
KI67 1 in 200 run5.ndpi,Annotation (germinal_center),0.0407
KI67 1 in 200 run5.ndpi,Annotation (germinal_center),0.0507
KI67 1 in 200 run5.ndpi,Annotation (germinal_center),0.0629
KI67 1 in 200 run5.ndpi,Annotation (germinal_center),0.0481
KI67 1 in 200 run5.ndpi,Annotation (germinal_center),0.0912
KI67 1 in 200 run5.ndpi,Annotation (germinal_center),0.0796
KI67 1 in 200 run5.ndpi,Annotation (germinal_center),0.087
KI67 1 in 200 run5.ndpi,Annotation (germinal_center),0.0647
KI67 1 in 200 run5.ndpi,Annotation (germinal_center),0.048
KI67 1 in 200 run5.ndpi,Annotation (germinal_center),0.0359
KI67 1 in 200 run5.ndpi,Annotation (germinal_center),0.1127
KI67 1 in 200 run5.ndpi,Annotation (germinal_center),0.076
KI67 1 in 200 run5.ndpi,Annotation (germinal_center),0.0368
KI67 1 in 200 run5.ndpi,Annotation (germinal_center),0.0594
KI67 1 in 200 run5.ndpi,Annotation (germinal_center),0.0481
KI67 1 in 200 run5.ndpi,Annotation (germinal_center),0.0372
KI67 1 in 200 run5.ndpi,Annotation (germinal_center),0.0696
KI67 1 in 200 run5.ndpi,Annotation (germinal_center),0.0367
KI67 1 in 200 run5.ndpi,Annotation (germinal_center),0.0838
KI67 1 in 200 run5.ndpi,Annotation (germinal_center),0.0569
KI67 1 in 200 run5.ndpi,Annotation (germinal_center),0.0418
KI67 1 in 200 run5.ndpi,Annotation (germinal_center),0.0647
KI67 1 in 200 run5.ndpi,Annotation (germinal_center),0.0532
KI67 1 in 200 run5.ndpi,Annotation (germinal_center),0.0436
KI67 1 in 200 run5.ndpi,Annotation (germinal_center),0.0557
KI67 1 in 200 run5.ndpi,Annotation (germinal_center),0.0416
KI67 1 in 200 run5.ndpi,Annotation (germinal_center),0.0722
KI67 1 in 200 run5.ndpi,Annotation (germinal_center),0.0449
KI67 1 in 200 run5.ndpi,Annotation (germinal_center),0.0744
KI67 1 in 200 run5.ndpi,Annotation (germinal_center),0.0448
KI67 1 in 200 run5.ndpi,Annotation (germinal_center),0.0678
KI67 1 in 200 run5.ndpi,Annotation (germinal_center),0.084
KI67 1 in 200 run5.ndpi,Annotation (germinal_center),0.0521
KI67 1 in 200 run5.ndpi,Annotation (germinal_center),0.0788
KI67 1 in 200 run5.ndpi,Annotation (germinal_center),0.0644
KI67 1 in 200 run5.ndpi,Annotation (germinal_center),0.0643
KI67 1 in 200 run5.ndpi,Annotation (germinal_center),0.0537
KI67 1 in 200 run5.ndpi,Annotation (germinal_center),0.048
KI67 1 in 200 run5.ndpi,Annotation (germinal_center),0.057
KI67 1 in 200 run5.ndpi,Annotation (germinal_center),0.0473
KI67 1 in 200 run5.ndpi,Annotation (germinal_center),0.0711
KI67 1 in 200 run5.ndpi,Annotation (germinal_center),0.0505
KI67 1 in 200 run5.ndpi,Annotation (germinal_center),0.0663
KI67 1 in 200 run5.ndpi,Annotation (germinal_center),0.0492
KI67 1 in 200 run5.ndpi,Annotation (germinal_center),0.0881
KI67 1 in 200 run5.ndpi,Annotation (germinal_center),0.0619
KI67 1 in 200 run5.ndpi,Annotation (germinal_center),0.0566
KI67 1 in 200 run5.ndpi,Annotation (germinal_center),0.0559
KI67 1 in 200 run5.ndpi,Annotation (germinal_center),0.0718
KI67 1 in 200 run5.ndpi,Annotation (germinal_center),0.066
KI67 1 in 200 run5.ndpi,Annotation (germinal_center),0.0785
KI67 1 in 200 run5.ndpi,Annotation (germinal_center),0.1276
KI67 1 in 200 run5.ndpi,Annotation (germinal_center),0.0541
KI67 1 in 200 run5.ndpi,Annotation (germinal_center),0.0858
KI67 1 in 200 run5.ndpi,Annotation (germinal_center),0.0428
KI67 1 in 200 run5.ndpi,Annotation (germinal_center),0.041
KI67 1 in 200 run5.ndpi,Annotation (germinal_center),0.0248
KI67 1 in 200 run5.ndpi,Annotation (germinal_center),0.0844
KI67 1 in 200 run5.ndpi,Annotation (germinal_center),0.0807
KI67 1 in 200 run5.ndpi,Annotation (germinal_center),0.048
KI67 1 in 200 run5.ndpi,Annotation (germinal_center),0.0328
KI67 1 in 200 run5.ndpi,Annotation (germinal_center),0.075
KI67 1 in 200 run5.ndpi,Annotation (germinal_center),0.0965
KI67 1 in 200 run5.ndpi,Annotation (germinal_center),0.0458
KI67 1 in 200 run5.ndpi,Annotation (germinal_center),0.075
KI67 1 in 200 run5.ndpi,Annotation (germinal_center),0.0411
KI67 1 in 200 run5.ndpi,Annotation (germinal_center),0.0399
KI67 1 in 200 run5.ndpi,Annotation (germinal_center),0.0454
KI67 1 in 200 run5.ndpi,Annotation (germinal_center),0.0438
KI67 1 in 200 run5.ndpi,Annotation (germinal_center),0.0431
KI67 1 in 200 run5.ndpi,Annotation (germinal_center),0.0455
KI67 1 in 200 run5.ndpi,Annotation (germinal_center),0.0632
KI67 1 in 200 run5.ndpi,Annotation (germinal_center),0.049
KI67 1 in 200 run5.ndpi,Annotation (germinal_center),0.0679
KI67 1 in 200 run5.ndpi,Annotation (germinal_center),0.0423
KI67 1 in 200 run5.ndpi,Annotation (germinal_center),0.0678
KI67 1 in 200 run5.ndpi,Annotation (germinal_center),0.0353
KI67 1 in 200 run5.ndpi,Annotation (germinal_center),0.0533
KI67 1 in 200 run5.ndpi,Annotation (germinal_center),0.0576
KI67 1 in 200 run5.ndpi,Annotation (germinal_center),0.1482
KI67 1 in 200 run5.ndpi,Annotation (germinal_center),0.0374
KI67 1 in 200 run5.ndpi,Annotation (germinal_center),0.0913
KI67 1 in 200 run5.ndpi,Annotation (germinal_center),0.0517
KI67 1 in 200 run5.ndpi,Annotation (germinal_center),0.0503
KI67 1 in 200 run5.ndpi,Annotation (germinal_center),0.0426
KI67 1 in 200 run5.ndpi,Annotation (germinal_center),0.0467
KI67 1 in 200 run5.ndpi,Annotation (germinal_center),0.0623
KI67 1 in 200 run5.ndpi,Annotation (germinal_center),0.0737
KI67 1 in 200 run5.ndpi,Annotation (germinal_center),0.0763
KI67 1 in 200 run5.ndpi,Annotation (germinal_center),0.0543
KI67 1 in 200 run5.ndpi,Annotation (germinal_center),0.0762
KI67 1 in 200 run5.ndpi,Annotation (germinal_center),0.0413
KI67 1 in 200 run5.ndpi,Annotation (germinal_center),0.0416
KI67 1 in 200 run5.ndpi,Annotation (germinal_center),0.07
KI67 1 in 200 run5.ndpi,Annotation (germinal_center),0.1025
KI67 1 in 200 run5.ndpi,Annotation (germinal_center),0.0343
KI67 1 in 200 run5.ndpi,Annotation (germinal_center),0.0684
KI67 1 in 200 run5.ndpi,Annotation (germinal_center),0.0451
KI67 1 in 200 run5.ndpi,Annotation (germinal_center),0.0633
KI67 1 in 200 run5.ndpi,Annotation (germinal_center),0.0746
KI67 1 in 200 run5.ndpi,Annotation (germinal_center),0.0697
KI67 1 in 200 run5.ndpi,Annotation (germinal_center),0.0378
KI67 1 in 200 run5.ndpi,Annotation (germinal_center),0.0539
KI67 1 in 200 run5.ndpi,Annotation (germinal_center),0.0598
KI67 1 in 200 run5.ndpi,Annotation (germinal_center),0.0798
KI67 1 in 200 run5.ndpi,Annotation (germinal_center),0.0972
KI67 1 in 200 run5.ndpi,Annotation (germinal_center),0.036
KI67 1 in 200 run5.ndpi,Annotation (germinal_center),0.0526
KI67 1 in 200 run5.ndpi,Annotation (germinal_center),0.042
KI67 1 in 200 run5.ndpi,Annotation (germinal_center),0.0596
KI67 1 in 200 run5.ndpi,Annotation (germinal_center),0.0716
KI67 1 in 200 run5.ndpi,Annotation (germinal_center),0.0404
KI67 1 in 200 run5.ndpi,Annotation (germinal_center),0.0762
KI67 1 in 200 run5.ndpi,Annotation (germinal_center),0.0432
KI67 1 in 200 run5.ndpi,Annotation (germinal_center),0.0317
KI67 1 in 200 run5.ndpi,Annotation (germinal_center),0.0428
KI67 1 in 200 run5.ndpi,Annotation (germinal_center),0.0939
KI67 1 in 200 run5.ndpi,Annotation (germinal_center),0.0381
KI67 1 in 200 run5.ndpi,Annotation (germinal_center),0.0295
KI67 1 in 200 run5.ndpi,Annotation (germinal_center),0.0526
KI67 1 in 200 run5.ndpi,Annotation (germinal_center),0.0465
KI67 1 in 200 run5.ndpi,Annotation (germinal_center),0.0479
KI67 1 in 200 run5.ndpi,Annotation (germinal_center),0.0469
KI67 1 in 200 run5.ndpi,Annotation (germinal_center),0.0528
KI67 1 in 200 run5.ndpi,Annotation (germinal_center),0.0418
KI67 1 in 200 run5.ndpi,Annotation (germinal_center),0.0495
KI67 1 in 200 run5.ndpi,Annotation (germinal_center),0.0678
KI67 1 in 200 run5.ndpi,Annotation (germinal_center),0.0709
KI67 1 in 200 run5.ndpi,Annotation (germinal_center),0.0233
KI67 1 in 200 run5.ndpi,Annotation (germinal_center),0.1106
KI67 1 in 200 run5.ndpi,Annotation (germinal_center),0.0703
KI67 1 in 200 run5.ndpi,Annotation (germinal_center),0.0899
KI67 1 in 200 run5.ndpi,Annotation (germinal_center),0.0597
KI67 1 in 200 run5.ndpi,Annotation (germinal_center),0.0443
KI67 1 in 200 run5.ndpi,Annotation (germinal_center),0.098
KI67 1 in 200 run5.ndpi,Annotation (germinal_center),0.0479
KI67 1 in 200 run5.ndpi,Annotation (germinal_center),0.0533
KI67 1 in 200 run5.ndpi,Annotation (germinal_center),0.0291
KI67 1 in 200 run5.ndpi,Annotation (germinal_center),0.0333
KI67 1 in 200 run5.ndpi,Annotation (germinal_center),0.0445
KI67 1 in 200 run5.ndpi,Annotation (germinal_center),0.0854
KI67 1 in 200 run5.ndpi,Annotation (germinal_center),0.0462
KI67 1 in 200 run5.ndpi,Annotation (germinal_center),0.0617
KI67 1 in 200 run5.ndpi,Annotation (germinal_center),0.0445
KI67 1 in 200 run5.ndpi,Annotation (germinal_center),0.0655
KI67 1 in 200 run5.ndpi,Annotation (germinal_center),0.0493
KI67 1 in 200 run5.ndpi,Annotation (germinal_center),0.0503
KI67 1 in 200 run5.ndpi,Annotation (germinal_center),0.0832
KI67 1 in 200 run5.ndpi,Annotation (germinal_center),0.0681
KI67 1 in 200 run5.ndpi,Annotation (germinal_center),0.0545
KI67 1 in 200 run5.ndpi,Annotation (germinal_center),0.0736
KI67 1 in 200 run5.ndpi,Annotation (germinal_center),0.0569
KI67 1 in 200 run5.ndpi,Annotation (germinal_center),0.046
KI67 1 in 200 run5.ndpi,Annotation (germinal_center),0.056
KI67 1 in 200 run5.ndpi,Annotation (germinal_center),0.048
KI67 1 in 200 run5.ndpi,Annotation (germinal_center),0.0593
KI67 1 in 200 run5.ndpi,Annotation (germinal_center),0.0514
KI67 1 in 200 run5.ndpi,Annotation (germinal_center),0.0289
KI67 1 in 200 run5.ndpi,Annotation (germinal_center),0.0393
KI67 1 in 200 run5.ndpi,Annotation (germinal_center),0.0698
KI67 1 in 200 run5.ndpi,Annotation (germinal_center),0.062
KI67 1 in 200 run5.ndpi,Annotation (germinal_center),0.0824
KI67 1 in 200 run5.ndpi,Annotation (germinal_center),0.0492
KI67 1 in 200 run5.ndpi,Annotation (germinal_center),0.0654
KI67 1 in 200 run5.ndpi,Annotation (germinal_center),0.0431
KI67 1 in 200 run5.ndpi,Annotation (germinal_center),0.0554
KI67 1 in 200 run5.ndpi,Annotation (germinal_center),0.0368
KI67 1 in 200 run5.ndpi,Annotation (germinal_center),0.0975
KI67 1 in 200 run5.ndpi,Annotation (germinal_center),0.0639
KI67 1 in 200 run5.ndpi,Annotation (germinal_center),0.0464
KI67 1 in 200 run5.ndpi,Annotation (germinal_center),0.044
KI67 1 in 200 run5.ndpi,Annotation (germinal_center),0.0423
KI67 1 in 200 run5.ndpi,Annotation (germinal_center),0.0531
KI67 1 in 200 run5.ndpi,Annotation (germinal_center),0.0417
KI67 1 in 200 run5.ndpi,Annotation (germinal_center),0.0703
KI67 1 in 200 run5.ndpi,Annotation (germinal_center),0.0683
KI67 1 in 200 run5.ndpi,Annotation (germinal_center),0.0482
KI67 1 in 200 run5.ndpi,Annotation (germinal_center),0.0502
KI67 1 in 200 run5.ndpi,Annotation (germinal_center),0.0631
KI67 1 in 200 run5.ndpi,Annotation (germinal_center),0.0534
KI67 1 in 200 run5.ndpi,Annotation (germinal_center),0.0529
KI67 1 in 200 run5.ndpi,Annotation (germinal_center),0.0552
KI67 1 in 200 run5.ndpi,Annotation (germinal_center),0.0758
KI67 1 in 200 run5.ndpi,Annotation (germinal_center),0.0387
KI67 1 in 200 run5.ndpi,Annotation (germinal_center),0.1046
KI67 1 in 200 run5.ndpi,Annotation (germinal_center),0.0553
KI67 1 in 200 run5.ndpi,Annotation (germinal_center),0.0745
KI67 1 in 200 run5.ndpi,Annotation (germinal_center),0.0439
KI67 1 in 200 run5.ndpi,Annotation (germinal_center),0.0622
KI67 1 in 200 run5.ndpi,Annotation (germinal_center),0.083
KI67 1 in 200 run5.ndpi,Annotation (germinal_center),0.0829
KI67 1 in 200 run5.ndpi,Annotation (germinal_center),0.0537
KI67 1 in 200 run5.ndpi,Annotation (germinal_center),0.0524
KI67 1 in 200 run5.ndpi,Annotation (germinal_center),0.0769
KI67 1 in 200 run5.ndpi,Annotation (germinal_center),0.0499
KI67 1 in 200 run5.ndpi,Annotation (germinal_center),0.0479
KI67 1 in 200 run5.ndpi,Annotation (germinal_center),0.0496
KI67 1 in 200 run5.ndpi,Annotation (germinal_center),0.0604
KI67 1 in 200 run5.ndpi,Annotation (germinal_center),0.0547
KI67 1 in 200 run5.ndpi,Annotation (germinal_center),0.0421
KI67 1 in 200 run5.ndpi,Annotation (germinal_center),0.0424
KI67 1 in 200 run5.ndpi,Annotation (germinal_center),0.0504
KI67 1 in 200 run5.ndpi,Annotation (germinal_center),0.0383
KI67 1 in 200 run5.ndpi,Annotation (germinal_center),0.0609
KI67 1 in 200 run5.ndpi,Annotation (germinal_center),0.0452
KI67 1 in 200 run5.ndpi,Annotation (germinal_center),0.0564
KI67 1 in 200 run5.ndpi,Annotation (germinal_center),0.0337
KI67 1 in 200 run5.ndpi,Annotation (germinal_center),0.0549
KI67 1 in 200 run5.ndpi,Annotation (germinal_center),0.079
KI67 1 in 200 run5.ndpi,Annotation (germinal_center),0.0608
KI67 1 in 200 run5.ndpi,Annotation (germinal_center),0.0566
KI67 1 in 200 run5.ndpi,Annotation (germinal_center),0.0563
KI67 1 in 200 run5.ndpi,Annotation (germinal_center),0.0459
KI67 1 in 200 run5.ndpi,Annotation (germinal_center),0.0663
KI67 1 in 200 run5.ndpi,Annotation (germinal_center),0.0579
KI67 1 in 200 run5.ndpi,Annotation (germinal_center),0.0923
KI67 1 in 200 run5.ndpi,Annotation (germinal_center),0.0527
KI67 1 in 200 run5.ndpi,Annotation (germinal_center),0.0432
KI67 1 in 200 run5.ndpi,Annotation (germinal_center),0.0602
KI67 1 in 200 run5.ndpi,Annotation (germinal_center),0.0464
KI67 1 in 200 run5.ndpi,Annotation (germinal_center),0.044
KI67 1 in 200 run5.ndpi,Annotation (germinal_center),0.0346
KI67 1 in 200 run5.ndpi,Annotation (germinal_center),0.0334
KI67 1 in 200 run5.ndpi,Annotation (germinal_center),0.0414
KI67 1 in 200 run5.ndpi,Annotation (germinal_center),0.067
KI67 1 in 200 run5.ndpi,Annotation (germinal_center),0.0448
KI67 1 in 200 run5.ndpi,Annotation (germinal_center),0.0566
KI67 1 in 200 run5.ndpi,Annotation (germinal_center),0.0631
KI67 1 in 200 run5.ndpi,Annotation (germinal_center),0.0541
KI67 1 in 200 run5.ndpi,Annotation (germinal_center),0.0314
KI67 1 in 200 run5.ndpi,Annotation (germinal_center),0.0517
KI67 1 in 200 run5.ndpi,Annotation (germinal_center),0.0688
KI67 1 in 200 run5.ndpi,Annotation (germinal_center),0.0736
KI67 1 in 200 run5.ndpi,Annotation (germinal_center),0.0446
KI67 1 in 200 run5.ndpi,Annotation (germinal_center),0.0429
KI67 1 in 200 run5.ndpi,Annotation (germinal_center),0.0324
KI67 1 in 200 run5.ndpi,Annotation (germinal_center),0.0498
KI67 1 in 200 run5.ndpi,Annotation (germinal_center),0.1074
KI67 1 in 200 run5.ndpi,Annotation (germinal_center),0.0771
KI67 1 in 200 run5.ndpi,Annotation (germinal_center),0.0815
KI67 1 in 200 run5.ndpi,Annotation (germinal_center),0.0515
KI67 1 in 200 run5.ndpi,Annotation (germinal_center),0.0375
KI67 1 in 200 run5.ndpi,Annotation (germinal_center),0.0504
KI67 1 in 200 run5.ndpi,Annotation (germinal_center),0.0521
KI67 1 in 200 run5.ndpi,Annotation (germinal_center),0.0379
KI67 1 in 200 run5.ndpi,Annotation (germinal_center),0.0379
KI67 1 in 200 run5.ndpi,Annotation (germinal_center),0.0593
KI67 1 in 200 run5.ndpi,Annotation (germinal_center),0.0394
KI67 1 in 200 run5.ndpi,Annotation (germinal_center),0.0441
KI67 1 in 200 run5.ndpi,Annotation (germinal_center),0.0661
KI67 1 in 200 run5.ndpi,Annotation (germinal_center),0.0435
KI67 1 in 200 run5.ndpi,Annotation (germinal_center),0.0692
KI67 1 in 200 run5.ndpi,Annotation (germinal_center),0.0676
KI67 1 in 200 run5.ndpi,Annotation (germinal_center),0.0533
KI67 1 in 200 run5.ndpi,Annotation (germinal_center),0.0482
KI67 1 in 200 run5.ndpi,Annotation (germinal_center),0.0545
KI67 1 in 200 run5.ndpi,Annotation (germinal_center),0.0651
KI67 1 in 200 run5.ndpi,Annotation (germinal_center),0.0391
KI67 1 in 200 run5.ndpi,Annotation (germinal_center),0.036
KI67 1 in 200 run5.ndpi,Annotation (germinal_center),0.0373
KI67 1 in 200 run5.ndpi,Annotation (germinal_center),0.064
KI67 1 in 200 run5.ndpi,Annotation (germinal_center),0.0472
KI67 1 in 200 run5.ndpi,Annotation (germinal_center),0.0718
KI67 1 in 200 run5.ndpi,Annotation (germinal_center),0.0323
KI67 1 in 200 run5.ndpi,Annotation (germinal_center),0.0567
KI67 1 in 200 run5.ndpi,Annotation (germinal_center),0.0726
KI67 1 in 200 run5.ndpi,Annotation (germinal_center),0.0678
KI67 1 in 200 run5.ndpi,Annotation (germinal_center),0.0535
KI67 1 in 200 run5.ndpi,Annotation (germinal_center),0.0469
KI67 1 in 200 run5.ndpi,Annotation (germinal_center),0.0631
KI67 1 in 200 run5.ndpi,Annotation (germinal_center),0.0776
KI67 1 in 200 run5.ndpi,Annotation (germinal_center),0.0379
KI67 1 in 200 run5.ndpi,Annotation (germinal_center),0.0714
KI67 1 in 200 run5.ndpi,Annotation (germinal_center),0.0414
KI67 1 in 200 run5.ndpi,Annotation (germinal_center),0.0434
KI67 1 in 200 run5.ndpi,Annotation (germinal_center),0.0943
KI67 1 in 200 run5.ndpi,Annotation (germinal_center),0.0445
KI67 1 in 200 run5.ndpi,Annotation (germinal_center),0.0462
KI67 1 in 200 run5.ndpi,Annotation (germinal_center),0.0439
KI67 1 in 200 run5.ndpi,Annotation (germinal_center),0.0466
KI67 1 in 200 run5.ndpi,Annotation (germinal_center),0.0535
KI67 1 in 200 run5.ndpi,Annotation (germinal_center),0.0441
KI67 1 in 200 run5.ndpi,Annotation (germinal_center),0.0515
KI67 1 in 200 run5.ndpi,Annotation (germinal_center),0.038
KI67 1 in 200 run5.ndpi,Annotation (germinal_center),0.0448
KI67 1 in 200 run5.ndpi,Annotation (germinal_center),0.0555
KI67 1 in 200 run5.ndpi,Annotation (germinal_center),0.0683
KI67 1 in 200 run5.ndpi,Annotation (germinal_center),0.0435
KI67 1 in 200 run5.ndpi,Annotation (germinal_center),0.0614
KI67 1 in 200 run5.ndpi,Annotation (germinal_center),0.0596
KI67 1 in 200 run5.ndpi,Annotation (germinal_center),0.0503
KI67 1 in 200 run5.ndpi,Annotation (germinal_center),0.073
KI67 1 in 200 run5.ndpi,Annotation (germinal_center),0.0387
KI67 1 in 200 run5.ndpi,Annotation (germinal_center),0.0513
KI67 1 in 200 run5.ndpi,Annotation (germinal_center),0.0476
KI67 1 in 200 run5.ndpi,Annotation (germinal_center),0.0595
KI67 1 in 200 run5.ndpi,Annotation (germinal_center),0.0819
KI67 1 in 200 run5.ndpi,Annotation (germinal_center),0.0365
KI67 1 in 200 run5.ndpi,Annotation (germinal_center),0.07
KI67 1 in 200 run5.ndpi,Annotation (germinal_center),0.051
KI67 1 in 200 run5.ndpi,Annotation (germinal_center),0.0596
KI67 1 in 200 run5.ndpi,Annotation (germinal_center),0.0418
KI67 1 in 200 run5.ndpi,Annotation (germinal_center),0.0587
KI67 1 in 200 run5.ndpi,Annotation (germinal_center),0.0491
KI67 1 in 200 run5.ndpi,Annotation (germinal_center),0.0413
KI67 1 in 200 run5.ndpi,Annotation (germinal_center),0.0427
KI67 1 in 200 run5.ndpi,Annotation (germinal_center),0.075
KI67 1 in 200 run5.ndpi,Annotation (germinal_center),0.0409
KI67 1 in 200 run5.ndpi,Annotation (germinal_center),0.1033
KI67 1 in 200 run5.ndpi,Annotation (germinal_center),0.0472
KI67 1 in 200 run5.ndpi,Annotation (germinal_center),0.0505
KI67 1 in 200 run5.ndpi,Annotation (germinal_center),0.0457
KI67 1 in 200 run5.ndpi,Annotation (germinal_center),0.0929
KI67 1 in 200 run5.ndpi,Annotation (germinal_center),0.0499
KI67 1 in 200 run5.ndpi,Annotation (germinal_center),0.0417
KI67 1 in 200 run5.ndpi,Annotation (germinal_center),0.0745
KI67 1 in 200 run5.ndpi,Annotation (germinal_center),0.0649
KI67 1 in 200 run5.ndpi,Annotation (germinal_center),0.0248
KI67 1 in 200 run5.ndpi,Annotation (germinal_center),0.0452
KI67 1 in 200 run5.ndpi,Annotation (germinal_center),0.0871
KI67 1 in 200 run5.ndpi,Annotation (germinal_center),0.0404
KI67 1 in 200 run5.ndpi,Annotation (germinal_center),0.0409
KI67 1 in 200 run5.ndpi,Annotation (germinal_center),0.0485
KI67 1 in 200 run5.ndpi,Annotation (germinal_center),0.0505
KI67 1 in 200 run5.ndpi,Annotation (germinal_center),0.0707
KI67 1 in 200 run5.ndpi,Annotation (germinal_center),0.121
KI67 1 in 200 run5.ndpi,Annotation (germinal_center),0.039
KI67 1 in 200 run5.ndpi,Annotation (germinal_center),0.0555
KI67 1 in 200 run5.ndpi,Annotation (germinal_center),0.0611
KI67 1 in 200 run5.ndpi,Annotation (germinal_center),0.0413
KI67 1 in 200 run5.ndpi,Annotation (germinal_center),0.0478
KI67 1 in 200 run5.ndpi,Annotation (germinal_center),0.0492
KI67 1 in 200 run5.ndpi,Annotation (germinal_center),0.1379
KI67 1 in 200 run5.ndpi,Annotation (germinal_center),0.0468
KI67 1 in 200 run5.ndpi,Annotation (germinal_center),0.0561
KI67 1 in 200 run5.ndpi,Annotation (germinal_center),0.0373
KI67 1 in 200 run5.ndpi,Annotation (germinal_center),0.0557
KI67 1 in 200 run5.ndpi,Annotation (germinal_center),0.0416
KI67 1 in 200 run5.ndpi,Annotation (germinal_center),0.0879
KI67 1 in 200 run5.ndpi,Annotation (germinal_center),0.0346
KI67 1 in 200 run5.ndpi,Annotation (germinal_center),0.0425
KI67 1 in 200 run5.ndpi,Annotation (germinal_center),0.0444
KI67 1 in 200 run5.ndpi,Annotation (germinal_center),0.1238
KI67 1 in 200 run5.ndpi,Annotation (germinal_center),0.0757
KI67 1 in 200 run5.ndpi,Annotation (germinal_center),0.0516
KI67 1 in 200 run5.ndpi,Annotation (germinal_center),0.0465
KI67 1 in 200 run5.ndpi,Annotation (germinal_center),0.0389
KI67 1 in 200 run5.ndpi,Annotation (germinal_center),0.0701
KI67 1 in 200 run5.ndpi,Annotation (germinal_center),0.0381
KI67 1 in 200 run5.ndpi,Annotation (germinal_center),0.0679
KI67 1 in 200 run5.ndpi,Annotation (germinal_center),0.0496
KI67 1 in 200 run5.ndpi,Annotation (germinal_center),0.0395
KI67 1 in 200 run5.ndpi,Annotation (germinal_center),0.0664
KI67 1 in 200 run5.ndpi,Annotation (germinal_center),0.0457
KI67 1 in 200 run5.ndpi,Annotation (germinal_center),0.0392
KI67 1 in 200 run5.ndpi,Annotation (germinal_center),0.0515
KI67 1 in 200 run5.ndpi,Annotation (germinal_center),0.0403
KI67 1 in 200 run5.ndpi,Annotation (germinal_center),0.0677
KI67 1 in 200 run5.ndpi,Annotation (germinal_center),0.0608
KI67 1 in 200 run5.ndpi,Annotation (germinal_center),0.0396
KI67 1 in 200 run5.ndpi,Annotation (germinal_center),0.0766
KI67 1 in 200 run5.ndpi,Annotation (germinal_center),0.0344
KI67 1 in 200 run5.ndpi,Annotation (germinal_center),0.0519
KI67 1 in 200 run5.ndpi,Annotation (germinal_center),0.0588
KI67 1 in 200 run5.ndpi,Annotation (germinal_center),0.0408
KI67 1 in 200 run5.ndpi,Annotation (germinal_center),0.0761
KI67 1 in 200 run5.ndpi,Annotation (germinal_center),0.0511
KI67 1 in 200 run5.ndpi,Annotation (germinal_center),0.0926
KI67 1 in 200 run5.ndpi,Annotation (germinal_center),0.0464
KI67 1 in 200 run5.ndpi,Annotation (germinal_center),0.0481
KI67 1 in 200 run5.ndpi,Annotation (germinal_center),0.0596
KI67 1 in 200 run5.ndpi,Annotation (germinal_center),0.0727
KI67 1 in 200 run5.ndpi,Annotation (germinal_center),0.0564
KI67 1 in 200 run5.ndpi,Annotation (germinal_center),0.0454
KI67 1 in 200 run5.ndpi,Annotation (germinal_center),0.0873
KI67 1 in 200 run5.ndpi,Annotation (germinal_center),0.0404
KI67 1 in 200 run5.ndpi,Annotation (germinal_center),0.0433
KI67 1 in 200 run5.ndpi,Annotation (germinal_center),0.0664
KI67 1 in 200 run5.ndpi,Annotation (germinal_center),0.0762
KI67 1 in 200 run5.ndpi,Annotation (germinal_center),0.037
KI67 1 in 200 run5.ndpi,Annotation (germinal_center),0.058
KI67 1 in 200 run5.ndpi,Annotation (germinal_center),0.037
KI67 1 in 200 run5.ndpi,Annotation (germinal_center),0.0513
KI67 1 in 200 run5.ndpi,Annotation (germinal_center),0.0539
KI67 1 in 200 run5.ndpi,Annotation (germinal_center),0.0485
KI67 1 in 200 run5.ndpi,Annotation (germinal_center),0.0827
KI67 1 in 200 run5.ndpi,Annotation (germinal_center),0.0419
KI67 1 in 200 run5.ndpi,Annotation (germinal_center),0.051
KI67 1 in 200 run5.ndpi,Annotation (germinal_center),0.0416
KI67 1 in 200 run5.ndpi,Annotation (germinal_center),0.0409
KI67 1 in 200 run5.ndpi,Annotation (germinal_center),0.0508
KI67 1 in 200 run5.ndpi,Annotation (germinal_center),0.0391
KI67 1 in 200 run5.ndpi,Annotation (germinal_center),0.062
KI67 1 in 200 run5.ndpi,Annotation (germinal_center),0.0505
KI67 1 in 200 run5.ndpi,Annotation (germinal_center),0.0513
KI67 1 in 200 run5.ndpi,Annotation (germinal_center),0.0778
KI67 1 in 200 run5.ndpi,Annotation (germinal_center),0.0621
KI67 1 in 200 run5.ndpi,Annotation (germinal_center),0.0663
KI67 1 in 200 run5.ndpi,Annotation (germinal_center),0.0853
KI67 1 in 200 run5.ndpi,Annotation (germinal_center),0.0346
KI67 1 in 200 run5.ndpi,Annotation (germinal_center),0.0571
KI67 1 in 200 run5.ndpi,Annotation (germinal_center),0.0749
KI67 1 in 200 run5.ndpi,Annotation (germinal_center),0.0358
KI67 1 in 200 run5.ndpi,Annotation (germinal_center),0.0578
KI67 1 in 200 run5.ndpi,Annotation (germinal_center),0.0561
KI67 1 in 200 run5.ndpi,Annotation (germinal_center),0.0785
KI67 1 in 200 run5.ndpi,Annotation (germinal_center),0.0684
KI67 1 in 200 run5.ndpi,Annotation (germinal_center),0.0765
KI67 1 in 200 run5.ndpi,Annotation (germinal_center),0.0594
KI67 1 in 200 run5.ndpi,Annotation (germinal_center),0.0624
KI67 1 in 200 run5.ndpi,Annotation (germinal_center),0.1008
KI67 1 in 200 run5.ndpi,Annotation (germinal_center),0.0576
KI67 1 in 200 run5.ndpi,Annotation (germinal_center),0.0566
KI67 1 in 200 run5.ndpi,Annotation (germinal_center),0.0635
KI67 1 in 200 run5.ndpi,Annotation (germinal_center),0.051
KI67 1 in 200 run5.ndpi,Annotation (germinal_center),0.0533
KI67 1 in 200 run5.ndpi,Annotation (germinal_center),0.2357
KI67 1 in 200 run5.ndpi,Annotation (germinal_center),0.0729
KI67 1 in 200 run5.ndpi,Annotation (germinal_center),0.0628
KI67 1 in 200 run5.ndpi,Annotation (germinal_center),0.0775
KI67 1 in 200 run5.ndpi,Annotation (germinal_center),0.0495
KI67 1 in 200 run5.ndpi,Annotation (germinal_center),0.05
KI67 1 in 200 run5.ndpi,Annotation (germinal_center),0.0495
KI67 1 in 200 run5.ndpi,Annotation (germinal_center),0.0299
KI67 1 in 200 run5.ndpi,Annotation (germinal_center),0.0804
KI67 1 in 200 run5.ndpi,Annotation (germinal_center),0.0336
KI67 1 in 200 run5.ndpi,Annotation (germinal_center),0.0501
KI67 1 in 200 run5.ndpi,Annotation (germinal_center),0.0573
KI67 1 in 200 run5.ndpi,Annotation (germinal_center),0.0308
KI67 1 in 200 run5.ndpi,Annotation (germinal_center),0.0477
KI67 1 in 200 run5.ndpi,Annotation (germinal_center),0.0306
KI67 1 in 200 run5.ndpi,Annotation (germinal_center),0.1416
KI67 1 in 200 run5.ndpi,Annotation (germinal_center),0.0394
KI67 1 in 200 run5.ndpi,Annotation (germinal_center),0.0347
KI67 1 in 200 run5.ndpi,Annotation (germinal_center),0.0492
KI67 1 in 200 run5.ndpi,Annotation (germinal_center),0.0408
KI67 1 in 200 run5.ndpi,Annotation (germinal_center),0.0416
KI67 1 in 200 run5.ndpi,Annotation (germinal_center),0.0391
KI67 1 in 200 run5.ndpi,Annotation (germinal_center),0.0699
KI67 1 in 200 run5.ndpi,Annotation (germinal_center),0.0942
KI67 1 in 200 run5.ndpi,Annotation (germinal_center),0.061
KI67 1 in 200 run5.ndpi,Annotation (germinal_center),0.0461
KI67 1 in 200 run5.ndpi,Annotation (germinal_center),0.0617
KI67 1 in 200 run5.ndpi,Annotation (germinal_center),0.0929
KI67 1 in 200 run5.ndpi,Annotation (germinal_center),0.0633
KI67 1 in 200 run5.ndpi,Annotation (germinal_center),0.0371
KI67 1 in 200 run5.ndpi,Annotation (germinal_center),0.1658
KI67 1 in 200 run5.ndpi,Annotation (germinal_center),0.0402
KI67 1 in 200 run5.ndpi,Annotation (germinal_center),0.0413
KI67 1 in 200 run5.ndpi,Annotation (germinal_center),0.0547
KI67 1 in 200 run5.ndpi,Annotation (germinal_center),0.0589
KI67 1 in 200 run5.ndpi,Annotation (germinal_center),0.082
KI67 1 in 200 run5.ndpi,Annotation (germinal_center),0.0591
KI67 1 in 200 run5.ndpi,Annotation (germinal_center),0.07
KI67 1 in 200 run5.ndpi,Annotation (germinal_center),0.0601
KI67 1 in 200 run5.ndpi,Annotation (germinal_center),0.0216
KI67 1 in 200 run5.ndpi,Annotation (germinal_center),0.0522
KI67 1 in 200 run5.ndpi,Annotation (germinal_center),0.0446
KI67 1 in 200 run5.ndpi,Annotation (germinal_center),0.0653
KI67 1 in 200 run5.ndpi,Annotation (germinal_center),0.0509
KI67 1 in 200 run5.ndpi,Annotation (germinal_center),0.0546
KI67 1 in 200 run5.ndpi,Annotation (germinal_center),0.0394
KI67 1 in 200 run5.ndpi,Annotation (germinal_center),0.104
KI67 1 in 200 run5.ndpi,Annotation (germinal_center),0.0973
KI67 1 in 200 run5.ndpi,Annotation (germinal_center),0.0442
KI67 1 in 200 run5.ndpi,Annotation (germinal_center),0.0451
KI67 1 in 200 run5.ndpi,Annotation (germinal_center),0.0495
KI67 1 in 200 run5.ndpi,Annotation (germinal_center),0.0473
KI67 1 in 200 run5.ndpi,Annotation (germinal_center),0.0558
KI67 1 in 200 run5.ndpi,Annotation (germinal_center),0.0765
KI67 1 in 200 run5.ndpi,Annotation (germinal_center),0.0385
KI67 1 in 200 run5.ndpi,Annotation (germinal_center),0.0532
KI67 1 in 200 run5.ndpi,Annotation (germinal_center),0.0533
KI67 1 in 200 run5.ndpi,Annotation (germinal_center),0.0449
KI67 1 in 200 run5.ndpi,Annotation (germinal_center),0.031
KI67 1 in 200 run5.ndpi,Annotation (germinal_center),0.0368
KI67 1 in 200 run5.ndpi,Annotation (germinal_center),0.0655
KI67 1 in 200 run5.ndpi,Annotation (germinal_center),0.0859
KI67 1 in 200 run5.ndpi,Annotation (germinal_center),0.0481
KI67 1 in 200 run5.ndpi,Annotation (germinal_center),0.0469
KI67 1 in 200 run5.ndpi,Annotation (germinal_center),0.0357
KI67 1 in 200 run5.ndpi,Annotation (germinal_center),0.0944
KI67 1 in 200 run5.ndpi,Annotation (germinal_center),0.0428
KI67 1 in 200 run5.ndpi,Annotation (germinal_center),0.0622
KI67 1 in 200 run5.ndpi,Annotation (germinal_center),0.0453
KI67 1 in 200 run5.ndpi,Annotation (germinal_center),0.0506
KI67 1 in 200 run5.ndpi,Annotation (germinal_center),0.0409
KI67 1 in 200 run5.ndpi,Annotation (germinal_center),0.0317
KI67 1 in 200 run5.ndpi,Annotation (germinal_center),0.0667
KI67 1 in 200 run5.ndpi,Annotation (germinal_center),0.0379
KI67 1 in 200 run5.ndpi,Annotation (germinal_center),0.0648
KI67 1 in 200 run5.ndpi,Annotation (germinal_center),0.0952
KI67 1 in 200 run5.ndpi,Annotation (germinal_center),0.0367
KI67 1 in 200 run5.ndpi,Annotation (germinal_center),0.0696
KI67 1 in 200 run5.ndpi,Annotation (germinal_center),0.0754
KI67 1 in 200 run5.ndpi,Annotation (germinal_center),0.0629
KI67 1 in 200 run5.ndpi,Annotation (germinal_center),0.0383
KI67 1 in 200 run5.ndpi,Annotation (germinal_center),0.0429
KI67 1 in 200 run5.ndpi,Annotation (germinal_center),0.0441
KI67 1 in 200 run5.ndpi,Annotation (germinal_center),0.0362
KI67 1 in 200 run5.ndpi,Annotation (germinal_center),0.0394
KI67 1 in 200 run5.ndpi,Annotation (germinal_center),0.0547
KI67 1 in 200 run5.ndpi,Annotation (germinal_center),0.0684
KI67 1 in 200 run5.ndpi,Annotation (germinal_center),0.0443
KI67 1 in 200 run5.ndpi,Annotation (germinal_center),0.047
KI67 1 in 200 run5.ndpi,Annotation (germinal_center),0.042
KI67 1 in 200 run5.ndpi,Annotation (germinal_center),0.0558
KI67 1 in 200 run5.ndpi,Annotation (germinal_center),0.0794
KI67 1 in 200 run5.ndpi,Annotation (germinal_center),0.0412
KI67 1 in 200 run5.ndpi,Annotation (germinal_center),0.0635
KI67 1 in 200 run5.ndpi,Annotation (germinal_center),0.0369
KI67 1 in 200 run5.ndpi,Annotation (germinal_center),0.0408
KI67 1 in 200 run5.ndpi,Annotation (germinal_center),0.0405
KI67 1 in 200 run5.ndpi,Annotation (germinal_center),0.0714
KI67 1 in 200 run5.ndpi,Annotation (germinal_center),0.0569
KI67 1 in 200 run5.ndpi,Annotation (germinal_center),0.0458
KI67 1 in 200 run5.ndpi,Annotation (germinal_center),0.0449
KI67 1 in 200 run5.ndpi,Annotation (germinal_center),0.0964
KI67 1 in 200 run5.ndpi,Annotation (germinal_center),0.0588
KI67 1 in 200 run5.ndpi,Annotation (germinal_center),0.056
KI67 1 in 200 run5.ndpi,Annotation (germinal_center),0.0357
KI67 1 in 200 run5.ndpi,Annotation (germinal_center),0.0443
KI67 1 in 200 run5.ndpi,Annotation (germinal_center),0.071
KI67 1 in 200 run5.ndpi,Annotation (germinal_center),0.0534
KI67 1 in 200 run5.ndpi,Annotation (germinal_center),0.0706
KI67 1 in 200 run5.ndpi,Annotation (germinal_center),0.0471
KI67 1 in 200 run5.ndpi,Annotation (germinal_center),0.0709
KI67 1 in 200 run5.ndpi,Annotation (germinal_center),0.03
KI67 1 in 200 run5.ndpi,Annotation (germinal_center),0.0345
KI67 1 in 200 run5.ndpi,Annotation (germinal_center),0.0948
KI67 1 in 200 run5.ndpi,Annotation (germinal_center),0.1381
KI67 1 in 200 run5.ndpi,Annotation (germinal_center),0.0482
KI67 1 in 200 run5.ndpi,Annotation (germinal_center),0.0611
KI67 1 in 200 run5.ndpi,Annotation (germinal_center),0.075
KI67 1 in 200 run5.ndpi,Annotation (germinal_center),0.0706
KI67 1 in 200 run5.ndpi,Annotation (germinal_center),0.0866
KI67 1 in 200 run5.ndpi,Annotation (germinal_center),0.0507
KI67 1 in 200 run5.ndpi,Annotation (germinal_center),0.0361
KI67 1 in 200 run5.ndpi,Annotation (germinal_center),0.0457
KI67 1 in 200 run5.ndpi,Annotation (germinal_center),0.0612
KI67 1 in 200 run5.ndpi,Annotation (germinal_center),0.0637
KI67 1 in 200 run5.ndpi,Annotation (germinal_center),0.0359
KI67 1 in 200 run5.ndpi,Annotation (germinal_center),0.0368
KI67 1 in 200 run5.ndpi,Annotation (germinal_center),0.0441
KI67 1 in 200 run5.ndpi,Annotation (germinal_center),0.0403
KI67 1 in 200 run5.ndpi,Annotation (germinal_center),0.0444
KI67 1 in 200 run5.ndpi,Annotation (germinal_center),0.0549
KI67 1 in 200 run5.ndpi,Annotation (germinal_center),0.053
KI67 1 in 200 run5.ndpi,Annotation (germinal_center),0.0817
KI67 1 in 200 run5.ndpi,Annotation (germinal_center),0.0477
KI67 1 in 200 run5.ndpi,Annotation (germinal_center),0.0567
KI67 1 in 200 run5.ndpi,Annotation (germinal_center),0.0645
KI67 1 in 200 run5.ndpi,Annotation (germinal_center),0.0531
KI67 1 in 200 run5.ndpi,Annotation (germinal_center),0.0489
KI67 1 in 200 run5.ndpi,Annotation (germinal_center),0.0584
KI67 1 in 200 run5.ndpi,Annotation (germinal_center),0.0391
KI67 1 in 200 run5.ndpi,Annotation (germinal_center),0.0759
KI67 1 in 200 run5.ndpi,Annotation (germinal_center),0.0552
KI67 1 in 200 run5.ndpi,Annotation (germinal_center),0.0546
KI67 1 in 200 run5.ndpi,Annotation (germinal_center),0.0589
KI67 1 in 200 run5.ndpi,Annotation (germinal_center),0.0553
KI67 1 in 200 run5.ndpi,Annotation (germinal_center),0.2507
KI67 1 in 200 run5.ndpi,Annotation (germinal_center),0.0538
KI67 1 in 200 run5.ndpi,Annotation (germinal_center),0.049
KI67 1 in 200 run5.ndpi,Annotation (germinal_center),0.0623
KI67 1 in 200 run5.ndpi,Annotation (germinal_center),0.0441
KI67 1 in 200 run5.ndpi,Annotation (germinal_center),0.0525
KI67 1 in 200 run5.ndpi,Annotation (germinal_center),0.0738
KI67 1 in 200 run5.ndpi,Annotation (germinal_center),0.0383
KI67 1 in 200 run5.ndpi,Annotation (germinal_center),0.087
KI67 1 in 200 run5.ndpi,Annotation (germinal_center),0.0363
KI67 1 in 200 run5.ndpi,Annotation (germinal_center),0.0468
KI67 1 in 200 run5.ndpi,Annotation (germinal_center),0.0414
KI67 1 in 200 run5.ndpi,Annotation (germinal_center),0.0465
KI67 1 in 200 run5.ndpi,Annotation (germinal_center),0.0444
KI67 1 in 200 run5.ndpi,Annotation (germinal_center),0.0328
KI67 1 in 200 run5.ndpi,Annotation (germinal_center),0.0699
KI67 1 in 200 run5.ndpi,Annotation (germinal_center),0.0575
KI67 1 in 200 run5.ndpi,Annotation (germinal_center),0.0555
KI67 1 in 200 run5.ndpi,Annotation (germinal_center),0.0912
KI67 1 in 200 run5.ndpi,Annotation (germinal_center),0.0564
KI67 1 in 200 run5.ndpi,Annotation (germinal_center),0.0622
KI67 1 in 200 run5.ndpi,Annotation (germinal_center),0.0429
KI67 1 in 200 run5.ndpi,Annotation (germinal_center),0.0437
KI67 1 in 200 run5.ndpi,Annotation (germinal_center),0.0398
KI67 1 in 200 run5.ndpi,Annotation (germinal_center),0.0745
KI67 1 in 200 run5.ndpi,Annotation (germinal_center),0.0464
KI67 1 in 200 run5.ndpi,Annotation (germinal_center),0.028
KI67 1 in 200 run5.ndpi,Annotation (germinal_center),0.0693
KI67 1 in 200 run5.ndpi,Annotation (germinal_center),0.0696
KI67 1 in 200 run5.ndpi,Annotation (germinal_center),0.0648
KI67 1 in 200 run5.ndpi,Annotation (germinal_center),0.0494
KI67 1 in 200 run5.ndpi,Annotation (germinal_center),0.0542
KI67 1 in 200 run5.ndpi,Annotation (germinal_center),0.0515
KI67 1 in 200 run5.ndpi,Annotation (germinal_center),0.0884
KI67 1 in 200 run5.ndpi,Annotation (germinal_center),0.046
KI67 1 in 200 run5.ndpi,Annotation (germinal_center),0.0838
KI67 1 in 200 run5.ndpi,Annotation (germinal_center),0.0656
KI67 1 in 200 run5.ndpi,Annotation (germinal_center),0.1109
KI67 1 in 200 run5.ndpi,Annotation (germinal_center),0.0796
KI67 1 in 200 run5.ndpi,Annotation (germinal_center),0.0837
KI67 1 in 200 run5.ndpi,Annotation (germinal_center),0.0593
KI67 1 in 200 run5.ndpi,Annotation (germinal_center),0.0606
KI67 1 in 200 run5.ndpi,Annotation (germinal_center),0.0432
KI67 1 in 200 run5.ndpi,Annotation (germinal_center),0.0739
KI67 1 in 200 run5.ndpi,Annotation (germinal_center),0.0743
KI67 1 in 200 run5.ndpi,Annotation (germinal_center),0.0484
KI67 1 in 200 run5.ndpi,Annotation (germinal_center),0.0896
KI67 1 in 200 run5.ndpi,Annotation (germinal_center),0.0512
KI67 1 in 200 run5.ndpi,Annotation (germinal_center),0.0554
KI67 1 in 200 run5.ndpi,Annotation (germinal_center),0.0876
KI67 1 in 200 run5.ndpi,Annotation (germinal_center),0.0753
KI67 1 in 200 run5.ndpi,Annotation (germinal_center),0.0515
KI67 1 in 200 run5.ndpi,Annotation (germinal_center),0.0983
KI67 1 in 200 run5.ndpi,Annotation (germinal_center),0.0425
KI67 1 in 200 run5.ndpi,Annotation (germinal_center),0.0456
KI67 1 in 200 run5.ndpi,Annotation (germinal_center),0.0791
KI67 1 in 200 run5.ndpi,Annotation (germinal_center),0.0604
KI67 1 in 200 run5.ndpi,Annotation (germinal_center),0.0565
KI67 1 in 200 run5.ndpi,Annotation (germinal_center),0.0395
KI67 1 in 200 run5.ndpi,Annotation (germinal_center),0.0545
KI67 1 in 200 run5.ndpi,Annotation (germinal_center),0.0311
KI67 1 in 200 run5.ndpi,Annotation (germinal_center),0.0414
KI67 1 in 200 run5.ndpi,Annotation (germinal_center),0.0702
KI67 1 in 200 run5.ndpi,Annotation (germinal_center),0.0395
KI67 1 in 200 run5.ndpi,Annotation (germinal_center),0.051
KI67 1 in 200 run5.ndpi,Annotation (germinal_center),0.0515
KI67 1 in 200 run5.ndpi,Annotation (germinal_center),0.0564
KI67 1 in 200 run5.ndpi,Annotation (germinal_center),0.0379
KI67 1 in 200 run5.ndpi,Annotation (germinal_center),0.0558
KI67 1 in 200 run5.ndpi,Annotation (germinal_center),0.0915
KI67 1 in 200 run5.ndpi,Annotation (germinal_center),0.09
KI67 1 in 200 run5.ndpi,Annotation (germinal_center),0.0416
KI67 1 in 200 run5.ndpi,Annotation (germinal_center),0.0343
KI67 1 in 200 run5.ndpi,Annotation (germinal_center),0.0677
KI67 1 in 200 run5.ndpi,Annotation (germinal_center),0.0516
KI67 1 in 200 run5.ndpi,Annotation (germinal_center),0.0419
KI67 1 in 200 run5.ndpi,Annotation (germinal_center),0.0342
KI67 1 in 200 run5.ndpi,Annotation (germinal_center),0.0384
KI67 1 in 200 run5.ndpi,Annotation (germinal_center),0.0269
KI67 1 in 200 run5.ndpi,Annotation (germinal_center),0.045
KI67 1 in 200 run5.ndpi,Annotation (germinal_center),0.0684
KI67 1 in 200 run5.ndpi,Annotation (germinal_center),0.0477
KI67 1 in 200 run5.ndpi,Annotation (germinal_center),0.0624
KI67 1 in 200 run5.ndpi,Annotation (germinal_center),0.0411
KI67 1 in 200 run5.ndpi,Annotation (germinal_center),0.0411
KI67 1 in 200 run5.ndpi,Annotation (germinal_center),0.0702
KI67 1 in 200 run5.ndpi,Annotation (germinal_center),0.0821
KI67 1 in 200 run5.ndpi,Annotation (germinal_center),0.0515
KI67 1 in 200 run5.ndpi,Annotation (germinal_center),0.0497
KI67 1 in 200 run5.ndpi,Annotation (germinal_center),0.0445
KI67 1 in 200 run5.ndpi,Annotation (germinal_center),0.0664
KI67 1 in 200 run5.ndpi,Annotation (germinal_center),0.0582
KI67 1 in 200 run5.ndpi,Annotation (germinal_center),0.039
KI67 1 in 200 run5.ndpi,Annotation (germinal_center),0.0497
KI67 1 in 200 run5.ndpi,Annotation (germinal_center),0.0482
KI67 1 in 200 run5.ndpi,Annotation (germinal_center),0.0846
KI67 1 in 200 run5.ndpi,Annotation (germinal_center),0.0607
KI67 1 in 200 run5.ndpi,Annotation (germinal_center),0.0555
KI67 1 in 200 run5.ndpi,Annotation (germinal_center),0.0805
KI67 1 in 200 run5.ndpi,Annotation (germinal_center),0.0599
KI67 1 in 200 run5.ndpi,Annotation (germinal_center),0.0684
KI67 1 in 200 run5.ndpi,Annotation (germinal_center),0.0441
KI67 1 in 200 run5.ndpi,Annotation (germinal_center),0.0548
KI67 1 in 200 run5.ndpi,Annotation (germinal_center),0.042
KI67 1 in 200 run5.ndpi,Annotation (germinal_center),0.0462
KI67 1 in 200 run5.ndpi,Annotation (germinal_center),0.0491
KI67 1 in 200 run5.ndpi,Annotation (germinal_center),0.0927
KI67 1 in 200 run5.ndpi,Annotation (germinal_center),0.0472
KI67 1 in 200 run5.ndpi,Annotation (germinal_center),0.0646
KI67 1 in 200 run5.ndpi,Annotation (germinal_center),0.0622
KI67 1 in 200 run5.ndpi,Annotation (germinal_center),0.0424
KI67 1 in 200 run5.ndpi,Annotation (germinal_center),0.0583
KI67 1 in 200 run5.ndpi,Annotation (germinal_center),0.0958
KI67 1 in 200 run5.ndpi,Annotation (germinal_center),0.1042
KI67 1 in 200 run5.ndpi,Annotation (germinal_center),0.0619
KI67 1 in 200 run5.ndpi,Annotation (germinal_center),0.0562
KI67 1 in 200 run5.ndpi,Annotation (germinal_center),0.0665
KI67 1 in 200 run5.ndpi,Annotation (germinal_center),
KI67 1 in 200 run5.ndpi,Annotation (germinal_center),0.0722
KI67 1 in 200 run5.ndpi,Annotation (germinal_center),0.0788
KI67 1 in 200 run5.ndpi,Annotation (germinal_center),0.0993
KI67 1 in 200 run5.ndpi,Annotation (germinal_center),0.0886
KI67 1 in 200 run5.ndpi,Annotation (germinal_center),0.0663
KI67 1 in 200 run5.ndpi,Annotation (germinal_center),0.0931
KI67 1 in 200 run5.ndpi,Annotation (germinal_center),0.0616
KI67 1 in 200 run5.ndpi,Annotation (germinal_center),0.1206
KI67 1 in 200 run5.ndpi,Annotation (germinal_center),0.0586
KI67 1 in 200 run5.ndpi,Annotation (germinal_center),0.0555
KI67 1 in 200 run5.ndpi,Annotation (germinal_center),0.0829
KI67 1 in 200 run5.ndpi,Annotation (germinal_center),0.0959
KI67 1 in 200 run5.ndpi,Annotation (germinal_center),0.0572
KI67 1 in 200 run5.ndpi,Annotation (germinal_center),0.0457
KI67 1 in 200 run5.ndpi,Annotation (germinal_center),0.0634
KI67 1 in 200 run5.ndpi,Annotation (germinal_center),0.0742
KI67 1 in 200 run5.ndpi,Annotation (germinal_center),0.0786
KI67 1 in 200 run5.ndpi,Annotation (germinal_center),0.099
KI67 1 in 200 run5.ndpi,Annotation (germinal_center),0.0882
KI67 1 in 200 run5.ndpi,Annotation (germinal_center),0.0755
KI67 1 in 200 run5.ndpi,Annotation (germinal_center),0.0949
KI67 1 in 200 run5.ndpi,Annotation (germinal_center),0.0749
KI67 1 in 200 run5.ndpi,Annotation (germinal_center),0.0726
KI67 1 in 200 run5.ndpi,Annotation (germinal_center),0.0903
KI67 1 in 200 run5.ndpi,Annotation (germinal_center),0.0646
KI67 1 in 200 run5.ndpi,Annotation (germinal_center),0.0749
KI67 1 in 200 run5.ndpi,Annotation (germinal_center),0.0499
KI67 1 in 200 run5.ndpi,Annotation (germinal_center),0.0752
KI67 1 in 200 run5.ndpi,Annotation (germinal_center),0.0624
KI67 1 in 200 run5.ndpi,Annotation (germinal_center),0.3404
KI67 1 in 200 run5.ndpi,Annotation (germinal_center),0.062
KI67 1 in 200 run5.ndpi,Annotation (germinal_center),0.0842
KI67 1 in 200 run5.ndpi,Annotation (germinal_center),0.083
KI67 1 in 200 run5.ndpi,Annotation (germinal_center),0.0586
KI67 1 in 200 run5.ndpi,Annotation (germinal_center),0.0737
KI67 1 in 200 run5.ndpi,Annotation (germinal_center),0.084
KI67 1 in 200 run5.ndpi,Annotation (germinal_center),0.1268
KI67 1 in 200 run5.ndpi,Annotation (germinal_center),0.1401
KI67 1 in 200 run5.ndpi,Annotation (germinal_center),0.0775
KI67 1 in 200 run5.ndpi,Annotation (germinal_center),0.1039
KI67 1 in 200 run5.ndpi,Annotation (germinal_center),0.0564
KI67 1 in 200 run5.ndpi,Annotation (germinal_center),0.0832
KI67 1 in 200 run5.ndpi,Annotation (germinal_center),0.0475
KI67 1 in 200 run5.ndpi,Annotation (germinal_center),0.0514
KI67 1 in 200 run5.ndpi,Annotation (germinal_center),0.0663
KI67 1 in 200 run5.ndpi,Annotation (germinal_center),0.2077
KI67 1 in 200 run5.ndpi,Annotation (germinal_center),0.0818
KI67 1 in 200 run5.ndpi,Annotation (germinal_center),0.0519
KI67 1 in 200 run5.ndpi,Annotation (germinal_center),0.0644
KI67 1 in 200 run5.ndpi,Annotation (germinal_center),0.0786
KI67 1 in 200 run5.ndpi,Annotation (germinal_center),0.0744
KI67 1 in 200 run5.ndpi,Annotation (germinal_center),0.0977
KI67 1 in 200 run5.ndpi,Annotation (germinal_center),0.108
KI67 1 in 200 run5.ndpi,Annotation (germinal_center),0.0726
KI67 1 in 200 run5.ndpi,Annotation (germinal_center),0.3922
KI67 1 in 200 run5.ndpi,Annotation (germinal_center),0.0758
KI67 1 in 200 run5.ndpi,Annotation (germinal_center),0.04
KI67 1 in 200 run5.ndpi,Annotation (germinal_center),0.0489
KI67 1 in 200 run5.ndpi,Annotation (germinal_center),0.0588
KI67 1 in 200 run5.ndpi,Annotation (germinal_center),0.0555
KI67 1 in 200 run5.ndpi,Annotation (germinal_center),0.0895
KI67 1 in 200 run5.ndpi,Annotation (germinal_center),0.105
KI67 1 in 200 run5.ndpi,Annotation (germinal_center),0.0647
KI67 1 in 200 run5.ndpi,Annotation (germinal_center),0.0714
KI67 1 in 200 run5.ndpi,Annotation (germinal_center),0.0884
KI67 1 in 200 run5.ndpi,Annotation (germinal_center),0.0807
KI67 1 in 200 run5.ndpi,Annotation (germinal_center),0.0588
KI67 1 in 200 run5.ndpi,Annotation (germinal_center),0.048
KI67 1 in 200 run5.ndpi,Annotation (germinal_center),0.085
KI67 1 in 200 run5.ndpi,Annotation (germinal_center),0.0846
KI67 1 in 200 run5.ndpi,Annotation (germinal_center),0.085
KI67 1 in 200 run5.ndpi,Annotation (germinal_center),0.0711
KI67 1 in 200 run5.ndpi,Annotation (germinal_center),0.0705
KI67 1 in 200 run5.ndpi,Annotation (germinal_center),0.2662
KI67 1 in 200 run5.ndpi,Annotation (germinal_center),0.0523
KI67 1 in 200 run5.ndpi,Annotation (germinal_center),0.0806
KI67 1 in 200 run5.ndpi,Annotation (germinal_center),0.0694
KI67 1 in 200 run5.ndpi,Annotation (germinal_center),0.0733
KI67 1 in 200 run5.ndpi,Annotation (germinal_center),0.0801
KI67 1 in 200 run5.ndpi,Annotation (germinal_center),0.0819
KI67 1 in 200 run5.ndpi,Annotation (germinal_center),0.0762
KI67 1 in 200 run5.ndpi,Annotation (germinal_center),0.0774
KI67 1 in 200 run5.ndpi,Annotation (germinal_center),0.0558
KI67 1 in 200 run5.ndpi,Annotation (germinal_center),0.0605
KI67 1 in 200 run5.ndpi,Annotation (germinal_center),0.0807
KI67 1 in 200 run5.ndpi,Annotation (germinal_center),0.0632
KI67 1 in 200 run5.ndpi,Annotation (germinal_center),0.0628
KI67 1 in 200 run5.ndpi,Annotation (germinal_center),0.0501
KI67 1 in 200 run5.ndpi,Annotation (germinal_center),0.0667
KI67 1 in 200 run5.ndpi,Annotation (germinal_center),0.094
KI67 1 in 200 run5.ndpi,Annotation (germinal_center),0.0894
KI67 1 in 200 run5.ndpi,Annotation (germinal_center),0.0756
KI67 1 in 200 run5.ndpi,Annotation (germinal_center),0.0839
KI67 1 in 200 run5.ndpi,Annotation (germinal_center),0.0745
KI67 1 in 200 run5.ndpi,Annotation (germinal_center),0.0459
KI67 1 in 200 run5.ndpi,Annotation (germinal_center),0.0763
KI67 1 in 200 run5.ndpi,Annotation (germinal_center),0.069
KI67 1 in 200 run5.ndpi,Annotation (germinal_center),0.059
KI67 1 in 200 run5.ndpi,Annotation (germinal_center),0.0709
KI67 1 in 200 run5.ndpi,Annotation (germinal_center),0.0621
KI67 1 in 200 run5.ndpi,Annotation (germinal_center),0.0697
KI67 1 in 200 run5.ndpi,Annotation (germinal_center),0.0536
KI67 1 in 200 run5.ndpi,Annotation (germinal_center),0.0748
KI67 1 in 200 run5.ndpi,Annotation (germinal_center),0.0624
KI67 1 in 200 run5.ndpi,Annotation (germinal_center),0.0796
KI67 1 in 200 run5.ndpi,Annotation (germinal_center),0.0755
KI67 1 in 200 run5.ndpi,Annotation (germinal_center),0.086
KI67 1 in 200 run5.ndpi,Annotation (germinal_center),0.0896
KI67 1 in 200 run5.ndpi,Annotation (germinal_center),0.0421
KI67 1 in 200 run5.ndpi,Annotation (germinal_center),0.0824
KI67 1 in 200 run5.ndpi,Annotation (germinal_center),0.0811
KI67 1 in 200 run5.ndpi,Annotation (germinal_center),0.0754
KI67 1 in 200 run5.ndpi,Annotation (germinal_center),0.0675
KI67 1 in 200 run5.ndpi,Annotation (germinal_center),0.0962
KI67 1 in 200 run5.ndpi,Annotation (germinal_center),0.0771
KI67 1 in 200 run5.ndpi,Annotation (germinal_center),0.0527
KI67 1 in 200 run5.ndpi,Annotation (germinal_center),0.0751
KI67 1 in 200 run5.ndpi,Annotation (germinal_center),0.0705
KI67 1 in 200 run5.ndpi,Annotation (germinal_center),0.0484
KI67 1 in 200 run5.ndpi,Annotation (germinal_center),0.0283
KI67 1 in 200 run5.ndpi,Annotation (germinal_center),0.0774
KI67 1 in 200 run5.ndpi,Annotation (germinal_center),0.0488
KI67 1 in 200 run5.ndpi,Annotation (germinal_center),0.0606
KI67 1 in 200 run5.ndpi,Annotation (germinal_center),0.0408
KI67 1 in 200 run5.ndpi,Annotation (germinal_center),0.0656
KI67 1 in 200 run5.ndpi,Annotation (germinal_center),0.0804
KI67 1 in 200 run5.ndpi,Annotation (germinal_center),0.0836
KI67 1 in 200 run5.ndpi,Annotation (germinal_center),0.0782
KI67 1 in 200 run5.ndpi,Annotation (germinal_center),0.0345
KI67 1 in 200 run5.ndpi,Annotation (germinal_center),0.0837
KI67 1 in 200 run5.ndpi,Annotation (germinal_center),0.0625
KI67 1 in 200 run5.ndpi,Annotation (germinal_center),0.066
KI67 1 in 200 run5.ndpi,Annotation (germinal_center),0.3446
KI67 1 in 200 run5.ndpi,Annotation (germinal_center),0.0694
KI67 1 in 200 run5.ndpi,Annotation (germinal_center),0.0722
KI67 1 in 200 run5.ndpi,Annotation (germinal_center),0.0646
KI67 1 in 200 run5.ndpi,Annotation (germinal_center),0.0902
KI67 1 in 200 run5.ndpi,Annotation (germinal_center),0.0967
KI67 1 in 200 run5.ndpi,Annotation (germinal_center),0.0692
KI67 1 in 200 run5.ndpi,Annotation (germinal_center),0.1075
KI67 1 in 200 run5.ndpi,Annotation (germinal_center),0.0529
KI67 1 in 200 run5.ndpi,Annotation (germinal_center),0.0608
KI67 1 in 200 run5.ndpi,Annotation (germinal_center),0.0545
KI67 1 in 200 run5.ndpi,Annotation (germinal_center),0.0721
KI67 1 in 200 run5.ndpi,Annotation (germinal_center),0.0629
KI67 1 in 200 run5.ndpi,Annotation (germinal_center),0.0553
KI67 1 in 200 run5.ndpi,Annotation (germinal_center),0.0418
KI67 1 in 200 run5.ndpi,Annotation (germinal_center),0.0617
KI67 1 in 200 run5.ndpi,Annotation (germinal_center),0.074
KI67 1 in 200 run5.ndpi,Annotation (germinal_center),0.065
KI67 1 in 200 run5.ndpi,Annotation (germinal_center),0.0633
KI67 1 in 200 run5.ndpi,Annotation (germinal_center),0.0473
KI67 1 in 200 run5.ndpi,Annotation (germinal_center),0.0669
KI67 1 in 200 run5.ndpi,Annotation (germinal_center),0.1478
KI67 1 in 200 run5.ndpi,Annotation (germinal_center),0.0405
KI67 1 in 200 run5.ndpi,Annotation (germinal_center),0.0391
KI67 1 in 200 run5.ndpi,Annotation (germinal_center),0.0471
KI67 1 in 200 run5.ndpi,Annotation (germinal_center),0.0863
KI67 1 in 200 run5.ndpi,Annotation (germinal_center),0.0428
KI67 1 in 200 run5.ndpi,Annotation (germinal_center),0.0741
KI67 1 in 200 run5.ndpi,Annotation (germinal_center),0.035
KI67 1 in 200 run5.ndpi,Annotation (germinal_center),0.0749
KI67 1 in 200 run5.ndpi,Annotation (germinal_center),0.0697
KI67 1 in 200 run5.ndpi,Annotation (germinal_center),0.0754
KI67 1 in 200 run5.ndpi,Annotation (germinal_center),0.0575
KI67 1 in 200 run5.ndpi,Annotation (germinal_center),0.0754
KI67 1 in 200 run5.ndpi,Annotation (germinal_center),0.0934
KI67 1 in 200 run5.ndpi,Annotation (germinal_center),0.0758
KI67 1 in 200 run5.ndpi,Annotation (germinal_center),0.0533
KI67 1 in 200 run5.ndpi,Annotation (germinal_center),0.0495
KI67 1 in 200 run5.ndpi,Annotation (germinal_center),0.0827
KI67 1 in 200 run5.ndpi,Annotation (germinal_center),0.0358
KI67 1 in 200 run5.ndpi,Annotation (germinal_center),0.0602
KI67 1 in 200 run5.ndpi,Annotation (germinal_center),0.0709
KI67 1 in 200 run5.ndpi,Annotation (germinal_center),0.0361
KI67 1 in 200 run5.ndpi,Annotation (germinal_center),0.0977
KI67 1 in 200 run5.ndpi,Annotation (germinal_center),0.05
KI67 1 in 200 run5.ndpi,Annotation (germinal_center),0.0588
KI67 1 in 200 run5.ndpi,Annotation (germinal_center),0.074
KI67 1 in 200 run5.ndpi,Annotation (germinal_center),0.0932
KI67 1 in 200 run5.ndpi,Annotation (germinal_center),0.0695
KI67 1 in 200 run5.ndpi,Annotation (germinal_center),0.0395
KI67 1 in 200 run5.ndpi,Annotation (germinal_center),0.0541
KI67 1 in 200 run5.ndpi,Annotation (germinal_center),0.0718
KI67 1 in 200 run5.ndpi,Annotation (germinal_center),0.0288
KI67 1 in 200 run5.ndpi,Annotation (germinal_center),0.0636
KI67 1 in 200 run5.ndpi,Annotation (germinal_center),0.0538
KI67 1 in 200 run5.ndpi,Annotation (germinal_center),0.0504
KI67 1 in 200 run5.ndpi,Annotation (germinal_center),0.0576
KI67 1 in 200 run5.ndpi,Annotation (germinal_center),0.0707
KI67 1 in 200 run5.ndpi,Annotation (germinal_center),0.0979
KI67 1 in 200 run5.ndpi,Annotation (germinal_center),0.0692
KI67 1 in 200 run5.ndpi,Annotation (germinal_center),0.0828
KI67 1 in 200 run5.ndpi,Annotation (germinal_center),0.0662
KI67 1 in 200 run5.ndpi,Annotation (germinal_center),0.0494
KI67 1 in 200 run5.ndpi,Annotation (germinal_center),0.07
KI67 1 in 200 run5.ndpi,Annotation (germinal_center),0.048
KI67 1 in 200 run5.ndpi,Annotation (germinal_center),0.0772
KI67 1 in 200 run5.ndpi,Annotation (germinal_center),0.0761
KI67 1 in 200 run5.ndpi,Annotation (germinal_center),0.0491
KI67 1 in 200 run5.ndpi,Annotation (germinal_center),0.0554
KI67 1 in 200 run5.ndpi,Annotation (germinal_center),0.0442
KI67 1 in 200 run5.ndpi,Annotation (germinal_center),0.0607
KI67 1 in 200 run5.ndpi,Annotation (germinal_center),0.0693
KI67 1 in 200 run5.ndpi,Annotation (germinal_center),0.0577
KI67 1 in 200 run5.ndpi,Annotation (germinal_center),0.0934
KI67 1 in 200 run5.ndpi,Annotation (germinal_center),0.0697
KI67 1 in 200 run5.ndpi,Annotation (germinal_center),0.0763
KI67 1 in 200 run5.ndpi,Annotation (germinal_center),0.0639
KI67 1 in 200 run5.ndpi,Annotation (germinal_center),0.0558
KI67 1 in 200 run5.ndpi,Annotation (germinal_center),0.0496
KI67 1 in 200 run5.ndpi,Annotation (germinal_center),0.0521
KI67 1 in 200 run5.ndpi,Annotation (germinal_center),0.0551
KI67 1 in 200 run5.ndpi,Annotation (germinal_center),0.0577
KI67 1 in 200 run5.ndpi,Annotation (germinal_center),0.0371
KI67 1 in 200 run5.ndpi,Annotation (germinal_center),0.0471
KI67 1 in 200 run5.ndpi,Annotation (germinal_center),0.0787
KI67 1 in 200 run5.ndpi,Annotation (germinal_center),0.052
KI67 1 in 200 run5.ndpi,Annotation (germinal_center),0.0477
KI67 1 in 200 run5.ndpi,Annotation (germinal_center),0.058
KI67 1 in 200 run5.ndpi,Annotation (germinal_center),0.075
KI67 1 in 200 run5.ndpi,Annotation (germinal_center),0.0584
KI67 1 in 200 run5.ndpi,Annotation (germinal_center),0.0657
KI67 1 in 200 run5.ndpi,Annotation (germinal_center),0.0654
KI67 1 in 200 run5.ndpi,Annotation (germinal_center),0.0649
KI67 1 in 200 run5.ndpi,Annotation (germinal_center),0.0879
KI67 1 in 200 run5.ndpi,Annotation (germinal_center),0.0643
KI67 1 in 200 run5.ndpi,Annotation (germinal_center),0.0359
KI67 1 in 200 run5.ndpi,Annotation (germinal_center),0.07
KI67 1 in 200 run5.ndpi,Annotation (germinal_center),0.0738
KI67 1 in 200 run5.ndpi,Annotation (germinal_center),0.0586
KI67 1 in 200 run5.ndpi,Annotation (germinal_center),0.0491
KI67 1 in 200 run5.ndpi,Annotation (germinal_center),0.0668
KI67 1 in 200 run5.ndpi,Annotation (germinal_center),0.0552
KI67 1 in 200 run5.ndpi,Annotation (germinal_center),0.0371
KI67 1 in 200 run5.ndpi,Annotation (germinal_center),0.0669
KI67 1 in 200 run5.ndpi,Annotation (germinal_center),0.0346
KI67 1 in 200 run5.ndpi,Annotation (germinal_center),0.0729
KI67 1 in 200 run5.ndpi,Annotation (germinal_center),0.0479
KI67 1 in 200 run5.ndpi,Annotation (germinal_center),0.0372
KI67 1 in 200 run5.ndpi,Annotation (germinal_center),0.1127
KI67 1 in 200 run5.ndpi,Annotation (germinal_center),0.0631
KI67 1 in 200 run5.ndpi,Annotation (germinal_center),0.0582
KI67 1 in 200 run5.ndpi,Annotation (germinal_center),0.0537
KI67 1 in 200 run5.ndpi,Annotation (germinal_center),0.0529
KI67 1 in 200 run5.ndpi,Annotation (germinal_center),0.0348
KI67 1 in 200 run5.ndpi,Annotation (germinal_center),0.0482
KI67 1 in 200 run5.ndpi,Annotation (germinal_center),0.0723
KI67 1 in 200 run5.ndpi,Annotation (germinal_center),0.0659
KI67 1 in 200 run5.ndpi,Annotation (germinal_center),0.0493
KI67 1 in 200 run5.ndpi,Annotation (germinal_center),0.075
KI67 1 in 200 run5.ndpi,Annotation (germinal_center),0.0873
KI67 1 in 200 run5.ndpi,Annotation (germinal_center),0.0713
KI67 1 in 200 run5.ndpi,Annotation (germinal_center),0.0419
KI67 1 in 200 run5.ndpi,Annotation (germinal_center),0.0439
KI67 1 in 200 run5.ndpi,Annotation (germinal_center),0.0616
KI67 1 in 200 run5.ndpi,Annotation (germinal_center),0.0968
KI67 1 in 200 run5.ndpi,Annotation (germinal_center),0.0748
KI67 1 in 200 run5.ndpi,Annotation (germinal_center),0.0689
KI67 1 in 200 run5.ndpi,Annotation (germinal_center),0.0478
KI67 1 in 200 run5.ndpi,Annotation (germinal_center),0.0414
KI67 1 in 200 run5.ndpi,Annotation (germinal_center),0.065
KI67 1 in 200 run5.ndpi,Annotation (germinal_center),0.0739
KI67 1 in 200 run5.ndpi,Annotation (germinal_center),0.0588
KI67 1 in 200 run5.ndpi,Annotation (germinal_center),0.0478
KI67 1 in 200 run5.ndpi,Annotation (germinal_center),0.065
KI67 1 in 200 run5.ndpi,Annotation (germinal_center),0.0459
KI67 1 in 200 run5.ndpi,Annotation (germinal_center),0.0764
KI67 1 in 200 run5.ndpi,Annotation (germinal_center),0.1161
KI67 1 in 200 run5.ndpi,Annotation (germinal_center),0.0385
KI67 1 in 200 run5.ndpi,Annotation (germinal_center),0.0847
KI67 1 in 200 run5.ndpi,Annotation (germinal_center),0.0469
KI67 1 in 200 run5.ndpi,Annotation (germinal_center),0.0438
KI67 1 in 200 run5.ndpi,Annotation (germinal_center),0.0532
KI67 1 in 200 run5.ndpi,Annotation (germinal_center),0.0627
KI67 1 in 200 run5.ndpi,Annotation (germinal_center),0.0424
KI67 1 in 200 run5.ndpi,Annotation (germinal_center),0.0726
KI67 1 in 200 run5.ndpi,Annotation (germinal_center),0.1188
KI67 1 in 200 run5.ndpi,Annotation (germinal_center),0.0499
KI67 1 in 200 run5.ndpi,Annotation (germinal_center),0.0369
KI67 1 in 200 run5.ndpi,Annotation (germinal_center),0.0636
KI67 1 in 200 run5.ndpi,Annotation (germinal_center),0.0594
KI67 1 in 200 run5.ndpi,Annotation (germinal_center),0.0893
KI67 1 in 200 run5.ndpi,Annotation (germinal_center),0.0442
KI67 1 in 200 run5.ndpi,Annotation (germinal_center),0.0295
KI67 1 in 200 run5.ndpi,Annotation (germinal_center),0.0728
KI67 1 in 200 run5.ndpi,Annotation (germinal_center),0.0754
KI67 1 in 200 run5.ndpi,Annotation (germinal_center),0.063
KI67 1 in 200 run5.ndpi,Annotation (germinal_center),0.0573
KI67 1 in 200 run5.ndpi,Annotation (germinal_center),0.0344
KI67 1 in 200 run5.ndpi,Annotation (germinal_center),0.0464
KI67 1 in 200 run5.ndpi,Annotation (germinal_center),0.0844
KI67 1 in 200 run5.ndpi,Annotation (germinal_center),0.0415
KI67 1 in 200 run5.ndpi,Annotation (germinal_center),0.0665
KI67 1 in 200 run5.ndpi,Annotation (germinal_center),0.0346
KI67 1 in 200 run5.ndpi,Annotation (germinal_center),0.0448
KI67 1 in 200 run5.ndpi,Annotation (germinal_center),0.0458
KI67 1 in 200 run5.ndpi,Annotation (germinal_center),0.0675
KI67 1 in 200 run5.ndpi,Annotation (germinal_center),0.0565
KI67 1 in 200 run5.ndpi,Annotation (germinal_center),0.0416
KI67 1 in 200 run5.ndpi,Annotation (germinal_center),0.1103
KI67 1 in 200 run5.ndpi,Annotation (germinal_center),0.0661
KI67 1 in 200 run5.ndpi,Annotation (germinal_center),0.0676
KI67 1 in 200 run5.ndpi,Annotation (germinal_center),0.0699
KI67 1 in 200 run5.ndpi,Annotation (germinal_center),0.0728
KI67 1 in 200 run5.ndpi,Annotation (germinal_center),0.0578
KI67 1 in 200 run5.ndpi,Annotation (germinal_center),0.0747
KI67 1 in 200 run5.ndpi,Annotation (germinal_center),0.0629
KI67 1 in 200 run5.ndpi,Annotation (germinal_center),0.0735
KI67 1 in 200 run5.ndpi,Annotation (germinal_center),0.067
KI67 1 in 200 run5.ndpi,Annotation (germinal_center),0.0556
KI67 1 in 200 run5.ndpi,Annotation (germinal_center),0.0802
KI67 1 in 200 run5.ndpi,Annotation (germinal_center),0.0866
KI67 1 in 200 run5.ndpi,Annotation (germinal_center),0.0818
KI67 1 in 200 run5.ndpi,Annotation (germinal_center),0.0561
KI67 1 in 200 run5.ndpi,Annotation (germinal_center),0.0834
KI67 1 in 200 run5.ndpi,Annotation (germinal_center),0.0703
KI67 1 in 200 run5.ndpi,Annotation (germinal_center),0.0737
KI67 1 in 200 run5.ndpi,Annotation (germinal_center),0.0448
KI67 1 in 200 run5.ndpi,Annotation (germinal_center),0.0432
KI67 1 in 200 run5.ndpi,Annotation (germinal_center),0.0685
KI67 1 in 200 run5.ndpi,Annotation (germinal_center),0.0495
KI67 1 in 200 run5.ndpi,Annotation (germinal_center),0.0335
KI67 1 in 200 run5.ndpi,Annotation (germinal_center),0.0437
KI67 1 in 200 run5.ndpi,Annotation (germinal_center),0.0764
KI67 1 in 200 run5.ndpi,Annotation (germinal_center),0.0989
KI67 1 in 200 run5.ndpi,Annotation (germinal_center),0.0865
KI67 1 in 200 run5.ndpi,Annotation (germinal_center),0.0629
KI67 1 in 200 run5.ndpi,Annotation (germinal_center),0.0507
KI67 1 in 200 run5.ndpi,Annotation (germinal_center),0.0537
KI67 1 in 200 run5.ndpi,Annotation (germinal_center),0.0546
KI67 1 in 200 run5.ndpi,Annotation (germinal_center),0.0599
KI67 1 in 200 run5.ndpi,Annotation (germinal_center),0.0794
KI67 1 in 200 run5.ndpi,Annotation (germinal_center),0.05
KI67 1 in 200 run5.ndpi,Annotation (germinal_center),0.0683
KI67 1 in 200 run5.ndpi,Annotation (germinal_center),0.1116
KI67 1 in 200 run5.ndpi,Annotation (germinal_center),0.0533
KI67 1 in 200 run5.ndpi,Annotation (germinal_center),0.0497
KI67 1 in 200 run5.ndpi,Annotation (germinal_center),0.1002
KI67 1 in 200 run5.ndpi,Annotation (germinal_center),0.1032
KI67 1 in 200 run5.ndpi,Annotation (germinal_center),0.0593
KI67 1 in 200 run5.ndpi,Annotation (germinal_center),0.0642
KI67 1 in 200 run5.ndpi,Annotation (germinal_center),0.0553
KI67 1 in 200 run5.ndpi,Annotation (germinal_center),0.0868
KI67 1 in 200 run5.ndpi,Annotation (germinal_center),0.0675
KI67 1 in 200 run5.ndpi,Annotation (germinal_center),0.0833
KI67 1 in 200 run5.ndpi,Annotation (germinal_center),0.097
KI67 1 in 200 run5.ndpi,Annotation (germinal_center),0.062
KI67 1 in 200 run5.ndpi,Annotation (germinal_center),0.0475
KI67 1 in 200 run5.ndpi,Annotation (germinal_center),0.0573
KI67 1 in 200 run5.ndpi,Annotation (germinal_center),0.0642
KI67 1 in 200 run5.ndpi,Annotation (germinal_center),0.0594
KI67 1 in 200 run5.ndpi,Annotation (germinal_center),0.0569
KI67 1 in 200 run5.ndpi,Annotation (germinal_center),0.0338
KI67 1 in 200 run5.ndpi,Annotation (germinal_center),0.0463
KI67 1 in 200 run5.ndpi,Annotation (germinal_center),0.0562
KI67 1 in 200 run5.ndpi,Annotation (germinal_center),0.0587
KI67 1 in 200 run5.ndpi,Annotation (germinal_center),0.0511
KI67 1 in 200 run5.ndpi,Annotation (germinal_center),0.0537
KI67 1 in 200 run5.ndpi,Annotation (germinal_center),0.0613
KI67 1 in 200 run5.ndpi,Annotation (germinal_center),0.0291
KI67 1 in 200 run5.ndpi,Annotation (germinal_center),0.0619
KI67 1 in 200 run5.ndpi,Annotation (germinal_center),0.0674
KI67 1 in 200 run5.ndpi,Annotation (germinal_center),0.0505
KI67 1 in 200 run5.ndpi,Annotation (germinal_center),0.0748
KI67 1 in 200 run5.ndpi,Annotation (germinal_center),0.04
KI67 1 in 200 run5.ndpi,Annotation (germinal_center),0.054
KI67 1 in 200 run5.ndpi,Annotation (germinal_center),0.0487
KI67 1 in 200 run5.ndpi,Annotation (germinal_center),0.0595
KI67 1 in 200 run5.ndpi,Annotation (germinal_center),0.0711
KI67 1 in 200 run5.ndpi,Annotation (germinal_center),0.0754
KI67 1 in 200 run5.ndpi,Annotation (germinal_center),0.0714
KI67 1 in 200 run5.ndpi,Annotation (germinal_center),0.0578
KI67 1 in 200 run5.ndpi,Annotation (germinal_center),0.0499
KI67 1 in 200 run5.ndpi,Annotation (germinal_center),0.0428
KI67 1 in 200 run5.ndpi,Annotation (germinal_center),0.0604
KI67 1 in 200 run5.ndpi,Annotation (germinal_center),0.0721
KI67 1 in 200 run5.ndpi,Annotation (germinal_center),0.0359
KI67 1 in 200 run5.ndpi,Annotation (germinal_center),0.0512
KI67 1 in 200 run5.ndpi,Annotation (germinal_center),0.0866
KI67 1 in 200 run5.ndpi,Annotation (germinal_center),0.047
KI67 1 in 200 run5.ndpi,Annotation (germinal_center),0.0823
KI67 1 in 200 run5.ndpi,Annotation (germinal_center),0.1047
KI67 1 in 200 run5.ndpi,Annotation (germinal_center),0.044
KI67 1 in 200 run5.ndpi,Annotation (germinal_center),0.0585
KI67 1 in 200 run5.ndpi,Annotation (germinal_center),0.0432
KI67 1 in 200 run5.ndpi,Annotation (germinal_center),0.061
KI67 1 in 200 run5.ndpi,Annotation (germinal_center),0.0563
KI67 1 in 200 run5.ndpi,Annotation (germinal_center),0.0407
KI67 1 in 200 run5.ndpi,Annotation (germinal_center),0.0907
KI67 1 in 200 run5.ndpi,Annotation (germinal_center),0.0414
KI67 1 in 200 run5.ndpi,Annotation (germinal_center),0.0489
KI67 1 in 200 run5.ndpi,Annotation (germinal_center),0.0453
KI67 1 in 200 run5.ndpi,Annotation (germinal_center),0.046
KI67 1 in 200 run5.ndpi,Annotation (germinal_center),0.0887
KI67 1 in 200 run5.ndpi,Annotation (germinal_center),0.0659
KI67 1 in 200 run5.ndpi,Annotation (germinal_center),0.0851
KI67 1 in 200 run5.ndpi,Annotation (germinal_center),0.0739
KI67 1 in 200 run5.ndpi,Annotation (germinal_center),0.0968
KI67 1 in 200 run5.ndpi,Annotation (germinal_center),0.0764
KI67 1 in 200 run5.ndpi,Annotation (germinal_center),0.0787
KI67 1 in 200 run5.ndpi,Annotation (germinal_center),0.0434
KI67 1 in 200 run5.ndpi,Annotation (germinal_center),0.0574
KI67 1 in 200 run5.ndpi,Annotation (germinal_center),0.0336
KI67 1 in 200 run5.ndpi,Annotation (germinal_center),0.0475
KI67 1 in 200 run5.ndpi,Annotation (germinal_center),0.091
KI67 1 in 200 run5.ndpi,Annotation (germinal_center),0.0523
KI67 1 in 200 run5.ndpi,Annotation (germinal_center),0.0758
KI67 1 in 200 run5.ndpi,Annotation (germinal_center),0.0595
KI67 1 in 200 run5.ndpi,Annotation (germinal_center),0.0469
KI67 1 in 200 run5.ndpi,Annotation (germinal_center),0.0572
KI67 1 in 200 run5.ndpi,Annotation (germinal_center),0.0535
KI67 1 in 200 run5.ndpi,Annotation (germinal_center),0.0769
KI67 1 in 200 run5.ndpi,Annotation (germinal_center),0.0823
KI67 1 in 200 run5.ndpi,Annotation (germinal_center),0.0489
KI67 1 in 200 run5.ndpi,Annotation (germinal_center),0.0736
KI67 1 in 200 run5.ndpi,Annotation (germinal_center),0.0631
KI67 1 in 200 run5.ndpi,Annotation (germinal_center),0.1194
KI67 1 in 200 run5.ndpi,Annotation (germinal_center),0.0547
KI67 1 in 200 run5.ndpi,Annotation (germinal_center),0.0541
KI67 1 in 200 run5.ndpi,Annotation (germinal_center),0.0741
KI67 1 in 200 run5.ndpi,Annotation (germinal_center),0.0491
KI67 1 in 200 run5.ndpi,Annotation (germinal_center),0.0384
KI67 1 in 200 run5.ndpi,Annotation (germinal_center),0.1031
KI67 1 in 200 run5.ndpi,Annotation (germinal_center),0.0511
KI67 1 in 200 run5.ndpi,Annotation (germinal_center),0.0318
KI67 1 in 200 run5.ndpi,Annotation (germinal_center),0.0638
KI67 1 in 200 run5.ndpi,Annotation (germinal_center),0.0699
KI67 1 in 200 run5.ndpi,Annotation (germinal_center),0.0641
KI67 1 in 200 run5.ndpi,Annotation (germinal_center),0.0498
KI67 1 in 200 run5.ndpi,Annotation (germinal_center),0.0469
KI67 1 in 200 run5.ndpi,Annotation (germinal_center),0.055
KI67 1 in 200 run5.ndpi,Annotation (germinal_center),0.0828
KI67 1 in 200 run5.ndpi,Annotation (germinal_center),0.0432
KI67 1 in 200 run5.ndpi,Annotation (germinal_center),0.0492
KI67 1 in 200 run5.ndpi,Annotation (germinal_center),0.0595
KI67 1 in 200 run5.ndpi,Annotation (germinal_center),0.0777
KI67 1 in 200 run5.ndpi,Annotation (germinal_center),0.0612
KI67 1 in 200 run5.ndpi,Annotation (germinal_center),0.0411
KI67 1 in 200 run5.ndpi,Annotation (germinal_center),0.0429
KI67 1 in 200 run5.ndpi,Annotation (germinal_center),0.0845
KI67 1 in 200 run5.ndpi,Annotation (germinal_center),0.0399
KI67 1 in 200 run5.ndpi,Annotation (germinal_center),0.0784
KI67 1 in 200 run5.ndpi,Annotation (germinal_center),0.0743
KI67 1 in 200 run5.ndpi,Annotation (germinal_center),0.046
KI67 1 in 200 run5.ndpi,Annotation (germinal_center),0.0395
KI67 1 in 200 run5.ndpi,Annotation (germinal_center),0.0311
KI67 1 in 200 run5.ndpi,Annotation (germinal_center),0.0506
KI67 1 in 200 run5.ndpi,Annotation (germinal_center),0.0476
KI67 1 in 200 run5.ndpi,Annotation (germinal_center),0.0414
KI67 1 in 200 run5.ndpi,Annotation (germinal_center),0.1006
KI67 1 in 200 run5.ndpi,Annotation (germinal_center),0.1058
KI67 1 in 200 run5.ndpi,Annotation (germinal_center),0.0437
KI67 1 in 200 run5.ndpi,Annotation (germinal_center),0.0704
KI67 1 in 200 run5.ndpi,Annotation (germinal_center),0.0406
KI67 1 in 200 run5.ndpi,Annotation (germinal_center),0.0463
KI67 1 in 200 run5.ndpi,Annotation (germinal_center),0.0406
KI67 1 in 200 run5.ndpi,Annotation (germinal_center),0.0547
KI67 1 in 200 run5.ndpi,Annotation (germinal_center),0.0748
KI67 1 in 200 run5.ndpi,Annotation (germinal_center),0.0746
KI67 1 in 200 run5.ndpi,Annotation (germinal_center),0.0619
KI67 1 in 200 run5.ndpi,Annotation (germinal_center),0.0492
KI67 1 in 200 run5.ndpi,Annotation (germinal_center),0.0481
KI67 1 in 200 run5.ndpi,Annotation (germinal_center),0.0792
KI67 1 in 200 run5.ndpi,Annotation (germinal_center),0.0463
KI67 1 in 200 run5.ndpi,Annotation (germinal_center),0.0697
KI67 1 in 200 run5.ndpi,Annotation (germinal_center),0.0932
KI67 1 in 200 run5.ndpi,Annotation (germinal_center),0.0363
KI67 1 in 200 run5.ndpi,Annotation (germinal_center),0.0515
KI67 1 in 200 run5.ndpi,Annotation (germinal_center),0.0606
KI67 1 in 200 run5.ndpi,Annotation (germinal_center),0.0549
KI67 1 in 200 run5.ndpi,Annotation (germinal_center),0.0917
KI67 1 in 200 run5.ndpi,Annotation (germinal_center),0.0468
KI67 1 in 200 run5.ndpi,Annotation (germinal_center),0.0415
KI67 1 in 200 run5.ndpi,Annotation (germinal_center),0.0601
KI67 1 in 200 run5.ndpi,Annotation (germinal_center),0.0465
KI67 1 in 200 run5.ndpi,Annotation (germinal_center),0.0493
KI67 1 in 200 run5.ndpi,Annotation (germinal_center),0.0511
KI67 1 in 200 run5.ndpi,Annotation (germinal_center),0.0589
KI67 1 in 200 run5.ndpi,Annotation (germinal_center),0.0481
KI67 1 in 200 run5.ndpi,Annotation (germinal_center),0.0441
KI67 1 in 200 run5.ndpi,Annotation (germinal_center),0.0434
KI67 1 in 200 run5.ndpi,Annotation (germinal_center),0.0503
KI67 1 in 200 run5.ndpi,Annotation (germinal_center),0.0626
KI67 1 in 200 run5.ndpi,Annotation (germinal_center),0.0882
KI67 1 in 200 run5.ndpi,Annotation (germinal_center),0.0857
KI67 1 in 200 run5.ndpi,Annotation (germinal_center),0.0426
KI67 1 in 200 run5.ndpi,Annotation (germinal_center),0.0496
KI67 1 in 200 run5.ndpi,Annotation (germinal_center),0.0793
KI67 1 in 200 run5.ndpi,Annotation (germinal_center),0.0348
KI67 1 in 200 run5.ndpi,Annotation (germinal_center),0.0578
KI67 1 in 200 run5.ndpi,Annotation (germinal_center),0.0509
KI67 1 in 200 run5.ndpi,Annotation (germinal_center),0.0486
KI67 1 in 200 run5.ndpi,Annotation (germinal_center),0.0385
KI67 1 in 200 run5.ndpi,Annotation (germinal_center),0.1022
KI67 1 in 200 run5.ndpi,Annotation (germinal_center),0.0468
KI67 1 in 200 run5.ndpi,Annotation (germinal_center),0.0877
KI67 1 in 200 run5.ndpi,Annotation (germinal_center),0.057
KI67 1 in 200 run5.ndpi,Annotation (germinal_center),0.0706
KI67 1 in 200 run5.ndpi,Annotation (germinal_center),0.0404
KI67 1 in 200 run5.ndpi,Annotation (germinal_center),0.0761
KI67 1 in 200 run5.ndpi,Annotation (germinal_center),0.0444
KI67 1 in 200 run5.ndpi,Annotation (germinal_center),0.0468
KI67 1 in 200 run5.ndpi,Annotation (germinal_center),0.0764
KI67 1 in 200 run5.ndpi,Annotation (germinal_center),0.072
KI67 1 in 200 run5.ndpi,Annotation (germinal_center),0.0478
KI67 1 in 200 run5.ndpi,Annotation (germinal_center),0.0744
KI67 1 in 200 run5.ndpi,Annotation (germinal_center),0.0427
KI67 1 in 200 run5.ndpi,Annotation (germinal_center),0.0456
KI67 1 in 200 run5.ndpi,Annotation (germinal_center),0.0502
KI67 1 in 200 run5.ndpi,Annotation (germinal_center),0.0814
KI67 1 in 200 run5.ndpi,Annotation (germinal_center),0.054
KI67 1 in 200 run5.ndpi,Annotation (germinal_center),0.0991
KI67 1 in 200 run5.ndpi,Annotation (germinal_center),0.0692
KI67 1 in 200 run5.ndpi,Annotation (germinal_center),0.0497
KI67 1 in 200 run5.ndpi,Annotation (germinal_center),0.0469
KI67 1 in 200 run5.ndpi,Annotation (germinal_center),0.0511
KI67 1 in 200 run5.ndpi,Annotation (germinal_center),0.0283
KI67 1 in 200 run5.ndpi,Annotation (germinal_center),0.1159
KI67 1 in 200 run5.ndpi,Annotation (germinal_center),0.0203
KI67 1 in 200 run5.ndpi,Annotation (germinal_center),0.0432
KI67 1 in 200 run5.ndpi,Annotation (germinal_center),0.0511
KI67 1 in 200 run5.ndpi,Annotation (germinal_center),0.0508
KI67 1 in 200 run5.ndpi,Annotation (germinal_center),0.0622
KI67 1 in 200 run5.ndpi,Annotation (germinal_center),0.0576
KI67 1 in 200 run5.ndpi,Annotation (germinal_center),0.0402
KI67 1 in 200 run5.ndpi,Annotation (germinal_center),0.0282
KI67 1 in 200 run5.ndpi,Annotation (germinal_center),0.0761
KI67 1 in 200 run5.ndpi,Annotation (germinal_center),0.0721
KI67 1 in 200 run5.ndpi,Annotation (germinal_center),0.0485
KI67 1 in 200 run5.ndpi,Annotation (germinal_center),0.0587
KI67 1 in 200 run5.ndpi,Annotation (germinal_center),0.0741
KI67 1 in 200 run5.ndpi,Annotation (germinal_center),0.0726
KI67 1 in 200 run5.ndpi,Annotation (germinal_center),0.0376
KI67 1 in 200 run5.ndpi,Annotation (germinal_center),0.0444
KI67 1 in 200 run5.ndpi,Annotation (germinal_center),0.0872
KI67 1 in 200 run5.ndpi,Annotation (germinal_center),0.104
KI67 1 in 200 run5.ndpi,Annotation (germinal_center),0.0726
KI67 1 in 200 run5.ndpi,Annotation (germinal_center),0.0743
KI67 1 in 200 run5.ndpi,Annotation (germinal_center),0.047
KI67 1 in 200 run5.ndpi,Annotation (germinal_center),0.095
KI67 1 in 200 run5.ndpi,Annotation (germinal_center),0.0739
KI67 1 in 200 run5.ndpi,Annotation (germinal_center),0.0823
KI67 1 in 200 run5.ndpi,Annotation (germinal_center),0.0905
KI67 1 in 200 run5.ndpi,Annotation (germinal_center),0.0634
KI67 1 in 200 run5.ndpi,Annotation (germinal_center),0.0794
KI67 1 in 200 run5.ndpi,Annotation (germinal_center),0.0405
KI67 1 in 200 run5.ndpi,Annotation (germinal_center),0.0687
KI67 1 in 200 run5.ndpi,Annotation (germinal_center),0.0515
KI67 1 in 200 run5.ndpi,Annotation (germinal_center),0.0422
KI67 1 in 200 run5.ndpi,Annotation (germinal_center),0.0538
KI67 1 in 200 run5.ndpi,Annotation (germinal_center),0.0539
KI67 1 in 200 run5.ndpi,Annotation (germinal_center),0.0481
KI67 1 in 200 run5.ndpi,Annotation (germinal_center),0.0542
KI67 1 in 200 run5.ndpi,Annotation (germinal_center),0.0604
KI67 1 in 200 run5.ndpi,Annotation (germinal_center),0.0418
KI67 1 in 200 run5.ndpi,Annotation (germinal_center),0.0792
KI67 1 in 200 run5.ndpi,Annotation (germinal_center),0.0842
KI67 1 in 200 run5.ndpi,Annotation (germinal_center),0.0587
KI67 1 in 200 run5.ndpi,Annotation (germinal_center),0.1188
KI67 1 in 200 run5.ndpi,Annotation (germinal_center),0.0466
KI67 1 in 200 run5.ndpi,Annotation (germinal_center),0.0327
KI67 1 in 200 run5.ndpi,Annotation (germinal_center),0.0515
KI67 1 in 200 run5.ndpi,Annotation (germinal_center),0.0717
KI67 1 in 200 run5.ndpi,Annotation (germinal_center),0.0454
KI67 1 in 200 run5.ndpi,Annotation (germinal_center),0.0524
KI67 1 in 200 run5.ndpi,Annotation (germinal_center),0.0663
KI67 1 in 200 run5.ndpi,Annotation (germinal_center),0.0786
KI67 1 in 200 run5.ndpi,Annotation (germinal_center),0.0281
KI67 1 in 200 run5.ndpi,Annotation (germinal_center),0.0654
KI67 1 in 200 run5.ndpi,Annotation (germinal_center),0.0569
KI67 1 in 200 run5.ndpi,Annotation (germinal_center),0.0729
KI67 1 in 200 run5.ndpi,Annotation (germinal_center),0.0617
KI67 1 in 200 run5.ndpi,Annotation (germinal_center),0.0837
KI67 1 in 200 run5.ndpi,Annotation (germinal_center),0.0614
KI67 1 in 200 run5.ndpi,Annotation (germinal_center),0.0681
KI67 1 in 200 run5.ndpi,Annotation (germinal_center),0.0535
KI67 1 in 200 run5.ndpi,Annotation (germinal_center),0.0376
KI67 1 in 200 run5.ndpi,Annotation (germinal_center),0.0853
KI67 1 in 200 run5.ndpi,Annotation (germinal_center),0.047
KI67 1 in 200 run5.ndpi,Annotation (germinal_center),0.0691
KI67 1 in 200 run5.ndpi,Annotation (germinal_center),0.046
KI67 1 in 200 run5.ndpi,Annotation (germinal_center),0.0586
KI67 1 in 200 run5.ndpi,Annotation (germinal_center),0.09
KI67 1 in 200 run5.ndpi,Annotation (germinal_center),0.0442
KI67 1 in 200 run5.ndpi,Annotation (germinal_center),0.0514
KI67 1 in 200 run5.ndpi,Annotation (germinal_center),0.0547
KI67 1 in 200 run5.ndpi,Annotation (germinal_center),0.0637
KI67 1 in 200 run5.ndpi,Annotation (germinal_center),0.0941
KI67 1 in 200 run5.ndpi,Annotation (germinal_center),0.0435
KI67 1 in 200 run5.ndpi,Annotation (germinal_center),0.0729
KI67 1 in 200 run5.ndpi,Annotation (germinal_center),0.0489
KI67 1 in 200 run5.ndpi,Annotation (germinal_center),0.0449
KI67 1 in 200 run5.ndpi,Annotation (germinal_center),0.0449
KI67 1 in 200 run5.ndpi,Annotation (germinal_center),0.0615
KI67 1 in 200 run5.ndpi,Annotation (germinal_center),0.0417
KI67 1 in 200 run5.ndpi,Annotation (germinal_center),0.0481
KI67 1 in 200 run5.ndpi,Annotation (germinal_center),0.084
KI67 1 in 200 run5.ndpi,Annotation (germinal_center),0.076
KI67 1 in 200 run5.ndpi,Annotation (germinal_center),0.0439
KI67 1 in 200 run5.ndpi,Annotation (germinal_center),0.0403
KI67 1 in 200 run5.ndpi,Annotation (germinal_center),0.0478
KI67 1 in 200 run5.ndpi,Annotation (germinal_center),0.0287
KI67 1 in 200 run5.ndpi,Annotation (germinal_center),0.0452
KI67 1 in 200 run5.ndpi,Annotation (germinal_center),0.0928
KI67 1 in 200 run5.ndpi,Annotation (germinal_center),0.0679
KI67 1 in 200 run5.ndpi,Annotation (germinal_center),0.0552
KI67 1 in 200 run5.ndpi,Annotation (germinal_center),0.0526
KI67 1 in 200 run5.ndpi,Annotation (germinal_center),0.0782
KI67 1 in 200 run5.ndpi,Annotation (germinal_center),0.0299
KI67 1 in 200 run5.ndpi,Annotation (germinal_center),0.0731
KI67 1 in 200 run5.ndpi,Annotation (germinal_center),0.0548
KI67 1 in 200 run5.ndpi,Annotation (germinal_center),0.0483
KI67 1 in 200 run5.ndpi,Annotation (germinal_center),0.0442
KI67 1 in 200 run5.ndpi,Annotation (germinal_center),0.0444
KI67 1 in 200 run5.ndpi,Annotation (germinal_center),0.0478
KI67 1 in 200 run5.ndpi,Annotation (germinal_center),0.0811
KI67 1 in 200 run5.ndpi,Annotation (germinal_center),0.0462
KI67 1 in 200 run5.ndpi,Annotation (germinal_center),0.0709
KI67 1 in 200 run5.ndpi,Annotation (germinal_center),0.0478
KI67 1 in 200 run5.ndpi,Annotation (germinal_center),0.0397
KI67 1 in 200 run5.ndpi,Annotation (germinal_center),0.0611
KI67 1 in 200 run5.ndpi,Annotation (germinal_center),0.0276
KI67 1 in 200 run5.ndpi,Annotation (germinal_center),0.0425
KI67 1 in 200 run5.ndpi,Annotation (germinal_center),0.0694
KI67 1 in 200 run5.ndpi,Annotation (germinal_center),0.068
KI67 1 in 200 run5.ndpi,Annotation (germinal_center),0.0602
KI67 1 in 200 run5.ndpi,Annotation (germinal_center),0.0517
KI67 1 in 200 run5.ndpi,Annotation (germinal_center),0.0902
KI67 1 in 200 run5.ndpi,Annotation (germinal_center),0.0417
KI67 1 in 200 run5.ndpi,Annotation (germinal_center),0.0561
KI67 1 in 200 run5.ndpi,Annotation (germinal_center),0.0488
KI67 1 in 200 run5.ndpi,Annotation (germinal_center),0.0631
KI67 1 in 200 run5.ndpi,Annotation (germinal_center),0.0504
KI67 1 in 200 run5.ndpi,Annotation (germinal_center),0.0807
KI67 1 in 200 run5.ndpi,Annotation (germinal_center),0.0567
KI67 1 in 200 run5.ndpi,Annotation (germinal_center),0.0866
KI67 1 in 200 run5.ndpi,Annotation (germinal_center),0.0668
KI67 1 in 200 run5.ndpi,Annotation (germinal_center),0.0422
KI67 1 in 200 run5.ndpi,Annotation (germinal_center),0.0406
KI67 1 in 200 run5.ndpi,Annotation (germinal_center),0.0469
KI67 1 in 200 run5.ndpi,Annotation (germinal_center),0.0476
KI67 1 in 200 run5.ndpi,Annotation (germinal_center),0.0553
KI67 1 in 200 run5.ndpi,Annotation (germinal_center),0.0459
KI67 1 in 200 run5.ndpi,Annotation (germinal_center),0.1032
KI67 1 in 200 run5.ndpi,Annotation (germinal_center),0.0423
KI67 1 in 200 run5.ndpi,Annotation (germinal_center),0.0392
KI67 1 in 200 run5.ndpi,Annotation (germinal_center),0.0377
KI67 1 in 200 run5.ndpi,Annotation (germinal_center),0.0743
KI67 1 in 200 run5.ndpi,Annotation (germinal_center),0.05
KI67 1 in 200 run5.ndpi,Annotation (germinal_center),0.0489
KI67 1 in 200 run5.ndpi,Annotation (germinal_center),0.0307
KI67 1 in 200 run5.ndpi,Annotation (germinal_center),0.0618
KI67 1 in 200 run5.ndpi,Annotation (germinal_center),0.0514
KI67 1 in 200 run5.ndpi,Annotation (germinal_center),0.0407
KI67 1 in 200 run5.ndpi,Annotation (germinal_center),0.0486
KI67 1 in 200 run5.ndpi,Annotation (germinal_center),0.0242
KI67 1 in 200 run5.ndpi,Annotation (germinal_center),0.0887
KI67 1 in 200 run5.ndpi,Annotation (germinal_center),0.1064
KI67 1 in 200 run5.ndpi,Annotation (germinal_center),0.0399
KI67 1 in 200 run5.ndpi,Annotation (germinal_center),0.0446
KI67 1 in 200 run5.ndpi,Annotation (germinal_center),0.0704
KI67 1 in 200 run5.ndpi,Annotation (germinal_center),0.0477
KI67 1 in 200 run5.ndpi,Annotation (germinal_center),0.0485
KI67 1 in 200 run5.ndpi,Annotation (germinal_center),0.0349
KI67 1 in 200 run5.ndpi,Annotation (germinal_center),0.0608
KI67 1 in 200 run5.ndpi,Annotation (germinal_center),0.0318
KI67 1 in 200 run5.ndpi,Annotation (germinal_center),0.0559
KI67 1 in 200 run5.ndpi,Annotation (germinal_center),0.0429
KI67 1 in 200 run5.ndpi,Annotation (germinal_center),0.04
KI67 1 in 200 run5.ndpi,Annotation (germinal_center),0.0447
KI67 1 in 200 run5.ndpi,Annotation (germinal_center),0.0417
KI67 1 in 200 run5.ndpi,Annotation (germinal_center),0.0428
KI67 1 in 200 run5.ndpi,Annotation (germinal_center),0.0528
KI67 1 in 200 run5.ndpi,Annotation (germinal_center),0.0536
KI67 1 in 200 run5.ndpi,Annotation (germinal_center),0.0658
KI67 1 in 200 run5.ndpi,Annotation (germinal_center),0.0482
KI67 1 in 200 run5.ndpi,Annotation (germinal_center),0.0412
KI67 1 in 200 run5.ndpi,Annotation (germinal_center),0.054
KI67 1 in 200 run5.ndpi,Annotation (germinal_center),0.0421
KI67 1 in 200 run5.ndpi,Annotation (germinal_center),0.0457
KI67 1 in 200 run5.ndpi,Annotation (germinal_center),0.065
KI67 1 in 200 run5.ndpi,Annotation (germinal_center),0.0521
KI67 1 in 200 run5.ndpi,Annotation (germinal_center),0.077
KI67 1 in 200 run5.ndpi,Annotation (germinal_center),0.0408
KI67 1 in 200 run5.ndpi,Annotation (germinal_center),0.0539
KI67 1 in 200 run5.ndpi,Annotation (germinal_center),0.0382
KI67 1 in 200 run5.ndpi,Annotation (germinal_center),0.0671
KI67 1 in 200 run5.ndpi,Annotation (germinal_center),0.0549
KI67 1 in 200 run5.ndpi,Annotation (germinal_center),0.0872
KI67 1 in 200 run5.ndpi,Annotation (germinal_center),0.0737
KI67 1 in 200 run5.ndpi,Annotation (germinal_center),0.0513
KI67 1 in 200 run5.ndpi,Annotation (germinal_center),0.0461
KI67 1 in 200 run5.ndpi,Annotation (germinal_center),0.0661
KI67 1 in 200 run5.ndpi,Annotation (germinal_center),0.1128
KI67 1 in 200 run5.ndpi,Annotation (germinal_center),0.0676
KI67 1 in 200 run5.ndpi,Annotation (germinal_center),0.0573
KI67 1 in 200 run5.ndpi,Annotation (germinal_center),0.0832
KI67 1 in 200 run5.ndpi,Annotation (germinal_center),0.0213
KI67 1 in 200 run5.ndpi,Annotation (germinal_center),0.113
KI67 1 in 200 run5.ndpi,Annotation (germinal_center),0.0437
KI67 1 in 200 run5.ndpi,Annotation (germinal_center),0.0547
KI67 1 in 200 run5.ndpi,Annotation (germinal_center),0.072
KI67 1 in 200 run5.ndpi,Annotation (germinal_center),0.0745
KI67 1 in 200 run5.ndpi,Annotation (germinal_center),0.0765
KI67 1 in 200 run5.ndpi,Annotation (germinal_center),0.0436
KI67 1 in 200 run5.ndpi,Annotation (germinal_center),0.075
KI67 1 in 200 run5.ndpi,Annotation (germinal_center),0.0571
KI67 1 in 200 run5.ndpi,Annotation (germinal_center),0.0491
KI67 1 in 200 run5.ndpi,Annotation (germinal_center),0.0423
KI67 1 in 200 run5.ndpi,Annotation (germinal_center),0.0422
KI67 1 in 200 run5.ndpi,Annotation (germinal_center),0.0288
KI67 1 in 200 run5.ndpi,Annotation (germinal_center),0.0372
KI67 1 in 200 run5.ndpi,Annotation (germinal_center),0.0649
KI67 1 in 200 run5.ndpi,Annotation (germinal_center),0.0751
KI67 1 in 200 run5.ndpi,Annotation (germinal_center),0.0774
KI67 1 in 200 run5.ndpi,Annotation (germinal_center),0.0536
KI67 1 in 200 run5.ndpi,Annotation (germinal_center),0.058
KI67 1 in 200 run5.ndpi,Annotation (germinal_center),0.0662
KI67 1 in 200 run5.ndpi,Annotation (germinal_center),0.0662
KI67 1 in 200 run5.ndpi,Annotation (germinal_center),0.0497
KI67 1 in 200 run5.ndpi,Annotation (germinal_center),0.0392
KI67 1 in 200 run5.ndpi,Annotation (germinal_center),0.0747
KI67 1 in 200 run5.ndpi,Annotation (germinal_center),0.0441
KI67 1 in 200 run5.ndpi,Annotation (germinal_center),0.0503
KI67 1 in 200 run5.ndpi,Annotation (germinal_center),0.0618
KI67 1 in 200 run5.ndpi,Annotation (germinal_center),0.0446
KI67 1 in 200 run5.ndpi,Annotation (germinal_center),0.0489
KI67 1 in 200 run5.ndpi,Annotation (germinal_center),0.0477
KI67 1 in 200 run5.ndpi,Annotation (germinal_center),0.0364
KI67 1 in 200 run5.ndpi,Annotation (germinal_center),0.0526
KI67 1 in 200 run5.ndpi,Annotation (germinal_center),0.0571
KI67 1 in 200 run5.ndpi,Annotation (germinal_center),0.0737
KI67 1 in 200 run5.ndpi,Annotation (germinal_center),0.0668
KI67 1 in 200 run5.ndpi,Annotation (germinal_center),0.0756
KI67 1 in 200 run5.ndpi,Annotation (germinal_center),0.0454
KI67 1 in 200 run5.ndpi,Annotation (germinal_center),0.0499
KI67 1 in 200 run5.ndpi,Annotation (germinal_center),0.0339
KI67 1 in 200 run5.ndpi,Annotation (germinal_center),0.0355
KI67 1 in 200 run5.ndpi,Annotation (germinal_center),0.0501
KI67 1 in 200 run5.ndpi,Annotation (germinal_center),0.0434
KI67 1 in 200 run5.ndpi,Annotation (germinal_center),0.0981
KI67 1 in 200 run5.ndpi,Annotation (germinal_center),0.0277
KI67 1 in 200 run5.ndpi,Annotation (germinal_center),0.0483
KI67 1 in 200 run5.ndpi,Annotation (germinal_center),0.0455
KI67 1 in 200 run5.ndpi,Annotation (germinal_center),0.0452
KI67 1 in 200 run5.ndpi,Annotation (germinal_center),0.0568
KI67 1 in 200 run5.ndpi,Annotation (germinal_center),0.0557
KI67 1 in 200 run5.ndpi,Annotation (germinal_center),0.0491
KI67 1 in 200 run5.ndpi,Annotation (germinal_center),0.0665
KI67 1 in 200 run5.ndpi,Annotation (germinal_center),0.0824
KI67 1 in 200 run5.ndpi,Annotation (germinal_center),0.0557
KI67 1 in 200 run5.ndpi,Annotation (germinal_center),0.0656
KI67 1 in 200 run5.ndpi,Annotation (germinal_center),0.047
KI67 1 in 200 run5.ndpi,Annotation (germinal_center),0.0355
KI67 1 in 200 run5.ndpi,Annotation (germinal_center),0.0953
KI67 1 in 200 run5.ndpi,Annotation (germinal_center),0.0214
KI67 1 in 200 run5.ndpi,Annotation (germinal_center),0.0629
KI67 1 in 200 run5.ndpi,Annotation (germinal_center),0.0869
KI67 1 in 200 run5.ndpi,Annotation (germinal_center),0.0446
KI67 1 in 200 run5.ndpi,Annotation (germinal_center),0.0424
KI67 1 in 200 run5.ndpi,Annotation (germinal_center),0.0504
KI67 1 in 200 run5.ndpi,Annotation (germinal_center),0.0412
KI67 1 in 200 run5.ndpi,Annotation (germinal_center),0.0302
KI67 1 in 200 run5.ndpi,Annotation (germinal_center),0.0586
KI67 1 in 200 run5.ndpi,Annotation (germinal_center),0.0908
KI67 1 in 200 run5.ndpi,Annotation (germinal_center),0.0516
KI67 1 in 200 run5.ndpi,Annotation (germinal_center),0.0446
KI67 1 in 200 run5.ndpi,Annotation (germinal_center),0.0433
KI67 1 in 200 run5.ndpi,Annotation (germinal_center),0.0856
KI67 1 in 200 run5.ndpi,Annotation (germinal_center),0.0733
KI67 1 in 200 run5.ndpi,Annotation (germinal_center),0.0715
KI67 1 in 200 run5.ndpi,Annotation (germinal_center),0.0781
KI67 1 in 200 run5.ndpi,Annotation (germinal_center),0.0453
KI67 1 in 200 run5.ndpi,Annotation (germinal_center),0.0562
KI67 1 in 200 run5.ndpi,Annotation (germinal_center),0.0519
KI67 1 in 200 run5.ndpi,Annotation (germinal_center),0.0461
KI67 1 in 200 run5.ndpi,Annotation (germinal_center),0.0711
KI67 1 in 200 run5.ndpi,Annotation (germinal_center),0.0568
KI67 1 in 200 run5.ndpi,Annotation (germinal_center),0.0581
KI67 1 in 200 run5.ndpi,Annotation (germinal_center),0.0762
KI67 1 in 200 run5.ndpi,Annotation (germinal_center),0.0442
KI67 1 in 200 run5.ndpi,Annotation (germinal_center),0.075
KI67 1 in 200 run5.ndpi,Annotation (germinal_center),0.0436
KI67 1 in 200 run5.ndpi,Annotation (germinal_center),0.039
KI67 1 in 200 run5.ndpi,Annotation (germinal_center),0.1107
KI67 1 in 200 run5.ndpi,Annotation (germinal_center),0.0813
KI67 1 in 200 run5.ndpi,Annotation (germinal_center),0.0585
KI67 1 in 200 run5.ndpi,Annotation (germinal_center),0.0646
KI67 1 in 200 run5.ndpi,Annotation (germinal_center),0.0504
KI67 1 in 200 run5.ndpi,Annotation (germinal_center),0.0518
KI67 1 in 200 run5.ndpi,Annotation (germinal_center),0.0878
KI67 1 in 200 run5.ndpi,Annotation (germinal_center),0.0579
KI67 1 in 200 run5.ndpi,Annotation (germinal_center),0.0444
KI67 1 in 200 run5.ndpi,Annotation (germinal_center),0.0469
KI67 1 in 200 run5.ndpi,Annotation (germinal_center),0.0389
KI67 1 in 200 run5.ndpi,Annotation (germinal_center),0.0637
KI67 1 in 200 run5.ndpi,Annotation (germinal_center),0.039
KI67 1 in 200 run5.ndpi,Annotation (germinal_center),0.0492
KI67 1 in 200 run5.ndpi,Annotation (germinal_center),0.0523
KI67 1 in 200 run5.ndpi,Annotation (germinal_center),0.0704
KI67 1 in 200 run5.ndpi,Annotation (germinal_center),0.0398
KI67 1 in 200 run5.ndpi,Annotation (germinal_center),0.0618
KI67 1 in 200 run5.ndpi,Annotation (germinal_center),0.0334
KI67 1 in 200 run5.ndpi,Annotation (germinal_center),0.0462
KI67 1 in 200 run5.ndpi,Annotation (germinal_center),0.0636
KI67 1 in 200 run5.ndpi,Annotation (germinal_center),0.0744
KI67 1 in 200 run5.ndpi,Annotation (germinal_center),0.037
KI67 1 in 200 run5.ndpi,Annotation (germinal_center),0.099
KI67 1 in 200 run5.ndpi,Annotation (germinal_center),0.0623
KI67 1 in 200 run5.ndpi,Annotation (germinal_center),0.0464
KI67 1 in 200 run5.ndpi,Annotation (germinal_center),0.0406
KI67 1 in 200 run5.ndpi,Annotation (germinal_center),0.0458
KI67 1 in 200 run5.ndpi,Annotation (germinal_center),0.0729
KI67 1 in 200 run5.ndpi,Annotation (germinal_center),0.0731
KI67 1 in 200 run5.ndpi,Annotation (germinal_center),0.0619
KI67 1 in 200 run5.ndpi,Annotation (germinal_center),0.0504
KI67 1 in 200 run5.ndpi,Annotation (germinal_center),0.0787
KI67 1 in 200 run5.ndpi,Annotation (germinal_center),0.0507
KI67 1 in 200 run5.ndpi,Annotation (germinal_center),0.0554
KI67 1 in 200 run5.ndpi,Annotation (germinal_center),0.0523
KI67 1 in 200 run5.ndpi,Annotation (germinal_center),0.0744
KI67 1 in 200 run5.ndpi,Annotation (germinal_center),0.0555
KI67 1 in 200 run5.ndpi,Annotation (germinal_center),0.077
KI67 1 in 200 run5.ndpi,Annotation (germinal_center),0.0471
KI67 1 in 200 run5.ndpi,Annotation (germinal_center),0.0699
KI67 1 in 200 run5.ndpi,Annotation (germinal_center),0.1027
KI67 1 in 200 run5.ndpi,Annotation (germinal_center),0.0451
KI67 1 in 200 run5.ndpi,Annotation (germinal_center),0.0644
KI67 1 in 200 run5.ndpi,Annotation (germinal_center),0.0577
KI67 1 in 200 run5.ndpi,Annotation (germinal_center),0.042
KI67 1 in 200 run5.ndpi,Annotation (germinal_center),0.037
KI67 1 in 200 run5.ndpi,Annotation (germinal_center),0.0601
KI67 1 in 200 run5.ndpi,Annotation (germinal_center),0.0587
KI67 1 in 200 run5.ndpi,Annotation (germinal_center),0.0498
KI67 1 in 200 run5.ndpi,Annotation (germinal_center),0.0369
KI67 1 in 200 run5.ndpi,Annotation (germinal_center),0.0454
KI67 1 in 200 run5.ndpi,Annotation (germinal_center),0.0354
KI67 1 in 200 run5.ndpi,Annotation (germinal_center),0.0532
KI67 1 in 200 run5.ndpi,Annotation (germinal_center),0.0685
KI67 1 in 200 run5.ndpi,Annotation (germinal_center),0.0641
KI67 1 in 200 run5.ndpi,Annotation (germinal_center),0.0503
KI67 1 in 200 run5.ndpi,Annotation (germinal_center),0.0401
KI67 1 in 200 run5.ndpi,Annotation (germinal_center),0.057
KI67 1 in 200 run5.ndpi,Annotation (germinal_center),0.0599
KI67 1 in 200 run5.ndpi,Annotation (germinal_center),0.052
KI67 1 in 200 run5.ndpi,Annotation (germinal_center),0.0513
KI67 1 in 200 run5.ndpi,Annotation (germinal_center),0.0724
KI67 1 in 200 run5.ndpi,Annotation (germinal_center),0.1774
KI67 1 in 200 run5.ndpi,Annotation (germinal_center),0.0635
KI67 1 in 200 run5.ndpi,Annotation (germinal_center),0.0768
KI67 1 in 200 run5.ndpi,Annotation (germinal_center),0.0464
KI67 1 in 200 run5.ndpi,Annotation (germinal_center),0.2569
KI67 1 in 200 run5.ndpi,Annotation (germinal_center),0.0923
KI67 1 in 200 run5.ndpi,Annotation (germinal_center),0.0432
KI67 1 in 200 run5.ndpi,Annotation (germinal_center),0.076
KI67 1 in 200 run5.ndpi,Annotation (germinal_center),0.0591
KI67 1 in 200 run5.ndpi,Annotation (germinal_center),0.1021
KI67 1 in 200 run5.ndpi,Annotation (germinal_center),0.0708
KI67 1 in 200 run5.ndpi,Annotation (germinal_center),0.0367
KI67 1 in 200 run5.ndpi,Annotation (germinal_center),0.049
KI67 1 in 200 run5.ndpi,Annotation (germinal_center),0.0376
KI67 1 in 200 run5.ndpi,Annotation (germinal_center),0.0454
KI67 1 in 200 run5.ndpi,Annotation (germinal_center),0.044
KI67 1 in 200 run5.ndpi,Annotation (germinal_center),0.0472
KI67 1 in 200 run5.ndpi,Annotation (germinal_center),0.0479
KI67 1 in 200 run5.ndpi,Annotation (germinal_center),0.0618
KI67 1 in 200 run5.ndpi,Annotation (germinal_center),0.0719
KI67 1 in 200 run5.ndpi,Annotation (germinal_center),0.0828
KI67 1 in 200 run5.ndpi,Annotation (germinal_center),0.0455
KI67 1 in 200 run5.ndpi,Annotation (germinal_center),0.0439
KI67 1 in 200 run5.ndpi,Annotation (germinal_center),0.0454
KI67 1 in 200 run5.ndpi,Annotation (germinal_center),0.065
KI67 1 in 200 run5.ndpi,Annotation (germinal_center),0.0403
KI67 1 in 200 run5.ndpi,Annotation (germinal_center),0.0527
KI67 1 in 200 run5.ndpi,Annotation (germinal_center),0.0584
KI67 1 in 200 run5.ndpi,Annotation (germinal_center),0.0447
KI67 1 in 200 run5.ndpi,Annotation (germinal_center),0.0479
KI67 1 in 200 run5.ndpi,Annotation (germinal_center),0.0477
KI67 1 in 200 run5.ndpi,Annotation (germinal_center),0.0499
KI67 1 in 200 run5.ndpi,Annotation (germinal_center),0.0589
KI67 1 in 200 run5.ndpi,Annotation (germinal_center),0.0472
KI67 1 in 200 run5.ndpi,Annotation (germinal_center),0.0534
KI67 1 in 200 run5.ndpi,Annotation (germinal_center),0.0404
KI67 1 in 200 run5.ndpi,Annotation (germinal_center),0.047
KI67 1 in 200 run5.ndpi,Annotation (germinal_center),0.0522
KI67 1 in 200 run5.ndpi,Annotation (germinal_center),0.0841
KI67 1 in 200 run5.ndpi,Annotation (germinal_center),0.065
KI67 1 in 200 run5.ndpi,Annotation (germinal_center),0.08
KI67 1 in 200 run5.ndpi,Annotation (germinal_center),0.0516
KI67 1 in 200 run5.ndpi,Annotation (germinal_center),0.0604
KI67 1 in 200 run5.ndpi,Annotation (germinal_center),0.0645
KI67 1 in 200 run5.ndpi,Annotation (germinal_center),0.0665
KI67 1 in 200 run5.ndpi,Annotation (germinal_center),0.03
KI67 1 in 200 run5.ndpi,Annotation (germinal_center),0.0355
KI67 1 in 200 run5.ndpi,Annotation (germinal_center),0.0481
KI67 1 in 200 run5.ndpi,Annotation (germinal_center),0.0773
KI67 1 in 200 run5.ndpi,Annotation (germinal_center),0.0519
KI67 1 in 200 run5.ndpi,Annotation (germinal_center),0.0649
KI67 1 in 200 run5.ndpi,Annotation (germinal_center),0.0528
KI67 1 in 200 run5.ndpi,Annotation (germinal_center),0.05
KI67 1 in 200 run5.ndpi,Annotation (germinal_center),0.0465
KI67 1 in 200 run5.ndpi,Annotation (germinal_center),0.0624
KI67 1 in 200 run5.ndpi,Annotation (germinal_center),0.0587
KI67 1 in 200 run5.ndpi,Annotation (germinal_center),0.0996
KI67 1 in 200 run5.ndpi,Annotation (germinal_center),0.0526
KI67 1 in 200 run5.ndpi,Annotation (germinal_center),0.0541
KI67 1 in 200 run5.ndpi,Annotation (germinal_center),0.0479
KI67 1 in 200 run5.ndpi,Annotation (germinal_center),0.1032
KI67 1 in 200 run5.ndpi,Annotation (germinal_center),0.0961
KI67 1 in 200 run5.ndpi,Annotation (germinal_center),0.047
KI67 1 in 200 run5.ndpi,Annotation (germinal_center),0.044
KI67 1 in 200 run5.ndpi,Annotation (germinal_center),0.0696
KI67 1 in 200 run5.ndpi,Annotation (germinal_center),0.086
KI67 1 in 200 run5.ndpi,Annotation (germinal_center),0.0466
KI67 1 in 200 run5.ndpi,Annotation (germinal_center),0.0317
KI67 1 in 200 run5.ndpi,Annotation (germinal_center),0.0451
KI67 1 in 200 run5.ndpi,Annotation (germinal_center),0.0304
KI67 1 in 200 run5.ndpi,Annotation (germinal_center),0.066
KI67 1 in 200 run5.ndpi,Annotation (germinal_center),0.0926
KI67 1 in 200 run5.ndpi,Annotation (germinal_center),0.0405
KI67 1 in 200 run5.ndpi,Annotation (germinal_center),0.0739
KI67 1 in 200 run5.ndpi,Annotation (germinal_center),0.0413
KI67 1 in 200 run5.ndpi,Annotation (germinal_center),0.0525
KI67 1 in 200 run5.ndpi,Annotation (germinal_center),0.0624
KI67 1 in 200 run5.ndpi,Annotation (germinal_center),0.0478
KI67 1 in 200 run5.ndpi,Annotation (germinal_center),0.0524
KI67 1 in 200 run5.ndpi,Annotation (germinal_center),0.0572
KI67 1 in 200 run5.ndpi,Annotation (germinal_center),0.0639
KI67 1 in 200 run5.ndpi,Annotation (germinal_center),0.0471
KI67 1 in 200 run5.ndpi,Annotation (germinal_center),0.0531
KI67 1 in 200 run5.ndpi,Annotation (germinal_center),0.0527
KI67 1 in 200 run5.ndpi,Annotation (germinal_center),0.0353
KI67 1 in 200 run5.ndpi,Annotation (germinal_center),0.0555
KI67 1 in 200 run5.ndpi,Annotation (germinal_center),0.0443
KI67 1 in 200 run5.ndpi,Annotation (germinal_center),0.0745
KI67 1 in 200 run5.ndpi,Annotation (germinal_center),0.0715
KI67 1 in 200 run5.ndpi,Annotation (germinal_center),0.0582
KI67 1 in 200 run5.ndpi,Annotation (germinal_center),0.0479
KI67 1 in 200 run5.ndpi,Annotation (germinal_center),0.0861
KI67 1 in 200 run5.ndpi,Annotation (germinal_center),0.0436
KI67 1 in 200 run5.ndpi,Annotation (germinal_center),0.0384
KI67 1 in 200 run5.ndpi,Annotation (germinal_center),0.1207
KI67 1 in 200 run5.ndpi,Annotation (germinal_center),0.0562
KI67 1 in 200 run5.ndpi,Annotation (germinal_center),0.0508
KI67 1 in 200 run5.ndpi,Annotation (germinal_center),0.079
KI67 1 in 200 run5.ndpi,Annotation (germinal_center),0.0768
KI67 1 in 200 run5.ndpi,Annotation (germinal_center),0.0464
KI67 1 in 200 run5.ndpi,Annotation (germinal_center),0.0527
KI67 1 in 200 run5.ndpi,Annotation (germinal_center),0.0471
KI67 1 in 200 run5.ndpi,Annotation (germinal_center),0.0512
KI67 1 in 200 run5.ndpi,Annotation (germinal_center),0.0413
KI67 1 in 200 run5.ndpi,Annotation (germinal_center),0.0525
KI67 1 in 200 run5.ndpi,Annotation (germinal_center),0.0431
KI67 1 in 200 run5.ndpi,Annotation (germinal_center),0.0507
KI67 1 in 200 run5.ndpi,Annotation (germinal_center),0.0614
KI67 1 in 200 run5.ndpi,Annotation (germinal_center),0.0681
KI67 1 in 200 run5.ndpi,Annotation (germinal_center),0.0288
KI67 1 in 200 run5.ndpi,Annotation (germinal_center),0.0553
KI67 1 in 200 run5.ndpi,Annotation (germinal_center),0.0411
KI67 1 in 200 run5.ndpi,Annotation (germinal_center),0.0904
KI67 1 in 200 run5.ndpi,Annotation (germinal_center),0.0563
KI67 1 in 200 run5.ndpi,Annotation (germinal_center),0.0418
KI67 1 in 200 run5.ndpi,Annotation (germinal_center),0.0393
KI67 1 in 200 run5.ndpi,Annotation (germinal_center),0.4178
KI67 1 in 200 run5.ndpi,Annotation (germinal_center),0.0767
KI67 1 in 200 run5.ndpi,Annotation (germinal_center),0.0508
KI67 1 in 200 run5.ndpi,Annotation (germinal_center),0.0888
KI67 1 in 200 run5.ndpi,Annotation (germinal_center),0.0308
KI67 1 in 200 run5.ndpi,Annotation (germinal_center),0.0481
KI67 1 in 200 run5.ndpi,Annotation (germinal_center),0.0834
KI67 1 in 200 run5.ndpi,Annotation (germinal_center),0.04
KI67 1 in 200 run5.ndpi,Annotation (germinal_center),0.098
KI67 1 in 200 run5.ndpi,Annotation (germinal_center),0.0379
KI67 1 in 200 run5.ndpi,Annotation (germinal_center),0.0365
KI67 1 in 200 run5.ndpi,Annotation (germinal_center),0.0892
KI67 1 in 200 run5.ndpi,Annotation (germinal_center),0.032
KI67 1 in 200 run5.ndpi,Annotation (germinal_center),0.0525
KI67 1 in 200 run5.ndpi,Annotation (germinal_center),0.0396
KI67 1 in 200 run5.ndpi,Annotation (germinal_center),0.0376
KI67 1 in 200 run5.ndpi,Annotation (germinal_center),0.0645
KI67 1 in 200 run5.ndpi,Annotation (germinal_center),0.0669
KI67 1 in 200 run5.ndpi,Annotation (germinal_center),0.0365
KI67 1 in 200 run5.ndpi,Annotation (germinal_center),0.048
KI67 1 in 200 run5.ndpi,Annotation (germinal_center),0.0615
KI67 1 in 200 run5.ndpi,Annotation (germinal_center),0.0482
KI67 1 in 200 run5.ndpi,Annotation (germinal_center),0.0452
KI67 1 in 200 run5.ndpi,Annotation (germinal_center),0.0558
KI67 1 in 200 run5.ndpi,Annotation (germinal_center),0.0562
KI67 1 in 200 run5.ndpi,Annotation (germinal_center),0.0188
KI67 1 in 200 run5.ndpi,Annotation (germinal_center),0.1004
KI67 1 in 200 run5.ndpi,Annotation (germinal_center),0.0358
KI67 1 in 200 run5.ndpi,Annotation (germinal_center),0.0523
KI67 1 in 200 run5.ndpi,Annotation (germinal_center),0.064
KI67 1 in 200 run5.ndpi,Annotation (germinal_center),0.0457
KI67 1 in 200 run5.ndpi,Annotation (germinal_center),0.0448
KI67 1 in 200 run5.ndpi,Annotation (germinal_center),0.0415
KI67 1 in 200 run5.ndpi,Annotation (germinal_center),0.0428
KI67 1 in 200 run5.ndpi,Annotation (germinal_center),0.0569
KI67 1 in 200 run5.ndpi,Annotation (germinal_center),0.0775
KI67 1 in 200 run5.ndpi,Annotation (germinal_center),0.0619
KI67 1 in 200 run5.ndpi,Annotation (germinal_center),0.0728
KI67 1 in 200 run5.ndpi,Annotation (germinal_center),0.0537
KI67 1 in 200 run5.ndpi,Annotation (germinal_center),0.0761
KI67 1 in 200 run5.ndpi,Annotation (germinal_center),0.0462
KI67 1 in 200 run5.ndpi,Annotation (germinal_center),0.1126
KI67 1 in 200 run5.ndpi,Annotation (germinal_center),0.0704
KI67 1 in 200 run5.ndpi,Annotation (germinal_center),0.0279
KI67 1 in 200 run5.ndpi,Annotation (germinal_center),0.0776
KI67 1 in 200 run5.ndpi,Annotation (germinal_center),0.0356
KI67 1 in 200 run5.ndpi,Annotation (germinal_center),0.064
KI67 1 in 200 run5.ndpi,Annotation (germinal_center),0.0501
KI67 1 in 200 run5.ndpi,Annotation (germinal_center),0.0825
KI67 1 in 200 run5.ndpi,Annotation (germinal_center),0.063
KI67 1 in 200 run5.ndpi,Annotation (germinal_center),0.0447
KI67 1 in 200 run5.ndpi,Annotation (germinal_center),0.0485
KI67 1 in 200 run5.ndpi,Annotation (germinal_center),0.0415
KI67 1 in 200 run5.ndpi,Annotation (germinal_center),0.0519
KI67 1 in 200 run5.ndpi,Annotation (germinal_center),0.0763
KI67 1 in 200 run5.ndpi,Annotation (germinal_center),0.0473
KI67 1 in 200 run5.ndpi,Annotation (germinal_center),0.0708
KI67 1 in 200 run5.ndpi,Annotation (germinal_center),0.0318
KI67 1 in 200 run5.ndpi,Annotation (germinal_center),0.0472
KI67 1 in 200 run5.ndpi,Annotation (germinal_center),0.0373
KI67 1 in 200 run5.ndpi,Annotation (germinal_center),0.102
KI67 1 in 200 run5.ndpi,Annotation (germinal_center),0.0685
KI67 1 in 200 run5.ndpi,Annotation (germinal_center),0.0809
KI67 1 in 200 run5.ndpi,Annotation (germinal_center),0.1059
KI67 1 in 200 run5.ndpi,Annotation (germinal_center),0.05
KI67 1 in 200 run5.ndpi,Annotation (germinal_center),0.0598
KI67 1 in 200 run5.ndpi,Annotation (germinal_center),0.0465
KI67 1 in 200 run5.ndpi,Annotation (germinal_center),0.0661
KI67 1 in 200 run5.ndpi,Annotation (germinal_center),0.0471
KI67 1 in 200 run5.ndpi,Annotation (germinal_center),0.0664
KI67 1 in 200 run5.ndpi,Annotation (germinal_center),0.0534
KI67 1 in 200 run5.ndpi,Annotation (germinal_center),0.0698
KI67 1 in 200 run5.ndpi,Annotation (germinal_center),0.0317
KI67 1 in 200 run5.ndpi,Annotation (germinal_center),0.1098
KI67 1 in 200 run5.ndpi,Annotation (germinal_center),0.0472
KI67 1 in 200 run5.ndpi,Annotation (germinal_center),0.0742
KI67 1 in 200 run5.ndpi,Annotation (germinal_center),0.0558
KI67 1 in 200 run5.ndpi,Annotation (germinal_center),0.0357
KI67 1 in 200 run5.ndpi,Annotation (germinal_center),0.0438
KI67 1 in 200 run5.ndpi,Annotation (germinal_center),0.0416
KI67 1 in 200 run5.ndpi,Annotation (germinal_center),0.0692
KI67 1 in 200 run5.ndpi,Annotation (germinal_center),0.0611
KI67 1 in 200 run5.ndpi,Annotation (germinal_center),0.0555
KI67 1 in 200 run5.ndpi,Annotation (germinal_center),0.0456
KI67 1 in 200 run5.ndpi,Annotation (germinal_center),0.0347
KI67 1 in 200 run5.ndpi,Annotation (germinal_center),0.0328
KI67 1 in 200 run5.ndpi,Annotation (germinal_center),0.0836
KI67 1 in 200 run5.ndpi,Annotation (germinal_center),0.0805
KI67 1 in 200 run5.ndpi,Annotation (germinal_center),0.0483
KI67 1 in 200 run5.ndpi,Annotation (germinal_center),0.0644
KI67 1 in 200 run5.ndpi,Annotation (germinal_center),0.0698
KI67 1 in 200 run5.ndpi,Annotation (germinal_center),0.0601
KI67 1 in 200 run5.ndpi,Annotation (germinal_center),0.0436
KI67 1 in 200 run5.ndpi,Annotation (germinal_center),0.0572
KI67 1 in 200 run5.ndpi,Annotation (germinal_center),0.0559
KI67 1 in 200 run5.ndpi,Annotation (germinal_center),0.0789
KI67 1 in 200 run5.ndpi,Annotation (germinal_center),0.0713
KI67 1 in 200 run5.ndpi,Annotation (germinal_center),0.0611
KI67 1 in 200 run5.ndpi,Annotation (germinal_center),0.0691
KI67 1 in 200 run5.ndpi,Annotation (germinal_center),0.1027
KI67 1 in 200 run5.ndpi,Annotation (germinal_center),0.0751
KI67 1 in 200 run5.ndpi,Annotation (germinal_center),0.0436
KI67 1 in 200 run5.ndpi,Annotation (germinal_center),0.0489
KI67 1 in 200 run5.ndpi,Annotation (germinal_center),0.0454
KI67 1 in 200 run5.ndpi,Annotation (germinal_center),0.0548
KI67 1 in 200 run5.ndpi,Annotation (germinal_center),0.094
KI67 1 in 200 run5.ndpi,Annotation (germinal_center),0.053
KI67 1 in 200 run5.ndpi,Annotation (germinal_center),0.0611
KI67 1 in 200 run5.ndpi,Annotation (germinal_center),0.0718
KI67 1 in 200 run5.ndpi,Annotation (germinal_center),0.0876
KI67 1 in 200 run5.ndpi,Annotation (germinal_center),0.0466
KI67 1 in 200 run5.ndpi,Annotation (germinal_center),0.0465
KI67 1 in 200 run5.ndpi,Annotation (germinal_center),0.0851
KI67 1 in 200 run5.ndpi,Annotation (germinal_center),0.0373
KI67 1 in 200 run5.ndpi,Annotation (germinal_center),0.0494
KI67 1 in 200 run5.ndpi,Annotation (germinal_center),0.0424
KI67 1 in 200 run5.ndpi,Annotation (germinal_center),0.0492
KI67 1 in 200 run5.ndpi,Annotation (germinal_center),0.0639
KI67 1 in 200 run5.ndpi,Annotation (germinal_center),0.0513
KI67 1 in 200 run5.ndpi,Annotation (germinal_center),0.0959
KI67 1 in 200 run5.ndpi,Annotation (germinal_center),0.0504
KI67 1 in 200 run5.ndpi,Annotation (germinal_center),0.0597
KI67 1 in 200 run5.ndpi,Annotation (germinal_center),0.0489
KI67 1 in 200 run5.ndpi,Annotation (germinal_center),0.0673
KI67 1 in 200 run5.ndpi,Annotation (germinal_center),0.0463
KI67 1 in 200 run5.ndpi,Annotation (germinal_center),0.0616
KI67 1 in 200 run5.ndpi,Annotation (germinal_center),0.0616
KI67 1 in 200 run5.ndpi,Annotation (germinal_center),0.0543
KI67 1 in 200 run5.ndpi,Annotation (germinal_center),0.0808
KI67 1 in 200 run5.ndpi,Annotation (germinal_center),0.0653
KI67 1 in 200 run5.ndpi,Annotation (germinal_center),0.0426
KI67 1 in 200 run5.ndpi,Annotation (germinal_center),0.065
KI67 1 in 200 run5.ndpi,Annotation (germinal_center),0.0509
KI67 1 in 200 run5.ndpi,Annotation (germinal_center),0.0599
KI67 1 in 200 run5.ndpi,Annotation (germinal_center),0.0542
KI67 1 in 200 run5.ndpi,Annotation (germinal_center),0.0424
KI67 1 in 200 run5.ndpi,Annotation (germinal_center),0.0434
KI67 1 in 200 run5.ndpi,Annotation (germinal_center),0.0651
KI67 1 in 200 run5.ndpi,Annotation (germinal_center),0.0962
KI67 1 in 200 run5.ndpi,Annotation (germinal_center),0.042
KI67 1 in 200 run5.ndpi,Annotation (germinal_center),0.0866
KI67 1 in 200 run5.ndpi,Annotation (germinal_center),0.0435
KI67 1 in 200 run5.ndpi,Annotation (germinal_center),0.0526
KI67 1 in 200 run5.ndpi,Annotation (germinal_center),0.0491
KI67 1 in 200 run5.ndpi,Annotation (germinal_center),0.0713
KI67 1 in 200 run5.ndpi,Annotation (germinal_center),0.0923
KI67 1 in 200 run5.ndpi,Annotation (germinal_center),0.0447
KI67 1 in 200 run5.ndpi,Annotation (germinal_center),0.033
KI67 1 in 200 run5.ndpi,Annotation (germinal_center),0.0465
KI67 1 in 200 run5.ndpi,Annotation (germinal_center),0.046
KI67 1 in 200 run5.ndpi,Annotation (germinal_center),0.0673
KI67 1 in 200 run5.ndpi,Annotation (germinal_center),0.0432
KI67 1 in 200 run5.ndpi,Annotation (germinal_center),0.0671
KI67 1 in 200 run5.ndpi,Annotation (germinal_center),0.0479
KI67 1 in 200 run5.ndpi,Annotation (germinal_center),0.0563
KI67 1 in 200 run5.ndpi,Annotation (germinal_center),0.0523
KI67 1 in 200 run5.ndpi,Annotation (germinal_center),0.0637
KI67 1 in 200 run5.ndpi,Annotation (germinal_center),0.0724
KI67 1 in 200 run5.ndpi,Annotation (germinal_center),0.037
KI67 1 in 200 run5.ndpi,Annotation (germinal_center),0.0659
KI67 1 in 200 run5.ndpi,Annotation (germinal_center),0.0957
KI67 1 in 200 run5.ndpi,Annotation (germinal_center),0.0593
KI67 1 in 200 run5.ndpi,Annotation (germinal_center),0.0488
KI67 1 in 200 run5.ndpi,Annotation (germinal_center),0.0499
KI67 1 in 200 run5.ndpi,Annotation (germinal_center),0.0925
KI67 1 in 200 run5.ndpi,Annotation (germinal_center),0.0662
KI67 1 in 200 run5.ndpi,Annotation (germinal_center),0.041
KI67 1 in 200 run5.ndpi,Annotation (germinal_center),0.0407
KI67 1 in 200 run5.ndpi,Annotation (germinal_center),0.0366
KI67 1 in 200 run5.ndpi,Annotation (germinal_center),0.0741
KI67 1 in 200 run5.ndpi,Annotation (germinal_center),0.0367
KI67 1 in 200 run5.ndpi,Annotation (germinal_center),0.0593
KI67 1 in 200 run5.ndpi,Annotation (germinal_center),0.0523
KI67 1 in 200 run5.ndpi,Annotation (germinal_center),0.0515
KI67 1 in 200 run5.ndpi,Annotation (germinal_center),0.051
KI67 1 in 200 run5.ndpi,Annotation (germinal_center),0.0546
KI67 1 in 200 run5.ndpi,Annotation (germinal_center),0.0453
KI67 1 in 200 run5.ndpi,Annotation (germinal_center),0.0494
KI67 1 in 200 run5.ndpi,Annotation (germinal_center),0.0768
KI67 1 in 200 run5.ndpi,Annotation (germinal_center),0.0411
KI67 1 in 200 run5.ndpi,Annotation (germinal_center),0.093
KI67 1 in 200 run5.ndpi,Annotation (germinal_center),0.0752
KI67 1 in 200 run5.ndpi,Annotation (germinal_center),0.0574
KI67 1 in 200 run5.ndpi,Annotation (germinal_center),0.0525
KI67 1 in 200 run5.ndpi,Annotation (germinal_center),0.0621
KI67 1 in 200 run5.ndpi,Annotation (germinal_center),0.0528
KI67 1 in 200 run5.ndpi,Annotation (germinal_center),0.0418
KI67 1 in 200 run5.ndpi,Annotation (germinal_center),0.0754
KI67 1 in 200 run5.ndpi,Annotation (germinal_center),0.0467
KI67 1 in 200 run5.ndpi,Annotation (germinal_center),0.0573
KI67 1 in 200 run5.ndpi,Annotation (germinal_center),0.0405
KI67 1 in 200 run5.ndpi,Annotation (germinal_center),0.0546
KI67 1 in 200 run5.ndpi,Annotation (germinal_center),0.091
KI67 1 in 200 run5.ndpi,Annotation (germinal_center),0.0815
KI67 1 in 200 run5.ndpi,Annotation (germinal_center),0.041
KI67 1 in 200 run5.ndpi,Annotation (germinal_center),0.0826
KI67 1 in 200 run5.ndpi,Annotation (germinal_center),0.0757
KI67 1 in 200 run5.ndpi,Annotation (germinal_center),0.043
KI67 1 in 200 run5.ndpi,Annotation (germinal_center),0.0478
KI67 1 in 200 run5.ndpi,Annotation (germinal_center),0.0654
KI67 1 in 200 run5.ndpi,Annotation (germinal_center),0.0562
KI67 1 in 200 run5.ndpi,Annotation (germinal_center),0.0375
KI67 1 in 200 run5.ndpi,Annotation (germinal_center),0.0433
KI67 1 in 200 run5.ndpi,Annotation (germinal_center),0.0775
KI67 1 in 200 run5.ndpi,Annotation (germinal_center),0.043
KI67 1 in 200 run5.ndpi,Annotation (germinal_center),0.0845
KI67 1 in 200 run5.ndpi,Annotation (germinal_center),0.0446
KI67 1 in 200 run5.ndpi,Annotation (germinal_center),0.0553
KI67 1 in 200 run5.ndpi,Annotation (germinal_center),0.0904
KI67 1 in 200 run5.ndpi,Annotation (germinal_center),0.0472
KI67 1 in 200 run5.ndpi,Annotation (germinal_center),0.0573
KI67 1 in 200 run5.ndpi,Annotation (germinal_center),0.0521
KI67 1 in 200 run5.ndpi,Annotation (germinal_center),0.0438
KI67 1 in 200 run5.ndpi,Annotation (germinal_center),0.0445
KI67 1 in 200 run5.ndpi,Annotation (germinal_center),0.0562
KI67 1 in 200 run5.ndpi,Annotation (germinal_center),0.0695
KI67 1 in 200 run5.ndpi,Annotation (germinal_center),0.0574
KI67 1 in 200 run5.ndpi,Annotation (germinal_center),0.0388
KI67 1 in 200 run5.ndpi,Annotation (germinal_center),0.0591
KI67 1 in 200 run5.ndpi,Annotation (germinal_center),0.0482
KI67 1 in 200 run5.ndpi,Annotation (germinal_center),0.0469
KI67 1 in 200 run5.ndpi,Annotation (germinal_center),0.0863
KI67 1 in 200 run5.ndpi,Annotation (germinal_center),0.127
KI67 1 in 200 run5.ndpi,Annotation (germinal_center),0.0763
KI67 1 in 200 run5.ndpi,Annotation (germinal_center),0.0571
KI67 1 in 200 run5.ndpi,Annotation (germinal_center),0.0718
KI67 1 in 200 run5.ndpi,Annotation (germinal_center),0.0425
KI67 1 in 200 run5.ndpi,Annotation (germinal_center),0.0683
KI67 1 in 200 run5.ndpi,Annotation (germinal_center),0.0905
KI67 1 in 200 run5.ndpi,Annotation (germinal_center),0.0463
KI67 1 in 200 run5.ndpi,Annotation (germinal_center),0.0781
KI67 1 in 200 run5.ndpi,Annotation (germinal_center),0.0599
KI67 1 in 200 run5.ndpi,Annotation (germinal_center),0.0638
KI67 1 in 200 run5.ndpi,Annotation (germinal_center),0.0715
KI67 1 in 200 run5.ndpi,Annotation (germinal_center),0.0547
KI67 1 in 200 run5.ndpi,Annotation (germinal_center),0.0764
KI67 1 in 200 run5.ndpi,Annotation (germinal_center),0.0735
KI67 1 in 200 run5.ndpi,Annotation (germinal_center),0.055
KI67 1 in 200 run5.ndpi,Annotation (germinal_center),0.0579
KI67 1 in 200 run5.ndpi,Annotation (germinal_center),0.0739
KI67 1 in 200 run5.ndpi,Annotation (germinal_center),0.0735
KI67 1 in 200 run5.ndpi,Annotation (germinal_center),0.0653
KI67 1 in 200 run5.ndpi,Annotation (germinal_center),0.0695
KI67 1 in 200 run5.ndpi,Annotation (germinal_center),0.0803
KI67 1 in 200 run5.ndpi,Annotation (germinal_center),0.0695
KI67 1 in 200 run5.ndpi,Annotation (germinal_center),0.1121
KI67 1 in 200 run5.ndpi,Annotation (germinal_center),0.066
KI67 1 in 200 run5.ndpi,Annotation (germinal_center),0.0494
KI67 1 in 200 run5.ndpi,Annotation (germinal_center),0.0609
KI67 1 in 200 run5.ndpi,Annotation (germinal_center),0.059
KI67 1 in 200 run5.ndpi,Annotation (germinal_center),0.0584
KI67 1 in 200 run5.ndpi,Annotation (germinal_center),0.0633
KI67 1 in 200 run5.ndpi,Annotation (germinal_center),0.0546
KI67 1 in 200 run5.ndpi,Annotation (germinal_center),0.0423
KI67 1 in 200 run5.ndpi,Annotation (germinal_center),0.0458
KI67 1 in 200 run5.ndpi,Annotation (germinal_center),0.0602
KI67 1 in 200 run5.ndpi,Annotation (germinal_center),0.0907
KI67 1 in 200 run5.ndpi,Annotation (germinal_center),0.0518
KI67 1 in 200 run5.ndpi,Annotation (germinal_center),0.0557
KI67 1 in 200 run5.ndpi,Annotation (germinal_center),0.0372
KI67 1 in 200 run5.ndpi,Annotation (germinal_center),0.0578
KI67 1 in 200 run5.ndpi,Annotation (germinal_center),0.0538
KI67 1 in 200 run5.ndpi,Annotation (germinal_center),0.0752
KI67 1 in 200 run5.ndpi,Annotation (germinal_center),0.0473
KI67 1 in 200 run5.ndpi,Annotation (germinal_center),0.0653
KI67 1 in 200 run5.ndpi,Annotation (germinal_center),0.065
KI67 1 in 200 run5.ndpi,Annotation (germinal_center),0.0833
KI67 1 in 200 run5.ndpi,Annotation (germinal_center),0.0554
KI67 1 in 200 run5.ndpi,Annotation (germinal_center),0.0464
KI67 1 in 200 run5.ndpi,Annotation (germinal_center),0.0754
KI67 1 in 200 run5.ndpi,Annotation (germinal_center),0.0668
KI67 1 in 200 run5.ndpi,Annotation (germinal_center),0.0589
KI67 1 in 200 run5.ndpi,Annotation (germinal_center),0.0494
KI67 1 in 200 run5.ndpi,Annotation (germinal_center),0.0427
KI67 1 in 200 run5.ndpi,Annotation (germinal_center),0.0599
KI67 1 in 200 run5.ndpi,Annotation (germinal_center),0.0881
KI67 1 in 200 run5.ndpi,Annotation (germinal_center),0.077
KI67 1 in 200 run5.ndpi,Annotation (germinal_center),0.0471
KI67 1 in 200 run5.ndpi,Annotation (germinal_center),0.0686
KI67 1 in 200 run5.ndpi,Annotation (germinal_center),0.0677
KI67 1 in 200 run5.ndpi,Annotation (germinal_center),0.0707
KI67 1 in 200 run5.ndpi,Annotation (germinal_center),0.0668
KI67 1 in 200 run5.ndpi,Annotation (germinal_center),0.064
KI67 1 in 200 run5.ndpi,Annotation (germinal_center),0.0547
KI67 1 in 200 run5.ndpi,Annotation (germinal_center),0.0664
KI67 1 in 200 run5.ndpi,Annotation (germinal_center),0.0718
KI67 1 in 200 run5.ndpi,Annotation (germinal_center),0.0843
KI67 1 in 200 run5.ndpi,Annotation (germinal_center),0.0698
KI67 1 in 200 run5.ndpi,Annotation (germinal_center),0.0503
KI67 1 in 200 run5.ndpi,Annotation (germinal_center),0.0607
KI67 1 in 200 run5.ndpi,Annotation (germinal_center),0.0415
KI67 1 in 200 run5.ndpi,Annotation (germinal_center),0.042
KI67 1 in 200 run5.ndpi,Annotation (germinal_center),0.0397
KI67 1 in 200 run5.ndpi,Annotation (germinal_center),0.0701
KI67 1 in 200 run5.ndpi,Annotation (germinal_center),0.0705
KI67 1 in 200 run5.ndpi,Annotation (germinal_center),0.0576
KI67 1 in 200 run5.ndpi,Annotation (germinal_center),0.0575
KI67 1 in 200 run5.ndpi,Annotation (germinal_center),0.1124
KI67 1 in 200 run5.ndpi,Annotation (germinal_center),0.1288
KI67 1 in 200 run5.ndpi,Annotation (germinal_center),0.0446
KI67 1 in 200 run5.ndpi,Annotation (germinal_center),0.0402
KI67 1 in 200 run5.ndpi,Annotation (germinal_center),0.05
KI67 1 in 200 run5.ndpi,Annotation (germinal_center),0.0514
KI67 1 in 200 run5.ndpi,Annotation (germinal_center),0.0407
KI67 1 in 200 run5.ndpi,Annotation (germinal_center),0.0472
KI67 1 in 200 run5.ndpi,Annotation (germinal_center),0.1068
KI67 1 in 200 run5.ndpi,Annotation (germinal_center),0.0837
KI67 1 in 200 run5.ndpi,Annotation (germinal_center),0.0572
KI67 1 in 200 run5.ndpi,Annotation (germinal_center),0.076
KI67 1 in 200 run5.ndpi,Annotation (germinal_center),0.0535
KI67 1 in 200 run5.ndpi,Annotation (germinal_center),0.085
KI67 1 in 200 run5.ndpi,Annotation (germinal_center),0.0519
KI67 1 in 200 run5.ndpi,Annotation (germinal_center),0.0454
KI67 1 in 200 run5.ndpi,Annotation (germinal_center),0.058
KI67 1 in 200 run5.ndpi,Annotation (germinal_center),0.0778
KI67 1 in 200 run5.ndpi,Annotation (germinal_center),0.0784
KI67 1 in 200 run5.ndpi,Annotation (germinal_center),0.072
KI67 1 in 200 run5.ndpi,Annotation (germinal_center),0.0393
KI67 1 in 200 run5.ndpi,Annotation (germinal_center),0.106
KI67 1 in 200 run5.ndpi,Annotation (germinal_center),0.0483
KI67 1 in 200 run5.ndpi,Annotation (germinal_center),0.0339
KI67 1 in 200 run5.ndpi,Annotation (germinal_center),0.0497
KI67 1 in 200 run5.ndpi,Annotation (germinal_center),0.0541
KI67 1 in 200 run5.ndpi,Annotation (germinal_center),0.0441
KI67 1 in 200 run5.ndpi,Annotation (germinal_center),0.084
KI67 1 in 200 run5.ndpi,Annotation (germinal_center),0.0646
KI67 1 in 200 run5.ndpi,Annotation (germinal_center),0.0566
KI67 1 in 200 run5.ndpi,Annotation (germinal_center),0.1079
KI67 1 in 200 run5.ndpi,Annotation (germinal_center),0.0406
KI67 1 in 200 run5.ndpi,Annotation (germinal_center),0.0429
KI67 1 in 200 run5.ndpi,Annotation (germinal_center),0.0581
KI67 1 in 200 run5.ndpi,Annotation (germinal_center),0.0716
KI67 1 in 200 run5.ndpi,Annotation (germinal_center),0.0458
KI67 1 in 200 run5.ndpi,Annotation (germinal_center),0.2874
KI67 1 in 200 run5.ndpi,Annotation (germinal_center),0.0311
KI67 1 in 200 run5.ndpi,Annotation (germinal_center),0.0776
KI67 1 in 200 run5.ndpi,Annotation (germinal_center),0.0767
KI67 1 in 200 run5.ndpi,Annotation (germinal_center),0.0857
KI67 1 in 200 run5.ndpi,Annotation (germinal_center),0.0782
KI67 1 in 200 run5.ndpi,Annotation (germinal_center),0.0359
KI67 1 in 200 run5.ndpi,Annotation (germinal_center),0.0585
KI67 1 in 200 run5.ndpi,Annotation (germinal_center),0.0553
KI67 1 in 200 run5.ndpi,Annotation (germinal_center),0.0574
KI67 1 in 200 run5.ndpi,Annotation (germinal_center),0.05
KI67 1 in 200 run5.ndpi,Annotation (germinal_center),0.1174
KI67 1 in 200 run5.ndpi,Annotation (germinal_center),0.0579
KI67 1 in 200 run5.ndpi,Annotation (germinal_center),0.0846
KI67 1 in 200 run5.ndpi,Annotation (germinal_center),0.0437
KI67 1 in 200 run5.ndpi,Annotation (germinal_center),0.0503
KI67 1 in 200 run5.ndpi,Annotation (germinal_center),0.0585
KI67 1 in 200 run5.ndpi,Annotation (germinal_center),0.0737
KI67 1 in 200 run5.ndpi,Annotation (germinal_center),0.0907
KI67 1 in 200 run5.ndpi,Annotation (germinal_center),0.1224
KI67 1 in 200 run5.ndpi,Annotation (germinal_center),0.0641
KI67 1 in 200 run5.ndpi,Annotation (germinal_center),0.0699
KI67 1 in 200 run5.ndpi,Annotation (germinal_center),0.0731
KI67 1 in 200 run5.ndpi,Annotation (germinal_center),0.0786
KI67 1 in 200 run5.ndpi,Annotation (germinal_center),0.0736
KI67 1 in 200 run5.ndpi,Annotation (germinal_center),0.0539
KI67 1 in 200 run5.ndpi,Annotation (germinal_center),0.0489
KI67 1 in 200 run5.ndpi,Annotation (germinal_center),0.0835
KI67 1 in 200 run5.ndpi,Annotation (germinal_center),0.0411
KI67 1 in 200 run5.ndpi,Annotation (germinal_center),0.0468
KI67 1 in 200 run5.ndpi,Annotation (germinal_center),0.0469
KI67 1 in 200 run5.ndpi,Annotation (germinal_center),0.0708
KI67 1 in 200 run5.ndpi,Annotation (germinal_center),0.1171
KI67 1 in 200 run5.ndpi,Annotation (germinal_center),0.1098
KI67 1 in 200 run5.ndpi,Annotation (germinal_center),0.0684
KI67 1 in 200 run5.ndpi,Annotation (germinal_center),0.0679
KI67 1 in 200 run5.ndpi,Annotation (germinal_center),0.0504
KI67 1 in 200 run5.ndpi,Annotation (germinal_center),0.0524
KI67 1 in 200 run5.ndpi,Annotation (germinal_center),0.0881
KI67 1 in 200 run5.ndpi,Annotation (germinal_center),0.0863
KI67 1 in 200 run5.ndpi,Annotation (germinal_center),0.0915
KI67 1 in 200 run5.ndpi,Annotation (germinal_center),0.0683
KI67 1 in 200 run5.ndpi,Annotation (germinal_center),0.0579
KI67 1 in 200 run5.ndpi,Annotation (germinal_center),0.065
KI67 1 in 200 run5.ndpi,Annotation (germinal_center),0.0923
KI67 1 in 200 run5.ndpi,Annotation (germinal_center),0.0785
KI67 1 in 200 run5.ndpi,Annotation (germinal_center),0.0733
KI67 1 in 200 run5.ndpi,Annotation (germinal_center),0.0747
KI67 1 in 200 run5.ndpi,Annotation (germinal_center),0.0282
KI67 1 in 200 run5.ndpi,Annotation (germinal_center),0.3184
KI67 1 in 200 run5.ndpi,Annotation (germinal_center),0.0713
KI67 1 in 200 run5.ndpi,Annotation (germinal_center),0.068
KI67 1 in 200 run5.ndpi,Annotation (germinal_center),0.0498
KI67 1 in 200 run5.ndpi,Annotation (germinal_center),0.0336
KI67 1 in 200 run5.ndpi,Annotation (germinal_center),0.0597
KI67 1 in 200 run5.ndpi,Annotation (germinal_center),0.0806
KI67 1 in 200 run5.ndpi,Annotation (germinal_center),0.0751
KI67 1 in 200 run5.ndpi,Annotation (germinal_center),0.0607
KI67 1 in 200 run5.ndpi,Annotation (germinal_center),0.0741
KI67 1 in 200 run5.ndpi,Annotation (germinal_center),0.3133
KI67 1 in 200 run5.ndpi,Annotation (germinal_center),0.0498
KI67 1 in 200 run5.ndpi,Annotation (germinal_center),0.0868
KI67 1 in 200 run5.ndpi,Annotation (germinal_center),0.0945
KI67 1 in 200 run5.ndpi,Annotation (germinal_center),0.0689
KI67 1 in 200 run5.ndpi,Annotation (germinal_center),0.0712
KI67 1 in 200 run5.ndpi,Annotation (germinal_center),0.067
KI67 1 in 200 run5.ndpi,Annotation (germinal_center),0.1087
KI67 1 in 200 run5.ndpi,Annotation (germinal_center),0.092
KI67 1 in 200 run5.ndpi,Annotation (germinal_center),0.0865
KI67 1 in 200 run5.ndpi,Annotation (germinal_center),0.066
KI67 1 in 200 run5.ndpi,Annotation (germinal_center),0.0599
KI67 1 in 200 run5.ndpi,Annotation (germinal_center),0.0672
KI67 1 in 200 run5.ndpi,Annotation (germinal_center),0.0775
KI67 1 in 200 run5.ndpi,Annotation (germinal_center),0.065
KI67 1 in 200 run5.ndpi,Annotation (germinal_center),0.0626
KI67 1 in 200 run5.ndpi,Annotation (germinal_center),0.0443
KI67 1 in 200 run5.ndpi,Annotation (germinal_center),0.0584
KI67 1 in 200 run5.ndpi,Annotation (germinal_center),0.0685
KI67 1 in 200 run5.ndpi,Annotation (germinal_center),0.0804
KI67 1 in 200 run5.ndpi,Annotation (germinal_center),0.0527
KI67 1 in 200 run5.ndpi,Annotation (germinal_center),0.0522
KI67 1 in 200 run5.ndpi,Annotation (germinal_center),0.0869
KI67 1 in 200 run5.ndpi,Annotation (germinal_center),0.0752
KI67 1 in 200 run5.ndpi,Annotation (germinal_center),0.0886
KI67 1 in 200 run5.ndpi,Annotation (germinal_center),0.0537
KI67 1 in 200 run5.ndpi,Annotation (germinal_center),0.0569
KI67 1 in 200 run5.ndpi,Annotation (germinal_center),0.064
KI67 1 in 200 run5.ndpi,Annotation (germinal_center),0.0667
KI67 1 in 200 run5.ndpi,Annotation (germinal_center),0.0574
KI67 1 in 200 run5.ndpi,Annotation (germinal_center),0.0703
KI67 1 in 200 run5.ndpi,Annotation (germinal_center),0.0602
KI67 1 in 200 run5.ndpi,Annotation (germinal_center),0.1031
KI67 1 in 200 run5.ndpi,Annotation (germinal_center),0.0663
KI67 1 in 200 run5.ndpi,Annotation (germinal_center),0.0626
KI67 1 in 200 run5.ndpi,Annotation (germinal_center),0.0859
KI67 1 in 200 run5.ndpi,Annotation (germinal_center),0.0666
KI67 1 in 200 run5.ndpi,Annotation (germinal_center),0.0735
KI67 1 in 200 run5.ndpi,Annotation (germinal_center),0.0728
KI67 1 in 200 run5.ndpi,Annotation (germinal_center),0.0692
KI67 1 in 200 run5.ndpi,Annotation (germinal_center),0.0731
KI67 1 in 200 run5.ndpi,Annotation (germinal_center),0.0635
KI67 1 in 200 run5.ndpi,Annotation (germinal_center),0.0699
KI67 1 in 200 run5.ndpi,Annotation (germinal_center),0.0392
KI67 1 in 200 run5.ndpi,Annotation (germinal_center),0.0512
KI67 1 in 200 run5.ndpi,Annotation (germinal_center),0.0407
KI67 1 in 200 run5.ndpi,Annotation (germinal_center),0.0479
KI67 1 in 200 run5.ndpi,Annotation (germinal_center),0.073
KI67 1 in 200 run5.ndpi,Annotation (germinal_center),0.0748
KI67 1 in 200 run5.ndpi,Annotation (germinal_center),0.0544
KI67 1 in 200 run5.ndpi,Annotation (germinal_center),0.0678
KI67 1 in 200 run5.ndpi,Annotation (germinal_center),0.0656
KI67 1 in 200 run5.ndpi,Annotation (germinal_center),0.0512
KI67 1 in 200 run5.ndpi,Annotation (germinal_center),0.0474
KI67 1 in 200 run5.ndpi,Annotation (germinal_center),0.0862
KI67 1 in 200 run5.ndpi,Annotation (germinal_center),0.0641
KI67 1 in 200 run5.ndpi,Annotation (germinal_center),0.0357
KI67 1 in 200 run5.ndpi,Annotation (germinal_center),0.0585
KI67 1 in 200 run5.ndpi,Annotation (germinal_center),0.0492
KI67 1 in 200 run5.ndpi,Annotation (germinal_center),0.0567
KI67 1 in 200 run5.ndpi,Annotation (germinal_center),0.0731
KI67 1 in 200 run5.ndpi,Annotation (germinal_center),0.0446
KI67 1 in 200 run5.ndpi,Annotation (germinal_center),0.0549
KI67 1 in 200 run5.ndpi,Annotation (germinal_center),0.04
KI67 1 in 200 run5.ndpi,Annotation (germinal_center),0.091
KI67 1 in 200 run5.ndpi,Annotation (germinal_center),0.0506
KI67 1 in 200 run5.ndpi,Annotation (germinal_center),0.0601
KI67 1 in 200 run5.ndpi,Annotation (germinal_center),0.0771
KI67 1 in 200 run5.ndpi,Annotation (germinal_center),0.046
KI67 1 in 200 run5.ndpi,Annotation (germinal_center),0.0771
KI67 1 in 200 run5.ndpi,Annotation (germinal_center),0.0684
KI67 1 in 200 run5.ndpi,Annotation (germinal_center),0.0592
KI67 1 in 200 run5.ndpi,Annotation (germinal_center),0.0774
KI67 1 in 200 run5.ndpi,Annotation (germinal_center),0.0637
KI67 1 in 200 run5.ndpi,Annotation (germinal_center),0.0781
KI67 1 in 200 run5.ndpi,Annotation (germinal_center),0.0553
KI67 1 in 200 run5.ndpi,Annotation (germinal_center),0.039
KI67 1 in 200 run5.ndpi,Annotation (germinal_center),0.0541
KI67 1 in 200 run5.ndpi,Annotation (germinal_center),0.0449
KI67 1 in 200 run5.ndpi,Annotation (germinal_center),0.0572
KI67 1 in 200 run5.ndpi,Annotation (germinal_center),0.084
KI67 1 in 200 run5.ndpi,Annotation (germinal_center),0.0755
KI67 1 in 200 run5.ndpi,Annotation (germinal_center),0.0638
KI67 1 in 200 run5.ndpi,Annotation (germinal_center),0.0856
KI67 1 in 200 run5.ndpi,Annotation (germinal_center),0.0769
KI67 1 in 200 run5.ndpi,Annotation (germinal_center),0.0842
KI67 1 in 200 run5.ndpi,Annotation (germinal_center),0.0967
KI67 1 in 200 run5.ndpi,Annotation (germinal_center),0.0786
KI67 1 in 200 run5.ndpi,Annotation (germinal_center),0.0711
KI67 1 in 200 run5.ndpi,Annotation (germinal_center),0.0648
KI67 1 in 200 run5.ndpi,Annotation (germinal_center),0.0471
KI67 1 in 200 run5.ndpi,Annotation (germinal_center),0.0768
KI67 1 in 200 run5.ndpi,Annotation (germinal_center),0.0452
KI67 1 in 200 run5.ndpi,Annotation (germinal_center),0.0459
KI67 1 in 200 run5.ndpi,Annotation (germinal_center),0.0667
KI67 1 in 200 run5.ndpi,Annotation (germinal_center),0.0722
KI67 1 in 200 run5.ndpi,Annotation (germinal_center),0.0797
KI67 1 in 200 run5.ndpi,Annotation (germinal_center),0.0632
KI67 1 in 200 run5.ndpi,Annotation (germinal_center),0.0684
KI67 1 in 200 run5.ndpi,Annotation (germinal_center),0.0688
KI67 1 in 200 run5.ndpi,Annotation (germinal_center),0.0661
KI67 1 in 200 run5.ndpi,Annotation (germinal_center),0.0817
KI67 1 in 200 run5.ndpi,Annotation (germinal_center),0.0614
KI67 1 in 200 run5.ndpi,Annotation (germinal_center),0.0599
KI67 1 in 200 run5.ndpi,Annotation (germinal_center),0.0521
KI67 1 in 200 run5.ndpi,Annotation (germinal_center),0.0714
KI67 1 in 200 run5.ndpi,Annotation (germinal_center),0.0721
KI67 1 in 200 run5.ndpi,Annotation (germinal_center),0.0734
KI67 1 in 200 run5.ndpi,Annotation (germinal_center),0.0577
KI67 1 in 200 run5.ndpi,Annotation (germinal_center),0.0534
KI67 1 in 200 run5.ndpi,Annotation (germinal_center),0.0499
KI67 1 in 200 run5.ndpi,Annotation (germinal_center),0.0782
KI67 1 in 200 run5.ndpi,Annotation (germinal_center),0.0854
KI67 1 in 200 run5.ndpi,Annotation (germinal_center),0.052
KI67 1 in 200 run5.ndpi,Annotation (germinal_center),0.0692
KI67 1 in 200 run5.ndpi,Annotation (germinal_center),0.0856
KI67 1 in 200 run5.ndpi,Annotation (germinal_center),0.0806
KI67 1 in 200 run5.ndpi,Annotation (germinal_center),0.0686
KI67 1 in 200 run5.ndpi,Annotation (germinal_center),0.0785
KI67 1 in 200 run5.ndpi,Annotation (germinal_center),0.0361
KI67 1 in 200 run5.ndpi,Annotation (germinal_center),0.0649
KI67 1 in 200 run5.ndpi,Annotation (germinal_center),0.0311
KI67 1 in 200 run5.ndpi,Annotation (germinal_center),0.0461
KI67 1 in 200 run5.ndpi,Annotation (germinal_center),0.04
KI67 1 in 200 run5.ndpi,Annotation (germinal_center),0.0885
KI67 1 in 200 run5.ndpi,Annotation (germinal_center),0.0434
KI67 1 in 200 run5.ndpi,Annotation (germinal_center),0.0637
KI67 1 in 200 run5.ndpi,Annotation (germinal_center),0.0658
KI67 1 in 200 run5.ndpi,Annotation (germinal_center),0.0621
KI67 1 in 200 run5.ndpi,Annotation (germinal_center),0.1588
KI67 1 in 200 run5.ndpi,Annotation (germinal_center),0.0483
KI67 1 in 200 run5.ndpi,Annotation (germinal_center),0.0774
KI67 1 in 200 run5.ndpi,Annotation (germinal_center),0.0783
KI67 1 in 200 run5.ndpi,Annotation (germinal_center),0.0484
KI67 1 in 200 run5.ndpi,Annotation (germinal_center),0.0585
KI67 1 in 200 run5.ndpi,Annotation (germinal_center),0.0462
KI67 1 in 200 run5.ndpi,Annotation (germinal_center),0.0649
KI67 1 in 200 run5.ndpi,Annotation (germinal_center),0.0507
KI67 1 in 200 run5.ndpi,Annotation (germinal_center),0.048
KI67 1 in 200 run5.ndpi,Annotation (germinal_center),0.0698
KI67 1 in 200 run5.ndpi,Annotation (germinal_center),0.2313
KI67 1 in 200 run5.ndpi,Annotation (germinal_center),0.0253
KI67 1 in 200 run5.ndpi,Annotation (germinal_center),0.0571
KI67 1 in 200 run5.ndpi,Annotation (germinal_center),0.0629
KI67 1 in 200 run5.ndpi,Annotation (germinal_center),0.0703
KI67 1 in 200 run5.ndpi,Annotation (germinal_center),0.0636
KI67 1 in 200 run5.ndpi,Annotation (germinal_center),0.0918
KI67 1 in 200 run5.ndpi,Annotation (germinal_center),0.0539
KI67 1 in 200 run5.ndpi,Annotation (germinal_center),0.0814
KI67 1 in 200 run5.ndpi,Annotation (germinal_center),0.0799
KI67 1 in 200 run5.ndpi,Annotation (germinal_center),0.0703
KI67 1 in 200 run5.ndpi,Annotation (germinal_center),0.0697
KI67 1 in 200 run5.ndpi,Annotation (germinal_center),0.0573
KI67 1 in 200 run5.ndpi,Annotation (germinal_center),0.0596
KI67 1 in 200 run5.ndpi,Annotation (germinal_center),0.0837
KI67 1 in 200 run5.ndpi,Annotation (germinal_center),0.0678
KI67 1 in 200 run5.ndpi,Annotation (germinal_center),0.0502
KI67 1 in 200 run5.ndpi,Annotation (germinal_center),0.0677
KI67 1 in 200 run5.ndpi,Annotation (germinal_center),0.0589
KI67 1 in 200 run5.ndpi,Annotation (germinal_center),0.0748
KI67 1 in 200 run5.ndpi,Annotation (germinal_center),0.0393
KI67 1 in 200 run5.ndpi,Annotation (germinal_center),0.0867
KI67 1 in 200 run5.ndpi,Annotation (germinal_center),0.0708
KI67 1 in 200 run5.ndpi,Annotation (germinal_center),0.0672
KI67 1 in 200 run5.ndpi,Annotation (germinal_center),0.0635
KI67 1 in 200 run5.ndpi,Annotation (germinal_center),0.0327
KI67 1 in 200 run5.ndpi,Annotation (germinal_center),0.0593
KI67 1 in 200 run5.ndpi,Annotation (germinal_center),0.0777
KI67 1 in 200 run5.ndpi,Annotation (germinal_center),0.0713
KI67 1 in 200 run5.ndpi,Annotation (germinal_center),0.0439
KI67 1 in 200 run5.ndpi,Annotation (germinal_center),0.0569
KI67 1 in 200 run5.ndpi,Annotation (germinal_center),0.0649
KI67 1 in 200 run5.ndpi,Annotation (germinal_center),0.0861
KI67 1 in 200 run5.ndpi,Annotation (germinal_center),0.0617
KI67 1 in 200 run5.ndpi,Annotation (germinal_center),0.0417
KI67 1 in 200 run5.ndpi,Annotation (germinal_center),0.1422
KI67 1 in 200 run5.ndpi,Annotation (germinal_center),0.0648
KI67 1 in 200 run5.ndpi,Annotation (germinal_center),0.0663
KI67 1 in 200 run5.ndpi,Annotation (germinal_center),0.0817
KI67 1 in 200 run5.ndpi,Annotation (germinal_center),0.0635
KI67 1 in 200 run5.ndpi,Annotation (germinal_center),0.0539
KI67 1 in 200 run5.ndpi,Annotation (germinal_center),0.0806
KI67 1 in 200 run5.ndpi,Annotation (germinal_center),0.0767
KI67 1 in 200 run5.ndpi,Annotation (germinal_center),0.0764
KI67 1 in 200 run5.ndpi,Annotation (germinal_center),0.0727
KI67 1 in 200 run5.ndpi,Annotation (germinal_center),0.0616
KI67 1 in 200 run5.ndpi,Annotation (germinal_center),0.0576
KI67 1 in 200 run5.ndpi,Annotation (germinal_center),0.0625
KI67 1 in 200 run5.ndpi,Annotation (germinal_center),0.0514
KI67 1 in 200 run5.ndpi,Annotation (germinal_center),0.0607
KI67 1 in 200 run5.ndpi,Annotation (germinal_center),0.062
KI67 1 in 200 run5.ndpi,Annotation (germinal_center),0.0877
KI67 1 in 200 run5.ndpi,Annotation (germinal_center),0.0343
KI67 1 in 200 run5.ndpi,Annotation (germinal_center),0.1688
KI67 1 in 200 run5.ndpi,Annotation (germinal_center),0.0507
KI67 1 in 200 run5.ndpi,Annotation (germinal_center),0.0535
KI67 1 in 200 run5.ndpi,Annotation (germinal_center),0.0623
KI67 1 in 200 run5.ndpi,Annotation (germinal_center),0.0539
KI67 1 in 200 run5.ndpi,Annotation (germinal_center),0.0419
KI67 1 in 200 run5.ndpi,Annotation (germinal_center),0.0733
KI67 1 in 200 run5.ndpi,Annotation (germinal_center),0.0379
KI67 1 in 200 run5.ndpi,Annotation (germinal_center),0.2583
KI67 1 in 200 run5.ndpi,Annotation (germinal_center),0.0762
KI67 1 in 200 run5.ndpi,Annotation (germinal_center),0.0398
KI67 1 in 200 run5.ndpi,Annotation (germinal_center),0.0644
KI67 1 in 200 run5.ndpi,Annotation (germinal_center),0.0304
KI67 1 in 200 run5.ndpi,Annotation (germinal_center),0.0549
KI67 1 in 200 run5.ndpi,Annotation (germinal_center),0.0883
KI67 1 in 200 run5.ndpi,Annotation (germinal_center),0.0555
KI67 1 in 200 run5.ndpi,Annotation (germinal_center),0.0654
KI67 1 in 200 run5.ndpi,Annotation (germinal_center),0.082
KI67 1 in 200 run5.ndpi,Annotation (germinal_center),0.0715
KI67 1 in 200 run5.ndpi,Annotation (germinal_center),0.0706
KI67 1 in 200 run5.ndpi,Annotation (germinal_center),0.0513
KI67 1 in 200 run5.ndpi,Annotation (germinal_center),0.0695
KI67 1 in 200 run5.ndpi,Annotation (germinal_center),0.0862
KI67 1 in 200 run5.ndpi,Annotation (germinal_center),0.0606
KI67 1 in 200 run5.ndpi,Annotation (germinal_center),0.0607
KI67 1 in 200 run5.ndpi,Annotation (germinal_center),0.0775
KI67 1 in 200 run5.ndpi,Annotation (germinal_center),0.0495
KI67 1 in 200 run5.ndpi,Annotation (germinal_center),0.0841
KI67 1 in 200 run5.ndpi,Annotation (germinal_center),0.1257
KI67 1 in 200 run5.ndpi,Annotation (germinal_center),0.0367
KI67 1 in 200 run5.ndpi,Annotation (germinal_center),0.0306
KI67 1 in 200 run5.ndpi,Annotation (germinal_center),0.0831
KI67 1 in 200 run5.ndpi,Annotation (germinal_center),0.0618
KI67 1 in 200 run5.ndpi,Annotation (germinal_center),0.0618
KI67 1 in 200 run5.ndpi,Annotation (germinal_center),0.0804
KI67 1 in 200 run5.ndpi,Annotation (germinal_center),0.0725
KI67 1 in 200 run5.ndpi,Annotation (germinal_center),0.0247
KI67 1 in 200 run5.ndpi,Annotation (germinal_center),0.0268
KI67 1 in 200 run5.ndpi,Annotation (germinal_center),0.0507
KI67 1 in 200 run5.ndpi,Annotation (germinal_center),0.0562
KI67 1 in 200 run5.ndpi,Annotation (germinal_center),0.0349
KI67 1 in 200 run5.ndpi,Annotation (germinal_center),0.0685
KI67 1 in 200 run5.ndpi,Annotation (germinal_center),0.0576
KI67 1 in 200 run5.ndpi,Annotation (germinal_center),0.0791
KI67 1 in 200 run5.ndpi,Annotation (germinal_center),0.0578
KI67 1 in 200 run5.ndpi,Annotation (germinal_center),0.0743
KI67 1 in 200 run5.ndpi,Annotation (germinal_center),0.0557
KI67 1 in 200 run5.ndpi,Annotation (germinal_center),0.0636
KI67 1 in 200 run5.ndpi,Annotation (germinal_center),0.0468
KI67 1 in 200 run5.ndpi,Annotation (germinal_center),0.0631
KI67 1 in 200 run5.ndpi,Annotation (germinal_center),0.0583
KI67 1 in 200 run5.ndpi,Annotation (germinal_center),0.0585
KI67 1 in 200 run5.ndpi,Annotation (germinal_center),0.0451
KI67 1 in 200 run5.ndpi,Annotation (germinal_center),0.0908
KI67 1 in 200 run5.ndpi,Annotation (germinal_center),0.0477
KI67 1 in 200 run5.ndpi,Annotation (germinal_center),0.0608
KI67 1 in 200 run5.ndpi,Annotation (germinal_center),0.0774
KI67 1 in 200 run5.ndpi,Annotation (germinal_center),0.071
KI67 1 in 200 run5.ndpi,Annotation (germinal_center),0.0498
KI67 1 in 200 run5.ndpi,Annotation (germinal_center),0.0831
KI67 1 in 200 run5.ndpi,Annotation (germinal_center),0.0716
KI67 1 in 200 run5.ndpi,Annotation (germinal_center),0.0646
KI67 1 in 200 run5.ndpi,Annotation (germinal_center),0.0678
KI67 1 in 200 run5.ndpi,Annotation (germinal_center),0.0757
KI67 1 in 200 run5.ndpi,Annotation (germinal_center),0.035
KI67 1 in 200 run5.ndpi,Annotation (germinal_center),0.0884
KI67 1 in 200 run5.ndpi,Annotation (germinal_center),0.065
KI67 1 in 200 run5.ndpi,Annotation (germinal_center),0.0452
KI67 1 in 200 run5.ndpi,Annotation (germinal_center),0.0654
KI67 1 in 200 run5.ndpi,Annotation (germinal_center),0.0588
KI67 1 in 200 run5.ndpi,Annotation (germinal_center),0.0546
KI67 1 in 200 run5.ndpi,Annotation (germinal_center),0.086
KI67 1 in 200 run5.ndpi,Annotation (germinal_center),0.0486
KI67 1 in 200 run5.ndpi,Annotation (germinal_center),0.0804
KI67 1 in 200 run5.ndpi,Annotation (germinal_center),0.0667
KI67 1 in 200 run5.ndpi,Annotation (germinal_center),0.0564
KI67 1 in 200 run5.ndpi,Annotation (germinal_center),0.0828
KI67 1 in 200 run5.ndpi,Annotation (germinal_center),0.0465
KI67 1 in 200 run5.ndpi,Annotation (germinal_center),0.0518
KI67 1 in 200 run5.ndpi,Annotation (germinal_center),0.0587
KI67 1 in 200 run5.ndpi,Annotation (germinal_center),0.0411
KI67 1 in 200 run5.ndpi,Annotation (germinal_center),0.0654
KI67 1 in 200 run5.ndpi,Annotation (germinal_center),0.0333
KI67 1 in 200 run5.ndpi,Annotation (germinal_center),0.0569
KI67 1 in 200 run5.ndpi,Annotation (germinal_center),0.0737
KI67 1 in 200 run5.ndpi,Annotation (germinal_center),0.0495
KI67 1 in 200 run5.ndpi,Annotation (germinal_center),0.0493
KI67 1 in 200 run5.ndpi,Annotation (germinal_center),0.0322
KI67 1 in 200 run5.ndpi,Annotation (germinal_center),0.0622
KI67 1 in 200 run5.ndpi,Annotation (germinal_center),0.0701
KI67 1 in 200 run5.ndpi,Annotation (germinal_center),0.0641
KI67 1 in 200 run5.ndpi,Annotation (germinal_center),0.0386
KI67 1 in 200 run5.ndpi,Annotation (germinal_center),0.0625
KI67 1 in 200 run5.ndpi,Annotation (germinal_center),0.0961
KI67 1 in 200 run5.ndpi,Annotation (germinal_center),0.0513
KI67 1 in 200 run5.ndpi,Annotation (germinal_center),0.0558
KI67 1 in 200 run5.ndpi,Annotation (germinal_center),0.0541
KI67 1 in 200 run5.ndpi,Annotation (germinal_center),0.0823
KI67 1 in 200 run5.ndpi,Annotation (germinal_center),0.0782
KI67 1 in 200 run5.ndpi,Annotation (germinal_center),0.0584
KI67 1 in 200 run5.ndpi,Annotation (germinal_center),0.0666
KI67 1 in 200 run5.ndpi,Annotation (germinal_center),0.0695
KI67 1 in 200 run5.ndpi,Annotation (germinal_center),0.0788
KI67 1 in 200 run5.ndpi,Annotation (germinal_center),0.0359
KI67 1 in 200 run5.ndpi,Annotation (germinal_center),0.0608
KI67 1 in 200 run5.ndpi,Annotation (germinal_center),0.0612
KI67 1 in 200 run5.ndpi,Annotation (germinal_center),0.07
KI67 1 in 200 run5.ndpi,Annotation (germinal_center),0.0504
KI67 1 in 200 run5.ndpi,Annotation (germinal_center),0.0809
KI67 1 in 200 run5.ndpi,Annotation (germinal_center),0.0459
KI67 1 in 200 run5.ndpi,Annotation (germinal_center),0.0934
KI67 1 in 200 run5.ndpi,Annotation (germinal_center),0.0484
KI67 1 in 200 run5.ndpi,Annotation (germinal_center),0.0619
KI67 1 in 200 run5.ndpi,Annotation (germinal_center),0.059
KI67 1 in 200 run5.ndpi,Annotation (germinal_center),0.0643
KI67 1 in 200 run5.ndpi,Annotation (germinal_center),0.07
KI67 1 in 200 run5.ndpi,Annotation (germinal_center),0.0819
KI67 1 in 200 run5.ndpi,Annotation (germinal_center),0.0774
KI67 1 in 200 run5.ndpi,Annotation (germinal_center),0.0611
KI67 1 in 200 run5.ndpi,Annotation (germinal_center),0.0622
KI67 1 in 200 run5.ndpi,Annotation (germinal_center),0.0445
KI67 1 in 200 run5.ndpi,Annotation (germinal_center),0.0649
KI67 1 in 200 run5.ndpi,Annotation (germinal_center),0.0488
KI67 1 in 200 run5.ndpi,Annotation (germinal_center),0.0503
KI67 1 in 200 run5.ndpi,Annotation (germinal_center),0.0699
KI67 1 in 200 run5.ndpi,Annotation (germinal_center),0.0721
KI67 1 in 200 run5.ndpi,Annotation (germinal_center),0.0773
KI67 1 in 200 run5.ndpi,Annotation (germinal_center),0.0394
KI67 1 in 200 run5.ndpi,Annotation (germinal_center),0.1007
KI67 1 in 200 run5.ndpi,Annotation (germinal_center),0.0642
KI67 1 in 200 run5.ndpi,Annotation (germinal_center),0.0797
KI67 1 in 200 run5.ndpi,Annotation (germinal_center),0.0647
KI67 1 in 200 run5.ndpi,Annotation (germinal_center),0.0528
KI67 1 in 200 run5.ndpi,Annotation (germinal_center),0.1013
KI67 1 in 200 run5.ndpi,Annotation (germinal_center),0.0544
KI67 1 in 200 run5.ndpi,Annotation (germinal_center),0.1213
KI67 1 in 200 run5.ndpi,Annotation (germinal_center),0.0626
KI67 1 in 200 run5.ndpi,Annotation (germinal_center),0.0817
KI67 1 in 200 run5.ndpi,Annotation (germinal_center),0.0379
KI67 1 in 200 run5.ndpi,Annotation (germinal_center),0.1088
KI67 1 in 200 run5.ndpi,Annotation (germinal_center),0.0484
KI67 1 in 200 run5.ndpi,Annotation (germinal_center),0.0713
KI67 1 in 200 run5.ndpi,Annotation (germinal_center),0.0228
KI67 1 in 200 run5.ndpi,Annotation (germinal_center),0.0469
KI67 1 in 200 run5.ndpi,Annotation (germinal_center),0.0549
KI67 1 in 200 run5.ndpi,Annotation (germinal_center),0.0804
KI67 1 in 200 run5.ndpi,Annotation (germinal_center),0.0352
KI67 1 in 200 run5.ndpi,Annotation (germinal_center),0.065
KI67 1 in 200 run5.ndpi,Annotation (germinal_center),0.0755
KI67 1 in 200 run5.ndpi,Annotation (germinal_center),0.0736
KI67 1 in 200 run5.ndpi,Annotation (germinal_center),0.0428
KI67 1 in 200 run5.ndpi,Annotation (germinal_center),0.0305
KI67 1 in 200 run5.ndpi,Annotation (germinal_center),0.0469
KI67 1 in 200 run5.ndpi,Annotation (germinal_center),0.0419
KI67 1 in 200 run5.ndpi,Annotation (germinal_center),0.0325
KI67 1 in 200 run5.ndpi,Annotation (germinal_center),0.0896
KI67 1 in 200 run5.ndpi,Annotation (germinal_center),0.0268
KI67 1 in 200 run5.ndpi,Annotation (germinal_center),0.087
KI67 1 in 200 run5.ndpi,Annotation (germinal_center),0.0812
KI67 1 in 200 run5.ndpi,Annotation (germinal_center),0.0713
KI67 1 in 200 run5.ndpi,Annotation (germinal_center),0.0326
KI67 1 in 200 run5.ndpi,Annotation (germinal_center),0.0365
KI67 1 in 200 run5.ndpi,Annotation (germinal_center),0.0501
KI67 1 in 200 run5.ndpi,Annotation (germinal_center),0.0425
KI67 1 in 200 run5.ndpi,Annotation (germinal_center),0.0495
KI67 1 in 200 run5.ndpi,Annotation (germinal_center),0.0334
KI67 1 in 200 run5.ndpi,Annotation (germinal_center),0.0855
KI67 1 in 200 run5.ndpi,Annotation (germinal_center),0.0443
KI67 1 in 200 run5.ndpi,Annotation (germinal_center),0.0677
KI67 1 in 200 run5.ndpi,Annotation (germinal_center),0.0441
KI67 1 in 200 run5.ndpi,Annotation (germinal_center),0.1105
KI67 1 in 200 run5.ndpi,Annotation (germinal_center),0.0685
KI67 1 in 200 run5.ndpi,Annotation (germinal_center),0.0669
KI67 1 in 200 run5.ndpi,Annotation (germinal_center),0.0654
KI67 1 in 200 run5.ndpi,Annotation (germinal_center),0.0887
KI67 1 in 200 run5.ndpi,Annotation (germinal_center),0.0821
KI67 1 in 200 run5.ndpi,Annotation (germinal_center),0.0753
KI67 1 in 200 run5.ndpi,Annotation (germinal_center),0.0797
KI67 1 in 200 run5.ndpi,Annotation (germinal_center),0.0443
KI67 1 in 200 run5.ndpi,Annotation (germinal_center),0.0433
KI67 1 in 200 run5.ndpi,Annotation (germinal_center),0.0446
KI67 1 in 200 run5.ndpi,Annotation (germinal_center),0.0379
KI67 1 in 200 run5.ndpi,Annotation (germinal_center),0.0595
KI67 1 in 200 run5.ndpi,Annotation (germinal_center),0.0419
KI67 1 in 200 run5.ndpi,Annotation (germinal_center),0.0625
KI67 1 in 200 run5.ndpi,Annotation (germinal_center),0.0591
KI67 1 in 200 run5.ndpi,Annotation (germinal_center),0.0605
KI67 1 in 200 run5.ndpi,Annotation (germinal_center),0.0419
KI67 1 in 200 run5.ndpi,Annotation (germinal_center),0.0676
KI67 1 in 200 run5.ndpi,Annotation (germinal_center),0.0622
KI67 1 in 200 run5.ndpi,Annotation (germinal_center),0.0569
KI67 1 in 200 run5.ndpi,Annotation (germinal_center),0.0655
KI67 1 in 200 run5.ndpi,Annotation (germinal_center),0.0442
KI67 1 in 200 run5.ndpi,Annotation (germinal_center),0.0345
KI67 1 in 200 run5.ndpi,Annotation (germinal_center),0.0735
KI67 1 in 200 run5.ndpi,Annotation (germinal_center),0.0407
KI67 1 in 200 run5.ndpi,Annotation (germinal_center),0.0637
KI67 1 in 200 run5.ndpi,Annotation (germinal_center),0.0536
KI67 1 in 200 run5.ndpi,Annotation (germinal_center),0.066
KI67 1 in 200 run5.ndpi,Annotation (germinal_center),0.0657
KI67 1 in 200 run5.ndpi,Annotation (germinal_center),0.0391
KI67 1 in 200 run5.ndpi,Annotation (germinal_center),0.0439
KI67 1 in 200 run5.ndpi,Annotation (germinal_center),0.047
KI67 1 in 200 run5.ndpi,Annotation (germinal_center),0.045
KI67 1 in 200 run5.ndpi,Annotation (germinal_center),0.0428
KI67 1 in 200 run5.ndpi,Annotation (germinal_center),0.0413
KI67 1 in 200 run5.ndpi,Annotation (germinal_center),0.0453
KI67 1 in 200 run5.ndpi,Annotation (germinal_center),0.0642
KI67 1 in 200 run5.ndpi,Annotation (germinal_center),0.0436
KI67 1 in 200 run5.ndpi,Annotation (germinal_center),0.1152
KI67 1 in 200 run5.ndpi,Annotation (germinal_center),0.0431
KI67 1 in 200 run5.ndpi,Annotation (germinal_center),0.0627
KI67 1 in 200 run5.ndpi,Annotation (germinal_center),0.0512
KI67 1 in 200 run5.ndpi,Annotation (germinal_center),0.0716
KI67 1 in 200 run5.ndpi,Annotation (germinal_center),0.0842
KI67 1 in 200 run5.ndpi,Annotation (germinal_center),0.0593
KI67 1 in 200 run5.ndpi,Annotation (germinal_center),0.0315
KI67 1 in 200 run5.ndpi,Annotation (germinal_center),0.0811
KI67 1 in 200 run5.ndpi,Annotation (germinal_center),0.0868
KI67 1 in 200 run5.ndpi,Annotation (germinal_center),0.0339
KI67 1 in 200 run5.ndpi,Annotation (germinal_center),0.0758
KI67 1 in 200 run5.ndpi,Annotation (germinal_center),0.0293
KI67 1 in 200 run5.ndpi,Annotation (germinal_center),0.0834
KI67 1 in 200 run5.ndpi,Annotation (germinal_center),0.0451
KI67 1 in 200 run5.ndpi,Annotation (germinal_center),0.0743
KI67 1 in 200 run5.ndpi,Annotation (germinal_center),0.0397
KI67 1 in 200 run5.ndpi,Annotation (germinal_center),0.0442
KI67 1 in 200 run5.ndpi,Annotation (germinal_center),0.045
KI67 1 in 200 run5.ndpi,Annotation (germinal_center),0.0354
KI67 1 in 200 run5.ndpi,Annotation (germinal_center),0.0531
KI67 1 in 200 run5.ndpi,Annotation (germinal_center),0.0544
KI67 1 in 200 run5.ndpi,Annotation (germinal_center),0.0468
KI67 1 in 200 run5.ndpi,Annotation (germinal_center),0.1072
KI67 1 in 200 run5.ndpi,Annotation (germinal_center),0.0375
KI67 1 in 200 run5.ndpi,Annotation (germinal_center),0.0532
KI67 1 in 200 run5.ndpi,Annotation (germinal_center),0.1179
KI67 1 in 200 run5.ndpi,Annotation (germinal_center),0.0739
KI67 1 in 200 run5.ndpi,Annotation (germinal_center),0.0613
KI67 1 in 200 run5.ndpi,Annotation (germinal_center),0.0354
KI67 1 in 200 run5.ndpi,Annotation (germinal_center),0.057
KI67 1 in 200 run5.ndpi,Annotation (germinal_center),0.0359
KI67 1 in 200 run5.ndpi,Annotation (germinal_center),0.0768
KI67 1 in 200 run5.ndpi,Annotation (germinal_center),0.0518
KI67 1 in 200 run5.ndpi,Annotation (germinal_center),0.0513
KI67 1 in 200 run5.ndpi,Annotation (germinal_center),0.0408
KI67 1 in 200 run5.ndpi,Annotation (germinal_center),0.0499
KI67 1 in 200 run5.ndpi,Annotation (germinal_center),0.0733
KI67 1 in 200 run5.ndpi,Annotation (germinal_center),0.0533
KI67 1 in 200 run5.ndpi,Annotation (germinal_center),0.0473
KI67 1 in 200 run5.ndpi,Annotation (germinal_center),0.0854
KI67 1 in 200 run5.ndpi,Annotation (germinal_center),0.0601
KI67 1 in 200 run5.ndpi,Annotation (germinal_center),0.031
KI67 1 in 200 run5.ndpi,Annotation (germinal_center),0.0666
KI67 1 in 200 run5.ndpi,Annotation (germinal_center),0.0872
KI67 1 in 200 run5.ndpi,Annotation (germinal_center),0.0414
KI67 1 in 200 run5.ndpi,Annotation (germinal_center),0.0573
KI67 1 in 200 run5.ndpi,Annotation (germinal_center),0.0635
KI67 1 in 200 run5.ndpi,Annotation (germinal_center),0.0539
KI67 1 in 200 run5.ndpi,Annotation (germinal_center),0.0418
KI67 1 in 200 run5.ndpi,Annotation (germinal_center),0.0805
KI67 1 in 200 run5.ndpi,Annotation (germinal_center),0.0555
KI67 1 in 200 run5.ndpi,Annotation (germinal_center),0.0926
KI67 1 in 200 run5.ndpi,Annotation (germinal_center),0.0531
KI67 1 in 200 run5.ndpi,Annotation (germinal_center),0.0294
KI67 1 in 200 run5.ndpi,Annotation (germinal_center),0.0467
KI67 1 in 200 run5.ndpi,Annotation (germinal_center),0.0676
KI67 1 in 200 run5.ndpi,Annotation (germinal_center),0.0391
KI67 1 in 200 run5.ndpi,Annotation (germinal_center),0.0622
KI67 1 in 200 run5.ndpi,Annotation (germinal_center),0.0643
KI67 1 in 200 run5.ndpi,Annotation (germinal_center),0.0457
KI67 1 in 200 run5.ndpi,Annotation (germinal_center),0.0439
KI67 1 in 200 run5.ndpi,Annotation (germinal_center),0.054
KI67 1 in 200 run5.ndpi,Annotation (germinal_center),0.0672
KI67 1 in 200 run5.ndpi,Annotation (germinal_center),0.0416
KI67 1 in 200 run5.ndpi,Annotation (germinal_center),0.0484
KI67 1 in 200 run5.ndpi,Annotation (germinal_center),0.0356
KI67 1 in 200 run5.ndpi,Annotation (germinal_center),0.0538
KI67 1 in 200 run5.ndpi,Annotation (germinal_center),0.0549
KI67 1 in 200 run5.ndpi,Annotation (germinal_center),0.0936
KI67 1 in 200 run5.ndpi,Annotation (germinal_center),0.0354
KI67 1 in 200 run5.ndpi,Annotation (germinal_center),0.0558
KI67 1 in 200 run5.ndpi,Annotation (germinal_center),0.0854
KI67 1 in 200 run5.ndpi,Annotation (germinal_center),0.0417
KI67 1 in 200 run5.ndpi,Annotation (germinal_center),0.0973
KI67 1 in 200 run5.ndpi,Annotation (germinal_center),0.0444
KI67 1 in 200 run5.ndpi,Annotation (germinal_center),0.1013
KI67 1 in 200 run5.ndpi,Annotation (germinal_center),0.0668
KI67 1 in 200 run5.ndpi,Annotation (germinal_center),0.0641
KI67 1 in 200 run5.ndpi,Annotation (germinal_center),0.0794
KI67 1 in 200 run5.ndpi,Annotation (germinal_center),0.0794
KI67 1 in 200 run5.ndpi,Annotation (germinal_center),0.0567
KI67 1 in 200 run5.ndpi,Annotation (germinal_center),0.0706
KI67 1 in 200 run5.ndpi,Annotation (germinal_center),0.0273
KI67 1 in 200 run5.ndpi,Annotation (germinal_center),0.0517
KI67 1 in 200 run5.ndpi,Annotation (germinal_center),0.0805
KI67 1 in 200 run5.ndpi,Annotation (germinal_center),0.0736
KI67 1 in 200 run5.ndpi,Annotation (germinal_center),0.0493
KI67 1 in 200 run5.ndpi,Annotation (germinal_center),0.0599
KI67 1 in 200 run5.ndpi,Annotation (germinal_center),0.0385
KI67 1 in 200 run5.ndpi,Annotation (germinal_center),0.0568
KI67 1 in 200 run5.ndpi,Annotation (germinal_center),0.0474
KI67 1 in 200 run5.ndpi,Annotation (germinal_center),0.0672
KI67 1 in 200 run5.ndpi,Annotation (germinal_center),0.1044
KI67 1 in 200 run5.ndpi,Annotation (germinal_center),0.0687
KI67 1 in 200 run5.ndpi,Annotation (germinal_center),0.0544
KI67 1 in 200 run5.ndpi,Annotation (germinal_center),0.049
KI67 1 in 200 run5.ndpi,Annotation (germinal_center),0.0821
KI67 1 in 200 run5.ndpi,Annotation (germinal_center),0.0475
KI67 1 in 200 run5.ndpi,Annotation (germinal_center),0.0395
KI67 1 in 200 run5.ndpi,Annotation (germinal_center),0.0483
KI67 1 in 200 run5.ndpi,Annotation (germinal_center),0.0751
KI67 1 in 200 run5.ndpi,Annotation (germinal_center),0.0493
KI67 1 in 200 run5.ndpi,Annotation (germinal_center),0.0474
KI67 1 in 200 run5.ndpi,Annotation (germinal_center),0.0499
KI67 1 in 200 run5.ndpi,Annotation (germinal_center),0.0771
KI67 1 in 200 run5.ndpi,Annotation (germinal_center),0.0457
KI67 1 in 200 run5.ndpi,Annotation (germinal_center),0.0476
KI67 1 in 200 run5.ndpi,Annotation (germinal_center),0.0874
KI67 1 in 200 run5.ndpi,Annotation (germinal_center),0.4604
KI67 1 in 200 run5.ndpi,Annotation (germinal_center),0.0565
KI67 1 in 200 run5.ndpi,Annotation (germinal_center),0.0357
KI67 1 in 200 run5.ndpi,Annotation (germinal_center),0.0606
KI67 1 in 200 run5.ndpi,Annotation (germinal_center),0.2279
KI67 1 in 200 run5.ndpi,Annotation (germinal_center),0.0541
KI67 1 in 200 run5.ndpi,Annotation (germinal_center),0.0543
KI67 1 in 200 run5.ndpi,Annotation (germinal_center),0.0466
KI67 1 in 200 run5.ndpi,Annotation (germinal_center),0.0642
KI67 1 in 200 run5.ndpi,Annotation (germinal_center),0.0704
KI67 1 in 200 run5.ndpi,Annotation (germinal_center),0.0376
KI67 1 in 200 run5.ndpi,Annotation (germinal_center),0.0467
KI67 1 in 200 run5.ndpi,Annotation (germinal_center),0.0806
KI67 1 in 200 run5.ndpi,Annotation (germinal_center),0.0731
KI67 1 in 200 run5.ndpi,Annotation (germinal_center),0.0568
KI67 1 in 200 run5.ndpi,Annotation (germinal_center),0.0693
KI67 1 in 200 run5.ndpi,Annotation (germinal_center),0.0814
KI67 1 in 200 run5.ndpi,Annotation (germinal_center),0.05
KI67 1 in 200 run5.ndpi,Annotation (germinal_center),0.0729
KI67 1 in 200 run5.ndpi,Annotation (germinal_center),0.1135
KI67 1 in 200 run5.ndpi,Annotation (germinal_center),0.052
KI67 1 in 200 run5.ndpi,Annotation (germinal_center),0.0869
KI67 1 in 200 run5.ndpi,Annotation (germinal_center),0.0816
KI67 1 in 200 run5.ndpi,Annotation (germinal_center),0.0459
KI67 1 in 200 run5.ndpi,Annotation (germinal_center),0.0346
KI67 1 in 200 run5.ndpi,Annotation (germinal_center),0.0778
KI67 1 in 200 run5.ndpi,Annotation (germinal_center),0.0812
KI67 1 in 200 run5.ndpi,Annotation (germinal_center),0.0515
KI67 1 in 200 run5.ndpi,Annotation (germinal_center),0.0703
KI67 1 in 200 run5.ndpi,Annotation (germinal_center),0.0479
KI67 1 in 200 run5.ndpi,Annotation (germinal_center),0.0643
KI67 1 in 200 run5.ndpi,Annotation (germinal_center),0.0445
KI67 1 in 200 run5.ndpi,Annotation (germinal_center),0.0736
KI67 1 in 200 run5.ndpi,Annotation (germinal_center),0.0681
KI67 1 in 200 run5.ndpi,Annotation (germinal_center),0.0746
KI67 1 in 200 run5.ndpi,Annotation (germinal_center),0.0669
KI67 1 in 200 run5.ndpi,Annotation (germinal_center),0.0515
KI67 1 in 200 run5.ndpi,Annotation (germinal_center),0.052
KI67 1 in 200 run5.ndpi,Annotation (germinal_center),0.0563
KI67 1 in 200 run5.ndpi,Annotation (germinal_center),0.0561
KI67 1 in 200 run5.ndpi,Annotation (germinal_center),0.0727
KI67 1 in 200 run5.ndpi,Annotation (germinal_center),0.07
KI67 1 in 200 run5.ndpi,Annotation (germinal_center),0.062
KI67 1 in 200 run5.ndpi,Annotation (germinal_center),0.053
KI67 1 in 200 run5.ndpi,Annotation (germinal_center),0.0568
KI67 1 in 200 run5.ndpi,Annotation (germinal_center),0.0518
KI67 1 in 200 run5.ndpi,Annotation (germinal_center),0.0851
KI67 1 in 200 run5.ndpi,Annotation (germinal_center),0.071
KI67 1 in 200 run5.ndpi,Annotation (germinal_center),0.0715
KI67 1 in 200 run5.ndpi,Annotation (germinal_center),0.0474
KI67 1 in 200 run5.ndpi,Annotation (germinal_center),0.0519
KI67 1 in 200 run5.ndpi,Annotation (germinal_center),0.0273
KI67 1 in 200 run5.ndpi,Annotation (germinal_center),0.0555
KI67 1 in 200 run5.ndpi,Annotation (germinal_center),0.0303
KI67 1 in 200 run5.ndpi,Annotation (germinal_center),0.0452
KI67 1 in 200 run5.ndpi,Annotation (germinal_center),0.0457
KI67 1 in 200 run5.ndpi,Annotation (germinal_center),0.0379
KI67 1 in 200 run5.ndpi,Annotation (germinal_center),0.0778
KI67 1 in 200 run5.ndpi,Annotation (germinal_center),0.0434
KI67 1 in 200 run5.ndpi,Annotation (germinal_center),0.0575
KI67 1 in 200 run5.ndpi,Annotation (germinal_center),0.0489
KI67 1 in 200 run5.ndpi,Annotation (germinal_center),0.0482
KI67 1 in 200 run5.ndpi,Annotation (germinal_center),0.0646
KI67 1 in 200 run5.ndpi,Annotation (germinal_center),0.0408
KI67 1 in 200 run5.ndpi,Annotation (germinal_center),0.1025
KI67 1 in 200 run5.ndpi,Annotation (germinal_center),0.055
KI67 1 in 200 run5.ndpi,Annotation (germinal_center),0.0464
KI67 1 in 200 run5.ndpi,Annotation (germinal_center),0.0513
KI67 1 in 200 run5.ndpi,Annotation (germinal_center),0.0798
KI67 1 in 200 run5.ndpi,Annotation (germinal_center),0.0394
KI67 1 in 200 run5.ndpi,Annotation (germinal_center),0.0493
KI67 1 in 200 run5.ndpi,Annotation (germinal_center),0.095
KI67 1 in 200 run5.ndpi,Annotation (germinal_center),0.0749
KI67 1 in 200 run5.ndpi,Annotation (germinal_center),0.052
KI67 1 in 200 run5.ndpi,Annotation (germinal_center),0.0487
KI67 1 in 200 run5.ndpi,Annotation (germinal_center),0.051
KI67 1 in 200 run5.ndpi,Annotation (germinal_center),0.0686
KI67 1 in 200 run5.ndpi,Annotation (germinal_center),0.0735
KI67 1 in 200 run5.ndpi,Annotation (germinal_center),0.0719
KI67 1 in 200 run5.ndpi,Annotation (germinal_center),0.0501
KI67 1 in 200 run5.ndpi,Annotation (germinal_center),0.064
KI67 1 in 200 run5.ndpi,Annotation (germinal_center),0.0633
KI67 1 in 200 run5.ndpi,Annotation (germinal_center),0.0613
KI67 1 in 200 run5.ndpi,Annotation (germinal_center),0.0433
KI67 1 in 200 run5.ndpi,Annotation (germinal_center),0.0567
KI67 1 in 200 run5.ndpi,Annotation (germinal_center),0.0713
KI67 1 in 200 run5.ndpi,Annotation (germinal_center),0.0515
KI67 1 in 200 run5.ndpi,Annotation (germinal_center),0.0629
KI67 1 in 200 run5.ndpi,Annotation (germinal_center),0.0625
KI67 1 in 200 run5.ndpi,Annotation (germinal_center),0.0461
KI67 1 in 200 run5.ndpi,Annotation (germinal_center),0.0418
KI67 1 in 200 run5.ndpi,Annotation (germinal_center),0.0522
KI67 1 in 200 run5.ndpi,Annotation (germinal_center),0.0561
KI67 1 in 200 run5.ndpi,Annotation (germinal_center),0.1
KI67 1 in 200 run5.ndpi,Annotation (germinal_center),0.0564
KI67 1 in 200 run5.ndpi,Annotation (germinal_center),0.0527
KI67 1 in 200 run5.ndpi,Annotation (germinal_center),0.0477
KI67 1 in 200 run5.ndpi,Annotation (germinal_center),0.0402
KI67 1 in 200 run5.ndpi,Annotation (germinal_center),0.0735
KI67 1 in 200 run5.ndpi,Annotation (germinal_center),0.0734
KI67 1 in 200 run5.ndpi,Annotation (germinal_center),0.0509
KI67 1 in 200 run5.ndpi,Annotation (germinal_center),0.0649
KI67 1 in 200 run5.ndpi,Annotation (germinal_center),0.0726
KI67 1 in 200 run5.ndpi,Annotation (germinal_center),0.0496
KI67 1 in 200 run5.ndpi,Annotation (germinal_center),0.0638
KI67 1 in 200 run5.ndpi,Annotation (germinal_center),0.049
KI67 1 in 200 run5.ndpi,Annotation (germinal_center),0.0586
KI67 1 in 200 run5.ndpi,Annotation (germinal_center),0.0697
KI67 1 in 200 run5.ndpi,Annotation (germinal_center),0.0597
KI67 1 in 200 run5.ndpi,Annotation (germinal_center),0.04
KI67 1 in 200 run5.ndpi,Annotation (germinal_center),0.0826
KI67 1 in 200 run5.ndpi,Annotation (germinal_center),0.0661
KI67 1 in 200 run5.ndpi,Annotation (germinal_center),0.0626
KI67 1 in 200 run5.ndpi,Annotation (germinal_center),0.0361
KI67 1 in 200 run5.ndpi,Annotation (germinal_center),0.0655
KI67 1 in 200 run5.ndpi,Annotation (germinal_center),0.0395
KI67 1 in 200 run5.ndpi,Annotation (germinal_center),0.0561
KI67 1 in 200 run5.ndpi,Annotation (germinal_center),0.0553
KI67 1 in 200 run5.ndpi,Annotation (germinal_center),0.0598
KI67 1 in 200 run5.ndpi,Annotation (germinal_center),0.0389
KI67 1 in 200 run5.ndpi,Annotation (germinal_center),0.0499
KI67 1 in 200 run5.ndpi,Annotation (germinal_center),0.0664
KI67 1 in 200 run5.ndpi,Annotation (germinal_center),0.0625
KI67 1 in 200 run5.ndpi,Annotation (germinal_center),0.0336
KI67 1 in 200 run5.ndpi,Annotation (germinal_center),0.0404
KI67 1 in 200 run5.ndpi,Annotation (germinal_center),0.0429
KI67 1 in 200 run5.ndpi,Annotation (germinal_center),0.0545
KI67 1 in 200 run5.ndpi,Annotation (germinal_center),0.0425
KI67 1 in 200 run5.ndpi,Annotation (germinal_center),0.055
KI67 1 in 200 run5.ndpi,Annotation (germinal_center),0.0615
KI67 1 in 200 run5.ndpi,Annotation (germinal_center),0.0633
KI67 1 in 200 run5.ndpi,Annotation (germinal_center),0.047
KI67 1 in 200 run5.ndpi,Annotation (germinal_center),0.0424
KI67 1 in 200 run5.ndpi,Annotation (germinal_center),0.0792
KI67 1 in 200 run5.ndpi,Annotation (germinal_center),0.0603
KI67 1 in 200 run5.ndpi,Annotation (germinal_center),0.034
KI67 1 in 200 run5.ndpi,Annotation (germinal_center),0.0262
KI67 1 in 200 run5.ndpi,Annotation (germinal_center),0.062
KI67 1 in 200 run5.ndpi,Annotation (germinal_center),0.0376
KI67 1 in 200 run5.ndpi,Annotation (germinal_center),0.0261
KI67 1 in 200 run5.ndpi,Annotation (germinal_center),0.0431
KI67 1 in 200 run5.ndpi,Annotation (germinal_center),0.0702
KI67 1 in 200 run5.ndpi,Annotation (germinal_center),0.0476
KI67 1 in 200 run5.ndpi,Annotation (germinal_center),0.0615
KI67 1 in 200 run5.ndpi,Annotation (germinal_center),0.0777
KI67 1 in 200 run5.ndpi,Annotation (germinal_center),0.0465
KI67 1 in 200 run5.ndpi,Annotation (germinal_center),0.0879
KI67 1 in 200 run5.ndpi,Annotation (germinal_center),0.0465
KI67 1 in 200 run5.ndpi,Annotation (germinal_center),0.0385
KI67 1 in 200 run5.ndpi,Annotation (germinal_center),0.0443
KI67 1 in 200 run5.ndpi,Annotation (germinal_center),0.0652
KI67 1 in 200 run5.ndpi,Annotation (germinal_center),0.0471
KI67 1 in 200 run5.ndpi,Annotation (germinal_center),0.1082
KI67 1 in 200 run5.ndpi,Annotation (germinal_center),0.0394
KI67 1 in 200 run5.ndpi,Annotation (germinal_center),0.1242
KI67 1 in 200 run5.ndpi,Annotation (germinal_center),0.0348
KI67 1 in 200 run5.ndpi,Annotation (germinal_center),0.0536
KI67 1 in 200 run5.ndpi,Annotation (germinal_center),0.0395
KI67 1 in 200 run5.ndpi,Annotation (germinal_center),0.0773
KI67 1 in 200 run5.ndpi,Annotation (germinal_center),0.0398
KI67 1 in 200 run5.ndpi,Annotation (germinal_center),0.0561
KI67 1 in 200 run5.ndpi,Annotation (germinal_center),0.0343
KI67 1 in 200 run5.ndpi,Annotation (germinal_center),0.0315
KI67 1 in 200 run5.ndpi,Annotation (germinal_center),0.046
KI67 1 in 200 run5.ndpi,Annotation (germinal_center),0.0473
KI67 1 in 200 run5.ndpi,Annotation (germinal_center),0.091
KI67 1 in 200 run5.ndpi,Annotation (germinal_center),0.0748
KI67 1 in 200 run5.ndpi,Annotation (germinal_center),0.0716
KI67 1 in 200 run5.ndpi,Annotation (germinal_center),0.0527
KI67 1 in 200 run5.ndpi,Annotation (germinal_center),0.0832
KI67 1 in 200 run5.ndpi,Annotation (germinal_center),0.0362
KI67 1 in 200 run5.ndpi,Annotation (germinal_center),0.0293
KI67 1 in 200 run5.ndpi,Annotation (germinal_center),0.0746
KI67 1 in 200 run5.ndpi,Annotation (germinal_center),0.0893
KI67 1 in 200 run5.ndpi,Annotation (germinal_center),0.029
KI67 1 in 200 run5.ndpi,Annotation (germinal_center),0.0439
KI67 1 in 200 run5.ndpi,Annotation (germinal_center),0.0749
KI67 1 in 200 run5.ndpi,Annotation (germinal_center),0.0407
KI67 1 in 200 run5.ndpi,Annotation (germinal_center),0.0541
KI67 1 in 200 run5.ndpi,Annotation (germinal_center),0.093
KI67 1 in 200 run5.ndpi,Annotation (germinal_center),0.0833
KI67 1 in 200 run5.ndpi,Annotation (germinal_center),0.066
KI67 1 in 200 run5.ndpi,Annotation (germinal_center),0.0404
KI67 1 in 200 run5.ndpi,Annotation (germinal_center),0.0385
KI67 1 in 200 run5.ndpi,Annotation (germinal_center),0.0578
KI67 1 in 200 run5.ndpi,Annotation (germinal_center),0.047
KI67 1 in 200 run5.ndpi,Annotation (germinal_center),0.1063
KI67 1 in 200 run5.ndpi,Annotation (germinal_center),0.0451
KI67 1 in 200 run5.ndpi,Annotation (germinal_center),0.0411
KI67 1 in 200 run5.ndpi,Annotation (germinal_center),0.0398
KI67 1 in 200 run5.ndpi,Annotation (germinal_center),0.0628
KI67 1 in 200 run5.ndpi,Annotation (germinal_center),0.0636
KI67 1 in 200 run5.ndpi,Annotation (germinal_center),0.0773
KI67 1 in 200 run5.ndpi,Annotation (germinal_center),0.0563
KI67 1 in 200 run5.ndpi,Annotation (germinal_center),0.0674
KI67 1 in 200 run5.ndpi,Annotation (germinal_center),0.0523
KI67 1 in 200 run5.ndpi,Annotation (germinal_center),0.0861
KI67 1 in 200 run5.ndpi,Annotation (germinal_center),0.0557
KI67 1 in 200 run5.ndpi,Annotation (germinal_center),0.0479
KI67 1 in 200 run5.ndpi,Annotation (germinal_center),0.101
KI67 1 in 200 run5.ndpi,Annotation (germinal_center),0.1046
KI67 1 in 200 run5.ndpi,Annotation (germinal_center),0.0565
KI67 1 in 200 run5.ndpi,Annotation (germinal_center),0.0625
KI67 1 in 200 run5.ndpi,Annotation (germinal_center),0.0451
KI67 1 in 200 run5.ndpi,Annotation (germinal_center),0.0765
KI67 1 in 200 run5.ndpi,Annotation (germinal_center),0.0482
KI67 1 in 200 run5.ndpi,Annotation (germinal_center),0.0426
KI67 1 in 200 run5.ndpi,Annotation (germinal_center),0.0768
KI67 1 in 200 run5.ndpi,Annotation (germinal_center),0.0807
KI67 1 in 200 run5.ndpi,Annotation (germinal_center),0.0525
KI67 1 in 200 run5.ndpi,Annotation (germinal_center),0.0319
KI67 1 in 200 run5.ndpi,Annotation (germinal_center),0.0793
KI67 1 in 200 run5.ndpi,Annotation (germinal_center),0.0433
KI67 1 in 200 run5.ndpi,Annotation (germinal_center),0.0689
KI67 1 in 200 run5.ndpi,Annotation (germinal_center),0.0484
KI67 1 in 200 run5.ndpi,Annotation (germinal_center),0.0321
KI67 1 in 200 run5.ndpi,Annotation (germinal_center),0.0341
KI67 1 in 200 run5.ndpi,Annotation (germinal_center),0.0573
KI67 1 in 200 run5.ndpi,Annotation (germinal_center),0.0477
KI67 1 in 200 run5.ndpi,Annotation (germinal_center),0.0363
KI67 1 in 200 run5.ndpi,Annotation (germinal_center),0.0637
KI67 1 in 200 run5.ndpi,Annotation (germinal_center),0.0526
KI67 1 in 200 run5.ndpi,Annotation (germinal_center),0.0549
KI67 1 in 200 run5.ndpi,Annotation (germinal_center),0.0614
KI67 1 in 200 run5.ndpi,Annotation (germinal_center),0.0707
KI67 1 in 200 run5.ndpi,Annotation (germinal_center),0.0351
KI67 1 in 200 run5.ndpi,Annotation (germinal_center),0.0539
KI67 1 in 200 run5.ndpi,Annotation (germinal_center),0.0566
KI67 1 in 200 run5.ndpi,Annotation (germinal_center),0.081
KI67 1 in 200 run5.ndpi,Annotation (germinal_center),0.0474
KI67 1 in 200 run5.ndpi,Annotation (germinal_center),0.0618
KI67 1 in 200 run5.ndpi,Annotation (germinal_center),0.0731
KI67 1 in 200 run5.ndpi,Annotation (germinal_center),0.0629
KI67 1 in 200 run5.ndpi,Annotation (germinal_center),0.0447
KI67 1 in 200 run5.ndpi,Annotation (germinal_center),0.0583
KI67 1 in 200 run5.ndpi,Annotation (germinal_center),0.0452
KI67 1 in 200 run5.ndpi,Annotation (germinal_center),0.0536
KI67 1 in 200 run5.ndpi,Annotation (germinal_center),0.0798
KI67 1 in 200 run5.ndpi,Annotation (germinal_center),0.0458
KI67 1 in 200 run5.ndpi,Annotation (germinal_center),0.0607
KI67 1 in 200 run5.ndpi,Annotation (germinal_center),0.0889
KI67 1 in 200 run5.ndpi,Annotation (germinal_center),0.1072
KI67 1 in 200 run5.ndpi,Annotation (germinal_center),0.0428
KI67 1 in 200 run5.ndpi,Annotation (germinal_center),0.0334
KI67 1 in 200 run5.ndpi,Annotation (germinal_center),0.0882
KI67 1 in 200 run5.ndpi,Annotation (germinal_center),0.0513
KI67 1 in 200 run5.ndpi,Annotation (germinal_center),0.0435
KI67 1 in 200 run5.ndpi,Annotation (germinal_center),0.06
KI67 1 in 200 run5.ndpi,Annotation (germinal_center),0.0481
KI67 1 in 200 run5.ndpi,Annotation (germinal_center),0.1108
KI67 1 in 200 run5.ndpi,Annotation (germinal_center),0.0428
KI67 1 in 200 run5.ndpi,Annotation (germinal_center),0.0832
KI67 1 in 200 run5.ndpi,Annotation (germinal_center),0.0595
KI67 1 in 200 run5.ndpi,Annotation (germinal_center),0.0732
KI67 1 in 200 run5.ndpi,Annotation (germinal_center),0.0812
KI67 1 in 200 run5.ndpi,Annotation (germinal_center),0.0437
KI67 1 in 200 run5.ndpi,Annotation (germinal_center),0.0583
KI67 1 in 200 run5.ndpi,Annotation (germinal_center),0.0771
KI67 1 in 200 run5.ndpi,Annotation (germinal_center),0.0613
KI67 1 in 200 run5.ndpi,Annotation (germinal_center),0.0991
KI67 1 in 200 run5.ndpi,Annotation (germinal_center),0.0549
KI67 1 in 200 run5.ndpi,Annotation (germinal_center),0.0496
KI67 1 in 200 run5.ndpi,Annotation (germinal_center),0.0672
KI67 1 in 200 run5.ndpi,Annotation (germinal_center),0.0574
KI67 1 in 200 run5.ndpi,Annotation (germinal_center),0.0512
KI67 1 in 200 run5.ndpi,Annotation (germinal_center),0.0385
KI67 1 in 200 run5.ndpi,Annotation (germinal_center),0.0695
KI67 1 in 200 run5.ndpi,Annotation (germinal_center),0.0653
KI67 1 in 200 run5.ndpi,Annotation (germinal_center),0.103
KI67 1 in 200 run5.ndpi,Annotation (germinal_center),0.086
KI67 1 in 200 run5.ndpi,Annotation (germinal_center),0.0741
KI67 1 in 200 run5.ndpi,Annotation (germinal_center),0.0438
KI67 1 in 200 run5.ndpi,Annotation (germinal_center),0.0442
KI67 1 in 200 run5.ndpi,Annotation (germinal_center),0.05
KI67 1 in 200 run5.ndpi,Annotation (germinal_center),0.0591
KI67 1 in 200 run5.ndpi,Annotation (germinal_center),0.0583
KI67 1 in 200 run5.ndpi,Annotation (germinal_center),0.0469
KI67 1 in 200 run5.ndpi,Annotation (germinal_center),0.0757
KI67 1 in 200 run5.ndpi,Annotation (germinal_center),0.0451
KI67 1 in 200 run5.ndpi,Annotation (germinal_center),0.0736
KI67 1 in 200 run5.ndpi,Annotation (germinal_center),0.061
KI67 1 in 200 run5.ndpi,Annotation (germinal_center),0.0415
KI67 1 in 200 run5.ndpi,Annotation (germinal_center),0.0438
KI67 1 in 200 run5.ndpi,Annotation (germinal_center),0.0561
KI67 1 in 200 run5.ndpi,Annotation (germinal_center),0.0333
KI67 1 in 200 run5.ndpi,Annotation (germinal_center),0.0426
KI67 1 in 200 run5.ndpi,Annotation (germinal_center),0.0647
KI67 1 in 200 run5.ndpi,Annotation (germinal_center),0.0672
KI67 1 in 200 run5.ndpi,Annotation (germinal_center),0.0443
KI67 1 in 200 run5.ndpi,Annotation (germinal_center),0.0573
KI67 1 in 200 run5.ndpi,Annotation (germinal_center),0.0501
KI67 1 in 200 run5.ndpi,Annotation (germinal_center),0.0475
KI67 1 in 200 run5.ndpi,Annotation (germinal_center),0.049
KI67 1 in 200 run5.ndpi,Annotation (germinal_center),0.0549
KI67 1 in 200 run5.ndpi,Annotation (germinal_center),0.0574
KI67 1 in 200 run5.ndpi,Annotation (germinal_center),0.0375
KI67 1 in 200 run5.ndpi,Annotation (germinal_center),0.0776
KI67 1 in 200 run5.ndpi,Annotation (germinal_center),0.085
KI67 1 in 200 run5.ndpi,Annotation (germinal_center),0.0286
KI67 1 in 200 run5.ndpi,Annotation (germinal_center),0.064
KI67 1 in 200 run5.ndpi,Annotation (germinal_center),0.118
KI67 1 in 200 run5.ndpi,Annotation (germinal_center),0.1111
KI67 1 in 200 run5.ndpi,Annotation (germinal_center),0.0611
KI67 1 in 200 run5.ndpi,Annotation (germinal_center),0.0402
KI67 1 in 200 run5.ndpi,Annotation (germinal_center),0.0504
KI67 1 in 200 run5.ndpi,Annotation (germinal_center),0.055
KI67 1 in 200 run5.ndpi,Annotation (germinal_center),0.0645
KI67 1 in 200 run5.ndpi,Annotation (germinal_center),0.0579
KI67 1 in 200 run5.ndpi,Annotation (germinal_center),0.0492
KI67 1 in 200 run5.ndpi,Annotation (germinal_center),0.0648
KI67 1 in 200 run5.ndpi,Annotation (germinal_center),0.0684
KI67 1 in 200 run5.ndpi,Annotation (germinal_center),0.0731
KI67 1 in 200 run5.ndpi,Annotation (germinal_center),0.0546
KI67 1 in 200 run5.ndpi,Annotation (germinal_center),0.0571
KI67 1 in 200 run5.ndpi,Annotation (germinal_center),0.0648
KI67 1 in 200 run5.ndpi,Annotation (germinal_center),0.0975
KI67 1 in 200 run5.ndpi,Annotation (germinal_center),0.0721
KI67 1 in 200 run5.ndpi,Annotation (germinal_center),0.0809
KI67 1 in 200 run5.ndpi,Annotation (germinal_center),0.0406
KI67 1 in 200 run5.ndpi,Annotation (germinal_center),0.0472
KI67 1 in 200 run5.ndpi,Annotation (germinal_center),0.0504
KI67 1 in 200 run5.ndpi,Annotation (germinal_center),0.095
KI67 1 in 200 run5.ndpi,Annotation (germinal_center),0.088
KI67 1 in 200 run5.ndpi,Annotation (germinal_center),0.0399
KI67 1 in 200 run5.ndpi,Annotation (germinal_center),0.0372
KI67 1 in 200 run5.ndpi,Annotation (germinal_center),0.0514
KI67 1 in 200 run5.ndpi,Annotation (germinal_center),0.0581
KI67 1 in 200 run5.ndpi,Annotation (germinal_center),0.0662
KI67 1 in 200 run5.ndpi,Annotation (germinal_center),0.0457
KI67 1 in 200 run5.ndpi,Annotation (germinal_center),0.0653
KI67 1 in 200 run5.ndpi,Annotation (germinal_center),0.0591
KI67 1 in 200 run5.ndpi,Annotation (germinal_center),0.0562
KI67 1 in 200 run5.ndpi,Annotation (germinal_center),0.0503
KI67 1 in 200 run5.ndpi,Annotation (germinal_center),0.0409
KI67 1 in 200 run5.ndpi,Annotation (germinal_center),0.0398
KI67 1 in 200 run5.ndpi,Annotation (germinal_center),0.0604
KI67 1 in 200 run5.ndpi,Annotation (germinal_center),0.068
KI67 1 in 200 run5.ndpi,Annotation (germinal_center),0.0606
KI67 1 in 200 run5.ndpi,Annotation (germinal_center),0.052
KI67 1 in 200 run5.ndpi,Annotation (germinal_center),0.0624
KI67 1 in 200 run5.ndpi,Annotation (germinal_center),0.0465
KI67 1 in 200 run5.ndpi,Annotation (germinal_center),0.081
KI67 1 in 200 run5.ndpi,Annotation (germinal_center),0.0749
KI67 1 in 200 run5.ndpi,Annotation (germinal_center),0.0414
KI67 1 in 200 run5.ndpi,Annotation (germinal_center),0.0598
KI67 1 in 200 run5.ndpi,Annotation (germinal_center),0.0439
KI67 1 in 200 run5.ndpi,Annotation (germinal_center),0.0583
KI67 1 in 200 run5.ndpi,Annotation (germinal_center),0.045
KI67 1 in 200 run5.ndpi,Annotation (germinal_center),0.0248
KI67 1 in 200 run5.ndpi,Annotation (germinal_center),0.0654
KI67 1 in 200 run5.ndpi,Annotation (germinal_center),0.0377
KI67 1 in 200 run5.ndpi,Annotation (germinal_center),0.0498
KI67 1 in 200 run5.ndpi,Annotation (germinal_center),0.055
KI67 1 in 200 run5.ndpi,Annotation (germinal_center),0.0746
KI67 1 in 200 run5.ndpi,Annotation (germinal_center),0.0824
KI67 1 in 200 run5.ndpi,Annotation (germinal_center),0.0598
KI67 1 in 200 run5.ndpi,Annotation (germinal_center),0.0389
KI67 1 in 200 run5.ndpi,Annotation (germinal_center),0.0837
KI67 1 in 200 run5.ndpi,Annotation (germinal_center),0.0925
KI67 1 in 200 run5.ndpi,Annotation (germinal_center),0.0567
KI67 1 in 200 run5.ndpi,Annotation (germinal_center),0.0411
KI67 1 in 200 run5.ndpi,Annotation (germinal_center),0.1786
KI67 1 in 200 run5.ndpi,Annotation (germinal_center),0.062
KI67 1 in 200 run5.ndpi,Annotation (germinal_center),0.0441
KI67 1 in 200 run5.ndpi,Annotation (germinal_center),0.044
KI67 1 in 200 run5.ndpi,Annotation (germinal_center),0.0727
KI67 1 in 200 run5.ndpi,Annotation (germinal_center),0.0532
KI67 1 in 200 run5.ndpi,Annotation (germinal_center),0.0395
KI67 1 in 200 run5.ndpi,Annotation (germinal_center),0.0645
KI67 1 in 200 run5.ndpi,Annotation (germinal_center),0.074
KI67 1 in 200 run5.ndpi,Annotation (germinal_center),0.044
KI67 1 in 200 run5.ndpi,Annotation (germinal_center),0.0813
KI67 1 in 200 run5.ndpi,Annotation (germinal_center),0.0434
KI67 1 in 200 run5.ndpi,Annotation (germinal_center),0.0486
KI67 1 in 200 run5.ndpi,Annotation (germinal_center),0.0389
KI67 1 in 200 run5.ndpi,Annotation (germinal_center),0.0839
KI67 1 in 200 run5.ndpi,Annotation (germinal_center),0.0438
KI67 1 in 200 run5.ndpi,Annotation (germinal_center),0.135
KI67 1 in 200 run5.ndpi,Annotation (germinal_center),0.0409
KI67 1 in 200 run5.ndpi,Annotation (germinal_center),0.0414
KI67 1 in 200 run5.ndpi,Annotation (germinal_center),0.0481
KI67 1 in 200 run5.ndpi,Annotation (germinal_center),0.0681
KI67 1 in 200 run5.ndpi,Annotation (germinal_center),0.0439
KI67 1 in 200 run5.ndpi,Annotation (germinal_center),0.0688
KI67 1 in 200 run5.ndpi,Annotation (germinal_center),0.0794
KI67 1 in 200 run5.ndpi,Annotation (germinal_center),0.0631
KI67 1 in 200 run5.ndpi,Annotation (germinal_center),0.0622
KI67 1 in 200 run5.ndpi,Annotation (germinal_center),0.0564
KI67 1 in 200 run5.ndpi,Annotation (germinal_center),0.0756
KI67 1 in 200 run5.ndpi,Annotation (germinal_center),0.0487
KI67 1 in 200 run5.ndpi,Annotation (germinal_center),0.0711
KI67 1 in 200 run5.ndpi,Annotation (germinal_center),0.056
KI67 1 in 200 run5.ndpi,Annotation (germinal_center),0.0957
KI67 1 in 200 run5.ndpi,Annotation (germinal_center),0.0503
KI67 1 in 200 run5.ndpi,Annotation (germinal_center),0.0864
KI67 1 in 200 run5.ndpi,Annotation (germinal_center),0.0451
KI67 1 in 200 run5.ndpi,Annotation (germinal_center),0.0463
KI67 1 in 200 run5.ndpi,Annotation (germinal_center),0.0422
KI67 1 in 200 run5.ndpi,Annotation (germinal_center),0.0496
KI67 1 in 200 run5.ndpi,Annotation (germinal_center),0.0538
KI67 1 in 200 run5.ndpi,Annotation (germinal_center),0.0528
KI67 1 in 200 run5.ndpi,Annotation (germinal_center),0.0332
KI67 1 in 200 run5.ndpi,Annotation (germinal_center),0.0557
KI67 1 in 200 run5.ndpi,Annotation (germinal_center),0.0817
KI67 1 in 200 run5.ndpi,Annotation (germinal_center),0.1039
KI67 1 in 200 run5.ndpi,Annotation (germinal_center),0.0537
KI67 1 in 200 run5.ndpi,Annotation (germinal_center),0.0522
KI67 1 in 200 run5.ndpi,Annotation (germinal_center),0.0441
KI67 1 in 200 run5.ndpi,Annotation (germinal_center),0.061
KI67 1 in 200 run5.ndpi,Annotation (germinal_center),0.0578
KI67 1 in 200 run5.ndpi,Annotation (germinal_center),0.0802
KI67 1 in 200 run5.ndpi,Annotation (germinal_center),0.0497
KI67 1 in 200 run5.ndpi,Annotation (germinal_center),0.0911
KI67 1 in 200 run5.ndpi,Annotation (germinal_center),0.0624
KI67 1 in 200 run5.ndpi,Annotation (germinal_center),0.1015
KI67 1 in 200 run5.ndpi,Annotation (germinal_center),0.0552
KI67 1 in 200 run5.ndpi,Annotation (germinal_center),0.0535
KI67 1 in 200 run5.ndpi,Annotation (germinal_center),0.0667
KI67 1 in 200 run5.ndpi,Annotation (germinal_center),0.0842
KI67 1 in 200 run5.ndpi,Annotation (germinal_center),0.0913
KI67 1 in 200 run5.ndpi,Annotation (germinal_center),0.061
KI67 1 in 200 run5.ndpi,Annotation (germinal_center),0.0215
KI67 1 in 200 run5.ndpi,Annotation (germinal_center),0.0418
KI67 1 in 200 run5.ndpi,Annotation (germinal_center),0.1062
KI67 1 in 200 run5.ndpi,Annotation (germinal_center),0.0672
KI67 1 in 200 run5.ndpi,Annotation (germinal_center),0.0536
KI67 1 in 200 run5.ndpi,Annotation (germinal_center),0.0568
KI67 1 in 200 run5.ndpi,Annotation (germinal_center),0.0541
KI67 1 in 200 run5.ndpi,Annotation (germinal_center),0.0419
KI67 1 in 200 run5.ndpi,Annotation (germinal_center),0.0622
KI67 1 in 200 run5.ndpi,Annotation (germinal_center),0.0488
KI67 1 in 200 run5.ndpi,Annotation (germinal_center),0.0526
KI67 1 in 200 run5.ndpi,Annotation (germinal_center),0.0585
KI67 1 in 200 run5.ndpi,Annotation (germinal_center),0.0565
KI67 1 in 200 run5.ndpi,Annotation (germinal_center),0.0679
KI67 1 in 200 run5.ndpi,Annotation (germinal_center),0.0367
KI67 1 in 200 run5.ndpi,Annotation (germinal_center),0.0473
KI67 1 in 200 run5.ndpi,Annotation (germinal_center),0.0456
KI67 1 in 200 run5.ndpi,Annotation (germinal_center),0.0531
KI67 1 in 200 run5.ndpi,Annotation (germinal_center),0.0524
KI67 1 in 200 run5.ndpi,Annotation (germinal_center),0.0715
KI67 1 in 200 run5.ndpi,Annotation (germinal_center),0.0562
KI67 1 in 200 run5.ndpi,Annotation (germinal_center),0.0823
KI67 1 in 200 run5.ndpi,Annotation (germinal_center),0.0951
KI67 1 in 200 run5.ndpi,Annotation (germinal_center),0.0468
KI67 1 in 200 run5.ndpi,Annotation (germinal_center),0.0487
KI67 1 in 200 run5.ndpi,Annotation (germinal_center),0.0602
KI67 1 in 200 run5.ndpi,Annotation (germinal_center),0.0526
KI67 1 in 200 run5.ndpi,Annotation (germinal_center),0.0455
KI67 1 in 200 run5.ndpi,Annotation (germinal_center),0.0466
KI67 1 in 200 run5.ndpi,Annotation (germinal_center),0.0805
KI67 1 in 200 run5.ndpi,Annotation (germinal_center),0.0456
KI67 1 in 200 run5.ndpi,Annotation (germinal_center),0.0427
KI67 1 in 200 run5.ndpi,Annotation (germinal_center),0.0621
KI67 1 in 200 run5.ndpi,Annotation (germinal_center),0.0515
KI67 1 in 200 run5.ndpi,Annotation (germinal_center),0.0493
KI67 1 in 200 run5.ndpi,Annotation (germinal_center),0.0347
KI67 1 in 200 run5.ndpi,Annotation (germinal_center),0.047
KI67 1 in 200 run5.ndpi,Annotation (germinal_center),0.0837
KI67 1 in 200 run5.ndpi,Annotation (germinal_center),0.0845
KI67 1 in 200 run5.ndpi,Annotation (germinal_center),0.0643
KI67 1 in 200 run5.ndpi,Annotation (germinal_center),0.0419
KI67 1 in 200 run5.ndpi,Annotation (germinal_center),0.0584
KI67 1 in 200 run5.ndpi,Annotation (germinal_center),0.0721
KI67 1 in 200 run5.ndpi,Annotation (germinal_center),0.0713
KI67 1 in 200 run5.ndpi,Annotation (germinal_center),0.0522
KI67 1 in 200 run5.ndpi,Annotation (germinal_center),0.0414
KI67 1 in 200 run5.ndpi,Annotation (germinal_center),0.0667
KI67 1 in 200 run5.ndpi,Annotation (germinal_center),0.0452
KI67 1 in 200 run5.ndpi,Annotation (germinal_center),0.0578
KI67 1 in 200 run5.ndpi,Annotation (germinal_center),0.0987
KI67 1 in 200 run5.ndpi,Annotation (germinal_center),0.0489
KI67 1 in 200 run5.ndpi,Annotation (germinal_center),0.0519
KI67 1 in 200 run5.ndpi,Annotation (germinal_center),0.0273
KI67 1 in 200 run5.ndpi,Annotation (germinal_center),0.0418
KI67 1 in 200 run5.ndpi,Annotation (germinal_center),0.041
KI67 1 in 200 run5.ndpi,Annotation (germinal_center),0.0459
KI67 1 in 200 run5.ndpi,Annotation (germinal_center),0.0446
KI67 1 in 200 run5.ndpi,Annotation (germinal_center),0.1032
KI67 1 in 200 run5.ndpi,Annotation (germinal_center),0.0599
KI67 1 in 200 run5.ndpi,Annotation (germinal_center),0.055
KI67 1 in 200 run5.ndpi,Annotation (germinal_center),0.055
KI67 1 in 200 run5.ndpi,Annotation (germinal_center),0.0494
KI67 1 in 200 run5.ndpi,Annotation (germinal_center),0.0623
KI67 1 in 200 run5.ndpi,Annotation (germinal_center),0.0494
KI67 1 in 200 run5.ndpi,Annotation (germinal_center),0.0495
KI67 1 in 200 run5.ndpi,Annotation (germinal_center),0.0811
KI67 1 in 200 run5.ndpi,Annotation (germinal_center),0.0389
KI67 1 in 200 run5.ndpi,Annotation (germinal_center),0.0502
KI67 1 in 200 run5.ndpi,Annotation (germinal_center),0.0509
KI67 1 in 200 run5.ndpi,Annotation (germinal_center),0.0579
KI67 1 in 200 run5.ndpi,Annotation (germinal_center),0.0484
KI67 1 in 200 run5.ndpi,Annotation (germinal_center),0.0391
KI67 1 in 200 run5.ndpi,Annotation (germinal_center),0.0632
KI67 1 in 200 run5.ndpi,Annotation (germinal_center),0.0493
KI67 1 in 200 run5.ndpi,Annotation (germinal_center),0.0998
KI67 1 in 200 run5.ndpi,Annotation (germinal_center),0.0813
KI67 1 in 200 run5.ndpi,Annotation (germinal_center),0.1087
KI67 1 in 200 run5.ndpi,Annotation (germinal_center),0.0443
KI67 1 in 200 run5.ndpi,Annotation (germinal_center),0.0469
KI67 1 in 200 run5.ndpi,Annotation (germinal_center),0.1056
KI67 1 in 200 run5.ndpi,Annotation (germinal_center),0.0502
KI67 1 in 200 run5.ndpi,Annotation (germinal_center),0.0451
KI67 1 in 200 run5.ndpi,Annotation (germinal_center),0.0495
KI67 1 in 200 run5.ndpi,Annotation (germinal_center),0.0654
KI67 1 in 200 run5.ndpi,Annotation (germinal_center),0.0685
KI67 1 in 200 run5.ndpi,Annotation (germinal_center),0.0601
KI67 1 in 200 run5.ndpi,Annotation (germinal_center),0.0614
KI67 1 in 200 run5.ndpi,Annotation (germinal_center),0.0711
KI67 1 in 200 run5.ndpi,Annotation (germinal_center),0.0315
KI67 1 in 200 run5.ndpi,Annotation (germinal_center),0.0433
KI67 1 in 200 run5.ndpi,Annotation (germinal_center),0.0702
KI67 1 in 200 run5.ndpi,Annotation (germinal_center),0.0457
KI67 1 in 200 run5.ndpi,Annotation (germinal_center),0.0412
KI67 1 in 200 run5.ndpi,Annotation (germinal_center),0.0567
KI67 1 in 200 run5.ndpi,Annotation (germinal_center),0.0667
KI67 1 in 200 run5.ndpi,Annotation (germinal_center),0.0373
KI67 1 in 200 run5.ndpi,Annotation (germinal_center),0.0317
KI67 1 in 200 run5.ndpi,Annotation (germinal_center),0.0372
KI67 1 in 200 run5.ndpi,Annotation (germinal_center),0.048
KI67 1 in 200 run5.ndpi,Annotation (germinal_center),0.0851
KI67 1 in 200 run5.ndpi,Annotation (germinal_center),0.096
KI67 1 in 200 run5.ndpi,Annotation (germinal_center),0.0725
KI67 1 in 200 run5.ndpi,Annotation (germinal_center),0.0739
KI67 1 in 200 run5.ndpi,Annotation (germinal_center),0.032
KI67 1 in 200 run5.ndpi,Annotation (germinal_center),0.0661
KI67 1 in 200 run5.ndpi,Annotation (germinal_center),0.0506
KI67 1 in 200 run5.ndpi,Annotation (germinal_center),0.0401
KI67 1 in 200 run5.ndpi,Annotation (germinal_center),0.0525
KI67 1 in 200 run5.ndpi,Annotation (germinal_center),0.0598
KI67 1 in 200 run5.ndpi,Annotation (germinal_center),0.0398
KI67 1 in 200 run5.ndpi,Annotation (germinal_center),0.081
KI67 1 in 200 run5.ndpi,Annotation (germinal_center),0.0528
KI67 1 in 200 run5.ndpi,Annotation (germinal_center),0.0887
KI67 1 in 200 run5.ndpi,Annotation (germinal_center),0.0555
KI67 1 in 200 run5.ndpi,Annotation (germinal_center),0.0462
KI67 1 in 200 run5.ndpi,Annotation (germinal_center),0.0511
KI67 1 in 200 run5.ndpi,Annotation (germinal_center),0.0555
KI67 1 in 200 run5.ndpi,Annotation (germinal_center),0.0501
KI67 1 in 200 run5.ndpi,Annotation (germinal_center),0.0421
KI67 1 in 200 run5.ndpi,Annotation (germinal_center),0.1106
KI67 1 in 200 run5.ndpi,Annotation (germinal_center),0.0578
KI67 1 in 200 run5.ndpi,Annotation (germinal_center),0.0649
KI67 1 in 200 run5.ndpi,Annotation (germinal_center),0.103
KI67 1 in 200 run5.ndpi,Annotation (germinal_center),0.045
KI67 1 in 200 run5.ndpi,Annotation (germinal_center),0.0612
KI67 1 in 200 run5.ndpi,Annotation (germinal_center),0.0396
KI67 1 in 200 run5.ndpi,Annotation (germinal_center),0.0771
KI67 1 in 200 run5.ndpi,Annotation (germinal_center),0.0643
KI67 1 in 200 run5.ndpi,Annotation (germinal_center),0.0816
KI67 1 in 200 run5.ndpi,Annotation (germinal_center),0.0523
KI67 1 in 200 run5.ndpi,Annotation (germinal_center),0.1038
KI67 1 in 200 run5.ndpi,Annotation (germinal_center),0.0504
KI67 1 in 200 run5.ndpi,Annotation (germinal_center),0.071
KI67 1 in 200 run5.ndpi,Annotation (germinal_center),0.0692
KI67 1 in 200 run5.ndpi,Annotation (germinal_center),0.07
KI67 1 in 200 run5.ndpi,Annotation (germinal_center),0.0888
KI67 1 in 200 run5.ndpi,Annotation (germinal_center),0.0472
KI67 1 in 200 run5.ndpi,Annotation (germinal_center),0.1358
KI67 1 in 200 run5.ndpi,Annotation (germinal_center),0.0419
KI67 1 in 200 run5.ndpi,Annotation (germinal_center),0.2429
KI67 1 in 200 run5.ndpi,Annotation (germinal_center),0.0406
KI67 1 in 200 run5.ndpi,Annotation (germinal_center),0.0987
KI67 1 in 200 run5.ndpi,Annotation (germinal_center),0.063
KI67 1 in 200 run5.ndpi,Annotation (germinal_center),0.0408
KI67 1 in 200 run5.ndpi,Annotation (germinal_center),0.0383
KI67 1 in 200 run5.ndpi,Annotation (germinal_center),0.076
KI67 1 in 200 run5.ndpi,Annotation (germinal_center),0.0641
KI67 1 in 200 run5.ndpi,Annotation (germinal_center),0.0456
KI67 1 in 200 run5.ndpi,Annotation (germinal_center),0.0634
KI67 1 in 200 run5.ndpi,Annotation (germinal_center),0.0475
KI67 1 in 200 run5.ndpi,Annotation (germinal_center),0.0499
KI67 1 in 200 run5.ndpi,Annotation (germinal_center),0.0443
KI67 1 in 200 run5.ndpi,Annotation (germinal_center),0.0472
KI67 1 in 200 run5.ndpi,Annotation (germinal_center),0.0486
KI67 1 in 200 run5.ndpi,Annotation (germinal_center),0.0998
KI67 1 in 200 run5.ndpi,Annotation (germinal_center),0.0492
KI67 1 in 200 run5.ndpi,Annotation (germinal_center),0.0507
KI67 1 in 200 run5.ndpi,Annotation (germinal_center),0.0761
KI67 1 in 200 run5.ndpi,Annotation (germinal_center),0.0695
KI67 1 in 200 run5.ndpi,Annotation (germinal_center),0.0526
KI67 1 in 200 run5.ndpi,Annotation (germinal_center),0.0567
KI67 1 in 200 run5.ndpi,Annotation (germinal_center),0.0469
KI67 1 in 200 run5.ndpi,Annotation (germinal_center),0.056
KI67 1 in 200 run5.ndpi,Annotation (germinal_center),0.1102
KI67 1 in 200 run5.ndpi,Annotation (germinal_center),0.0816
KI67 1 in 200 run5.ndpi,Annotation (germinal_center),0.0803
KI67 1 in 200 run5.ndpi,Annotation (germinal_center),0.0661
KI67 1 in 200 run5.ndpi,Annotation (germinal_center),0.1109
KI67 1 in 200 run5.ndpi,Annotation (germinal_center),0.0451
KI67 1 in 200 run5.ndpi,Annotation (germinal_center),0.0498
KI67 1 in 200 run5.ndpi,Annotation (germinal_center),0.0482
KI67 1 in 200 run5.ndpi,Annotation (germinal_center),0.0428
KI67 1 in 200 run5.ndpi,Annotation (germinal_center),0.1041
KI67 1 in 200 run5.ndpi,Annotation (germinal_center),0.0889
KI67 1 in 200 run5.ndpi,Annotation (germinal_center),0.0601
KI67 1 in 200 run5.ndpi,Annotation (germinal_center),0.0405
KI67 1 in 200 run5.ndpi,Annotation (germinal_center),0.0707
KI67 1 in 200 run5.ndpi,Annotation (germinal_center),0.0435
KI67 1 in 200 run5.ndpi,Annotation (germinal_center),0.0556
KI67 1 in 200 run5.ndpi,Annotation (germinal_center),0.0462
KI67 1 in 200 run5.ndpi,Annotation (germinal_center),0.0531
KI67 1 in 200 run5.ndpi,Annotation (germinal_center),0.089
KI67 1 in 200 run5.ndpi,Annotation (germinal_center),0.0337
KI67 1 in 200 run5.ndpi,Annotation (germinal_center),0.047
KI67 1 in 200 run5.ndpi,Annotation (germinal_center),0.0663
KI67 1 in 200 run5.ndpi,Annotation (germinal_center),0.0454
KI67 1 in 200 run5.ndpi,Annotation (germinal_center),0.0873
KI67 1 in 200 run5.ndpi,Annotation (germinal_center),0.1103
KI67 1 in 200 run5.ndpi,Annotation (germinal_center),0.0418
KI67 1 in 200 run5.ndpi,Annotation (germinal_center),0.0561
KI67 1 in 200 run5.ndpi,Annotation (germinal_center),0.091
KI67 1 in 200 run5.ndpi,Annotation (germinal_center),0.0374
KI67 1 in 200 run5.ndpi,Annotation (germinal_center),0.0736
KI67 1 in 200 run5.ndpi,Annotation (germinal_center),0.0555
KI67 1 in 200 run5.ndpi,Annotation (germinal_center),0.0428
KI67 1 in 200 run5.ndpi,Annotation (germinal_center),0.0546
KI67 1 in 200 run5.ndpi,Annotation (germinal_center),0.0784
KI67 1 in 200 run5.ndpi,Annotation (germinal_center),0.0449
KI67 1 in 200 run5.ndpi,Annotation (germinal_center),0.0715
KI67 1 in 200 run5.ndpi,Annotation (germinal_center),0.0409
KI67 1 in 200 run5.ndpi,Annotation (germinal_center),0.0374
KI67 1 in 200 run5.ndpi,Annotation (germinal_center),0.0398
KI67 1 in 200 run5.ndpi,Annotation (germinal_center),0.0414
KI67 1 in 200 run5.ndpi,Annotation (germinal_center),0.0477
KI67 1 in 200 run5.ndpi,Annotation (germinal_center),0.0995
KI67 1 in 200 run5.ndpi,Annotation (germinal_center),0.0475
KI67 1 in 200 run5.ndpi,Annotation (germinal_center),0.0816
KI67 1 in 200 run5.ndpi,Annotation (germinal_center),0.0751
KI67 1 in 200 run5.ndpi,Annotation (germinal_center),0.0889
KI67 1 in 200 run5.ndpi,Annotation (germinal_center),0.0615
KI67 1 in 200 run5.ndpi,Annotation (germinal_center),0.0571
KI67 1 in 200 run5.ndpi,Annotation (germinal_center),0.0755
KI67 1 in 200 run5.ndpi,Annotation (germinal_center),0.0699
KI67 1 in 200 run5.ndpi,Annotation (germinal_center),
KI67 1 in 200 run5.ndpi,Annotation (germinal_center),0.124
KI67 1 in 200 run5.ndpi,Annotation (germinal_center),0.0547
KI67 1 in 200 run5.ndpi,Annotation (germinal_center),0.072
KI67 1 in 200 run5.ndpi,Annotation (germinal_center),0.0484
KI67 1 in 200 run5.ndpi,Annotation (germinal_center),0.0702
KI67 1 in 200 run5.ndpi,Annotation (germinal_center),0.0663
KI67 1 in 200 run5.ndpi,Annotation (germinal_center),0.0529
KI67 1 in 200 run5.ndpi,Annotation (germinal_center),0.041
KI67 1 in 200 run5.ndpi,Annotation (germinal_center),0.0561
KI67 1 in 200 run5.ndpi,Annotation (germinal_center),0.0383
KI67 1 in 200 run5.ndpi,Annotation (germinal_center),0.0719
KI67 1 in 200 run5.ndpi,Annotation (germinal_center),0.0609
KI67 1 in 200 run5.ndpi,Annotation (germinal_center),0.0603
KI67 1 in 200 run5.ndpi,Annotation (germinal_center),0.0468
KI67 1 in 200 run5.ndpi,Annotation (germinal_center),0.0649
KI67 1 in 200 run5.ndpi,Annotation (germinal_center),0.0688
KI67 1 in 200 run5.ndpi,Annotation (germinal_center),0.0467
KI67 1 in 200 run5.ndpi,Annotation (germinal_center),
KI67 1 in 200 run5.ndpi,Annotation (germinal_center),0.0506
KI67 1 in 200 run5.ndpi,Annotation (germinal_center),0.0653
KI67 1 in 200 run5.ndpi,Annotation (germinal_center),0.0706
KI67 1 in 200 run5.ndpi,Annotation (germinal_center),0.1238
KI67 1 in 200 run5.ndpi,Annotation (germinal_center),0.0966
KI67 1 in 200 run5.ndpi,Annotation (germinal_center),0.0594
KI67 1 in 200 run5.ndpi,Annotation (germinal_center),0.0949
KI67 1 in 200 run5.ndpi,Annotation (germinal_center),0.1388
KI67 1 in 200 run5.ndpi,Annotation (germinal_center),0.0705
KI67 1 in 200 run5.ndpi,Annotation (germinal_center),
KI67 1 in 200 run5.ndpi,Annotation (germinal_center),0.0655
KI67 1 in 200 run5.ndpi,Annotation (germinal_center),0.0617
KI67 1 in 200 run5.ndpi,Annotation (germinal_center),0.0678
KI67 1 in 200 run5.ndpi,Annotation (germinal_center),0.0938
KI67 1 in 200 run5.ndpi,Annotation (germinal_center),0.0547
KI67 1 in 200 run5.ndpi,Annotation (germinal_center),0.0563
KI67 1 in 200 run5.ndpi,Annotation (germinal_center),0.0405
KI67 1 in 200 run5.ndpi,Annotation (germinal_center),0.0819
KI67 1 in 200 run5.ndpi,Annotation (germinal_center),0.0528
KI67 1 in 200 run5.ndpi,Annotation (germinal_center),0.0683
KI67 1 in 200 run5.ndpi,Annotation (germinal_center),0.0617
KI67 1 in 200 run5.ndpi,Annotation (germinal_center),0.0502
KI67 1 in 200 run5.ndpi,Annotation (germinal_center),0.0558
KI67 1 in 200 run5.ndpi,Annotation (germinal_center),0.0558
KI67 1 in 200 run5.ndpi,Annotation (germinal_center),0.342
KI67 1 in 200 run5.ndpi,Annotation (germinal_center),0.0854
KI67 1 in 200 run5.ndpi,Annotation (germinal_center),0.0696
KI67 1 in 200 run5.ndpi,Annotation (germinal_center),0.0561
KI67 1 in 200 run5.ndpi,Annotation (germinal_center),0.0784
KI67 1 in 200 run5.ndpi,Annotation (germinal_center),0.0607
KI67 1 in 200 run5.ndpi,Annotation (germinal_center),0.0671
KI67 1 in 200 run5.ndpi,Annotation (germinal_center),0.0727
KI67 1 in 200 run5.ndpi,Annotation (germinal_center),0.0914
KI67 1 in 200 run5.ndpi,Annotation (germinal_center),0.0407
KI67 1 in 200 run5.ndpi,Annotation (germinal_center),0.0646
KI67 1 in 200 run5.ndpi,Annotation (germinal_center),0.0499
KI67 1 in 200 run5.ndpi,Annotation (germinal_center),0.0583
KI67 1 in 200 run5.ndpi,Annotation (germinal_center),0.0751
KI67 1 in 200 run5.ndpi,Annotation (germinal_center),0.072
KI67 1 in 200 run5.ndpi,Annotation (germinal_center),0.2256
KI67 1 in 200 run5.ndpi,Annotation (germinal_center),0.0577
KI67 1 in 200 run5.ndpi,Annotation (germinal_center),0.0617
KI67 1 in 200 run5.ndpi,Annotation (germinal_center),0.0731
KI67 1 in 200 run5.ndpi,Annotation (germinal_center),0.0698
KI67 1 in 200 run5.ndpi,Annotation (germinal_center),0.0688
KI67 1 in 200 run5.ndpi,Annotation (germinal_center),0.0686
KI67 1 in 200 run5.ndpi,Annotation (germinal_center),0.0735
KI67 1 in 200 run5.ndpi,Annotation (germinal_center),0.0576
KI67 1 in 200 run5.ndpi,Annotation (germinal_center),0.0921
KI67 1 in 200 run5.ndpi,Annotation (germinal_center),0.0587
KI67 1 in 200 run5.ndpi,Annotation (germinal_center),0.0765
KI67 1 in 200 run5.ndpi,Annotation (germinal_center),0.0633
KI67 1 in 200 run5.ndpi,Annotation (germinal_center),0.0535
KI67 1 in 200 run5.ndpi,Annotation (germinal_center),0.0603
KI67 1 in 200 run5.ndpi,Annotation (germinal_center),0.0794
KI67 1 in 200 run5.ndpi,Annotation (germinal_center),0.1047
KI67 1 in 200 run5.ndpi,Annotation (germinal_center),0.0756
KI67 1 in 200 run5.ndpi,Annotation (germinal_center),0.0791
KI67 1 in 200 run5.ndpi,Annotation (germinal_center),0.0764
KI67 1 in 200 run5.ndpi,Annotation (germinal_center),0.0753
KI67 1 in 200 run5.ndpi,Annotation (germinal_center),0.0722
KI67 1 in 200 run5.ndpi,Annotation (germinal_center),0.039
KI67 1 in 200 run5.ndpi,Annotation (germinal_center),0.0755
KI67 1 in 200 run5.ndpi,Annotation (germinal_center),0.0852
KI67 1 in 200 run5.ndpi,Annotation (germinal_center),0.0612
KI67 1 in 200 run5.ndpi,Annotation (germinal_center),0.0777
KI67 1 in 200 run5.ndpi,Annotation (germinal_center),0.0889
KI67 1 in 200 run5.ndpi,Annotation (germinal_center),0.063
KI67 1 in 200 run5.ndpi,Annotation (germinal_center),0.0425
KI67 1 in 200 run5.ndpi,Annotation (germinal_center),0.061
KI67 1 in 200 run5.ndpi,Annotation (germinal_center),0.0741
KI67 1 in 200 run5.ndpi,Annotation (germinal_center),0.0891
KI67 1 in 200 run5.ndpi,Annotation (germinal_center),0.0858
KI67 1 in 200 run5.ndpi,Annotation (germinal_center),0.0472
KI67 1 in 200 run5.ndpi,Annotation (germinal_center),0.059
KI67 1 in 200 run5.ndpi,Annotation (germinal_center),0.148
KI67 1 in 200 run5.ndpi,Annotation (germinal_center),0.0763
KI67 1 in 200 run5.ndpi,Annotation (germinal_center),0.1007
KI67 1 in 200 run5.ndpi,Annotation (germinal_center),0.0599
KI67 1 in 200 run5.ndpi,Annotation (germinal_center),0.0614
KI67 1 in 200 run5.ndpi,Annotation (germinal_center),0.0293
KI67 1 in 200 run5.ndpi,Annotation (germinal_center),0.0909
KI67 1 in 200 run5.ndpi,Annotation (germinal_center),0.0274
KI67 1 in 200 run5.ndpi,Annotation (germinal_center),0.0701
KI67 1 in 200 run5.ndpi,Annotation (germinal_center),0.0423
KI67 1 in 200 run5.ndpi,Annotation (germinal_center),0.0724
KI67 1 in 200 run5.ndpi,Annotation (germinal_center),0.0597
KI67 1 in 200 run5.ndpi,Annotation (germinal_center),0.073
KI67 1 in 200 run5.ndpi,Annotation (germinal_center),0.0773
KI67 1 in 200 run5.ndpi,Annotation (germinal_center),0.5242
KI67 1 in 200 run5.ndpi,Annotation (germinal_center),0.0473
KI67 1 in 200 run5.ndpi,Annotation (germinal_center),0.0684
KI67 1 in 200 run5.ndpi,Annotation (germinal_center),0.0583
KI67 1 in 200 run5.ndpi,Annotation (germinal_center),0.0605
KI67 1 in 200 run5.ndpi,Annotation (germinal_center),0.0525
KI67 1 in 200 run5.ndpi,Annotation (germinal_center),0.0921
KI67 1 in 200 run5.ndpi,Annotation (germinal_center),0.0768
KI67 1 in 200 run5.ndpi,Annotation (germinal_center),0.0624
KI67 1 in 200 run5.ndpi,Annotation (germinal_center),0.0565
KI67 1 in 200 run5.ndpi,Annotation (germinal_center),0.0683
KI67 1 in 200 run5.ndpi,Annotation (germinal_center),0.0766
KI67 1 in 200 run5.ndpi,Annotation (germinal_center),0.0681
KI67 1 in 200 run5.ndpi,Annotation (germinal_center),0.0621
KI67 1 in 200 run5.ndpi,Annotation (germinal_center),0.0745
KI67 1 in 200 run5.ndpi,Annotation (germinal_center),0.0654
KI67 1 in 200 run5.ndpi,Annotation (germinal_center),0.0765
KI67 1 in 200 run5.ndpi,Annotation (germinal_center),0.0767
KI67 1 in 200 run5.ndpi,Annotation (germinal_center),0.074
KI67 1 in 200 run5.ndpi,Annotation (germinal_center),0.061
KI67 1 in 200 run5.ndpi,Annotation (germinal_center),0.0583
KI67 1 in 200 run5.ndpi,Annotation (germinal_center),0.0602
KI67 1 in 200 run5.ndpi,Annotation (germinal_center),0.0952
KI67 1 in 200 run5.ndpi,Annotation (germinal_center),0.0653
KI67 1 in 200 run5.ndpi,Annotation (germinal_center),0.0776
KI67 1 in 200 run5.ndpi,Annotation (germinal_center),0.0633
KI67 1 in 200 run5.ndpi,Annotation (germinal_center),0.0643
KI67 1 in 200 run5.ndpi,Annotation (germinal_center),0.0787
KI67 1 in 200 run5.ndpi,Annotation (germinal_center),0.06
KI67 1 in 200 run5.ndpi,Annotation (germinal_center),0.0833
KI67 1 in 200 run5.ndpi,Annotation (germinal_center),0.0601
KI67 1 in 200 run5.ndpi,Annotation (germinal_center),0.0767
KI67 1 in 200 run5.ndpi,Annotation (germinal_center),0.0662
KI67 1 in 200 run5.ndpi,Annotation (germinal_center),0.037
KI67 1 in 200 run5.ndpi,Annotation (germinal_center),0.0723
KI67 1 in 200 run5.ndpi,Annotation (germinal_center),0.0725
KI67 1 in 200 run5.ndpi,Annotation (germinal_center),0.0676
KI67 1 in 200 run5.ndpi,Annotation (germinal_center),0.0809
KI67 1 in 200 run5.ndpi,Annotation (germinal_center),0.0728
KI67 1 in 200 run5.ndpi,Annotation (germinal_center),0.0577
KI67 1 in 200 run5.ndpi,Annotation (germinal_center),0.0718
KI67 1 in 200 run5.ndpi,Annotation (germinal_center),0.0718
KI67 1 in 200 run5.ndpi,Annotation (germinal_center),0.0792
KI67 1 in 200 run5.ndpi,Annotation (germinal_center),0.0745
KI67 1 in 200 run5.ndpi,Annotation (germinal_center),0.0663
KI67 1 in 200 run5.ndpi,Annotation (germinal_center),0.0595
KI67 1 in 200 run5.ndpi,Annotation (germinal_center),0.0893
KI67 1 in 200 run5.ndpi,Annotation (germinal_center),0.0751
KI67 1 in 200 run5.ndpi,Annotation (germinal_center),0.0783
KI67 1 in 200 run5.ndpi,Annotation (germinal_center),0.0687
KI67 1 in 200 run5.ndpi,Annotation (germinal_center),0.0801
KI67 1 in 200 run5.ndpi,Annotation (germinal_center),0.045
KI67 1 in 200 run5.ndpi,Annotation (germinal_center),0.048
KI67 1 in 200 run5.ndpi,Annotation (germinal_center),0.0477
KI67 1 in 200 run5.ndpi,Annotation (germinal_center),0.0609
KI67 1 in 200 run5.ndpi,Annotation (germinal_center),0.086
KI67 1 in 200 run5.ndpi,Annotation (germinal_center),0.0693
KI67 1 in 200 run5.ndpi,Annotation (germinal_center),0.0664
KI67 1 in 200 run5.ndpi,Annotation (germinal_center),0.0644
KI67 1 in 200 run5.ndpi,Annotation (germinal_center),0.092
KI67 1 in 200 run5.ndpi,Annotation (germinal_center),0.0955
KI67 1 in 200 run5.ndpi,Annotation (germinal_center),0.0548
KI67 1 in 200 run5.ndpi,Annotation (germinal_center),0.0923
KI67 1 in 200 run5.ndpi,Annotation (germinal_center),0.0794
KI67 1 in 200 run5.ndpi,Annotation (germinal_center),0.079
KI67 1 in 200 run5.ndpi,Annotation (germinal_center),0.0768
KI67 1 in 200 run5.ndpi,Annotation (germinal_center),0.0623
KI67 1 in 200 run5.ndpi,Annotation (germinal_center),0.0348
KI67 1 in 200 run5.ndpi,Annotation (germinal_center),0.0771
KI67 1 in 200 run5.ndpi,Annotation (germinal_center),0.0774
KI67 1 in 200 run5.ndpi,Annotation (germinal_center),0.0632
KI67 1 in 200 run5.ndpi,Annotation (germinal_center),0.0555
KI67 1 in 200 run5.ndpi,Annotation (germinal_center),0.0627
KI67 1 in 200 run5.ndpi,Annotation (germinal_center),0.0808
KI67 1 in 200 run5.ndpi,Annotation (germinal_center),0.0507
KI67 1 in 200 run5.ndpi,Annotation (germinal_center),0.0866
KI67 1 in 200 run5.ndpi,Annotation (germinal_center),0.0792
KI67 1 in 200 run5.ndpi,Annotation (germinal_center),0.0768
KI67 1 in 200 run5.ndpi,Annotation (germinal_center),0.063
KI67 1 in 200 run5.ndpi,Annotation (germinal_center),0.0659
KI67 1 in 200 run5.ndpi,Annotation (germinal_center),0.0495
KI67 1 in 200 run5.ndpi,Annotation (germinal_center),0.0463
KI67 1 in 200 run5.ndpi,Annotation (germinal_center),0.0977
KI67 1 in 200 run5.ndpi,Annotation (germinal_center),0.0545
KI67 1 in 200 run5.ndpi,Annotation (germinal_center),0.0684
KI67 1 in 200 run5.ndpi,Annotation (germinal_center),0.0456
KI67 1 in 200 run5.ndpi,Annotation (germinal_center),0.0708
KI67 1 in 200 run5.ndpi,Annotation (germinal_center),0.068
KI67 1 in 200 run5.ndpi,Annotation (germinal_center),0.0718
KI67 1 in 200 run5.ndpi,Annotation (germinal_center),0.0663
KI67 1 in 200 run5.ndpi,Annotation (germinal_center),0.0585
KI67 1 in 200 run5.ndpi,Annotation (germinal_center),0.0472
KI67 1 in 200 run5.ndpi,Annotation (germinal_center),0.0831
KI67 1 in 200 run5.ndpi,Annotation (germinal_center),0.0621
KI67 1 in 200 run5.ndpi,Annotation (germinal_center),0.0653
KI67 1 in 200 run5.ndpi,Annotation (germinal_center),0.0651
KI67 1 in 200 run5.ndpi,Annotation (germinal_center),0.0373
KI67 1 in 200 run5.ndpi,Annotation (germinal_center),0.0888
KI67 1 in 200 run5.ndpi,Annotation (germinal_center),0.1014
KI67 1 in 200 run5.ndpi,Annotation (germinal_center),0.0526
KI67 1 in 200 run5.ndpi,Annotation (germinal_center),0.0441
KI67 1 in 200 run5.ndpi,Annotation (germinal_center),0.0762
KI67 1 in 200 run5.ndpi,Annotation (germinal_center),0.0815
KI67 1 in 200 run5.ndpi,Annotation (germinal_center),0.0811
KI67 1 in 200 run5.ndpi,Annotation (germinal_center),0.0666
KI67 1 in 200 run5.ndpi,Annotation (germinal_center),0.0754
KI67 1 in 200 run5.ndpi,Annotation (germinal_center),0.0596
KI67 1 in 200 run5.ndpi,Annotation (germinal_center),0.0578
KI67 1 in 200 run5.ndpi,Annotation (germinal_center),0.0999
KI67 1 in 200 run5.ndpi,Annotation (germinal_center),0.0693
KI67 1 in 200 run5.ndpi,Annotation (germinal_center),0.0672
KI67 1 in 200 run5.ndpi,Annotation (germinal_center),0.0747
KI67 1 in 200 run5.ndpi,Annotation (germinal_center),0.2211
KI67 1 in 200 run5.ndpi,Annotation (germinal_center),0.0685
KI67 1 in 200 run5.ndpi,Annotation (germinal_center),0.0514
KI67 1 in 200 run5.ndpi,Annotation (germinal_center),0.0871
KI67 1 in 200 run5.ndpi,Annotation (germinal_center),0.0997
KI67 1 in 200 run5.ndpi,Annotation (germinal_center),0.0671
KI67 1 in 200 run5.ndpi,Annotation (germinal_center),0.0677
KI67 1 in 200 run5.ndpi,Annotation (germinal_center),0.0691
KI67 1 in 200 run5.ndpi,Annotation (germinal_center),0.0603
KI67 1 in 200 run5.ndpi,Annotation (germinal_center),0.0642
KI67 1 in 200 run5.ndpi,Annotation (germinal_center),0.0644
KI67 1 in 200 run5.ndpi,Annotation (germinal_center),0.0644
KI67 1 in 200 run5.ndpi,Annotation (germinal_center),0.0718
KI67 1 in 200 run5.ndpi,Annotation (germinal_center),0.0734
KI67 1 in 200 run5.ndpi,Annotation (germinal_center),0.1723
KI67 1 in 200 run5.ndpi,Annotation (germinal_center),0.0578
KI67 1 in 200 run5.ndpi,Annotation (germinal_center),0.0437
KI67 1 in 200 run5.ndpi,Annotation (germinal_center),0.0593
KI67 1 in 200 run5.ndpi,Annotation (germinal_center),0.036
KI67 1 in 200 run5.ndpi,Annotation (germinal_center),0.0601
KI67 1 in 200 run5.ndpi,Annotation (germinal_center),0.0626
KI67 1 in 200 run5.ndpi,Annotation (germinal_center),0.076
KI67 1 in 200 run5.ndpi,Annotation (germinal_center),0.079
KI67 1 in 200 run5.ndpi,Annotation (germinal_center),0.0644
KI67 1 in 200 run5.ndpi,Annotation (germinal_center),0.0909
KI67 1 in 200 run5.ndpi,Annotation (germinal_center),0.0715
KI67 1 in 200 run5.ndpi,Annotation (germinal_center),0.0965
KI67 1 in 200 run5.ndpi,Annotation (germinal_center),0.039
KI67 1 in 200 run5.ndpi,Annotation (germinal_center),0.066
KI67 1 in 200 run5.ndpi,Annotation (germinal_center),0.4753
KI67 1 in 200 run5.ndpi,Annotation (germinal_center),0.0458
KI67 1 in 200 run5.ndpi,Annotation (germinal_center),0.0864
KI67 1 in 200 run5.ndpi,Annotation (germinal_center),0.0348
KI67 1 in 200 run5.ndpi,Annotation (germinal_center),0.0561
KI67 1 in 200 run5.ndpi,Annotation (germinal_center),0.0819
KI67 1 in 200 run5.ndpi,Annotation (germinal_center),0.0748
KI67 1 in 200 run5.ndpi,Annotation (germinal_center),0.0684
KI67 1 in 200 run5.ndpi,Annotation (germinal_center),0.0723
KI67 1 in 200 run5.ndpi,Annotation (germinal_center),0.0692
KI67 1 in 200 run5.ndpi,Annotation (germinal_center),0.0764
KI67 1 in 200 run5.ndpi,Annotation (germinal_center),0.0772
KI67 1 in 200 run5.ndpi,Annotation (germinal_center),0.0683
KI67 1 in 200 run5.ndpi,Annotation (germinal_center),0.0633
KI67 1 in 200 run5.ndpi,Annotation (germinal_center),0.0854
KI67 1 in 200 run5.ndpi,Annotation (germinal_center),0.0579
KI67 1 in 200 run5.ndpi,Annotation (germinal_center),0.0586
KI67 1 in 200 run5.ndpi,Annotation (germinal_center),0.0671
KI67 1 in 200 run5.ndpi,Annotation (germinal_center),0.0728
KI67 1 in 200 run5.ndpi,Annotation (germinal_center),0.1179
KI67 1 in 200 run5.ndpi,Annotation (germinal_center),0.0909
KI67 1 in 200 run5.ndpi,Annotation (germinal_center),0.069
KI67 1 in 200 run5.ndpi,Annotation (germinal_center),0.0599
KI67 1 in 200 run5.ndpi,Annotation (germinal_center),0.0776
KI67 1 in 200 run5.ndpi,Annotation (germinal_center),0.0573
KI67 1 in 200 run5.ndpi,Annotation (germinal_center),0.0641
KI67 1 in 200 run5.ndpi,Annotation (germinal_center),0.0465
KI67 1 in 200 run5.ndpi,Annotation (germinal_center),0.0653
KI67 1 in 200 run5.ndpi,Annotation (germinal_center),0.0276
KI67 1 in 200 run5.ndpi,Annotation (germinal_center),0.0845
KI67 1 in 200 run5.ndpi,Annotation (germinal_center),0.0756
KI67 1 in 200 run5.ndpi,Annotation (germinal_center),0.0602
KI67 1 in 200 run5.ndpi,Annotation (germinal_center),0.316
KI67 1 in 200 run5.ndpi,Annotation (germinal_center),0.0511
KI67 1 in 200 run5.ndpi,Annotation (germinal_center),0.0563
KI67 1 in 200 run5.ndpi,Annotation (germinal_center),0.0702
KI67 1 in 200 run5.ndpi,Annotation (germinal_center),0.0826
KI67 1 in 200 run5.ndpi,Annotation (germinal_center),0.0735
KI67 1 in 200 run5.ndpi,Annotation (germinal_center),0.0561
KI67 1 in 200 run5.ndpi,Annotation (germinal_center),0.0625
KI67 1 in 200 run5.ndpi,Annotation (germinal_center),0.0834
KI67 1 in 200 run5.ndpi,Annotation (germinal_center),0.0635
KI67 1 in 200 run5.ndpi,Annotation (germinal_center),0.1044
KI67 1 in 200 run5.ndpi,Annotation (germinal_center),0.0672
KI67 1 in 200 run5.ndpi,Annotation (germinal_center),0.0602
KI67 1 in 200 run5.ndpi,Annotation (germinal_center),0.2757
KI67 1 in 200 run5.ndpi,Annotation (germinal_center),0.0723
KI67 1 in 200 run5.ndpi,Annotation (germinal_center),0.0363
KI67 1 in 200 run5.ndpi,Annotation (germinal_center),0.0528
KI67 1 in 200 run5.ndpi,Annotation (germinal_center),0.0668
KI67 1 in 200 run5.ndpi,Annotation (germinal_center),0.0595
KI67 1 in 200 run5.ndpi,Annotation (germinal_center),0.0656
KI67 1 in 200 run5.ndpi,Annotation (germinal_center),0.0491
KI67 1 in 200 run5.ndpi,Annotation (germinal_center),0.1094
KI67 1 in 200 run5.ndpi,Annotation (germinal_center),0.03
KI67 1 in 200 run5.ndpi,Annotation (germinal_center),0.0708
KI67 1 in 200 run5.ndpi,Annotation (germinal_center),0.0508
KI67 1 in 200 run5.ndpi,Annotation (germinal_center),0.0781
KI67 1 in 200 run5.ndpi,Annotation (germinal_center),0.0858
KI67 1 in 200 run5.ndpi,Annotation (germinal_center),0.0385
KI67 1 in 200 run5.ndpi,Annotation (germinal_center),0.0307
KI67 1 in 200 run5.ndpi,Annotation (germinal_center),0.0656
KI67 1 in 200 run5.ndpi,Annotation (germinal_center),0.0728
KI67 1 in 200 run5.ndpi,Annotation (germinal_center),0.0629
KI67 1 in 200 run5.ndpi,Annotation (germinal_center),0.0823
KI67 1 in 200 run5.ndpi,Annotation (germinal_center),0.0906
KI67 1 in 200 run5.ndpi,Annotation (germinal_center),0.0792
KI67 1 in 200 run5.ndpi,Annotation (germinal_center),0.048
KI67 1 in 200 run5.ndpi,Annotation (germinal_center),0.0584
KI67 1 in 200 run5.ndpi,Annotation (germinal_center),0.0426
KI67 1 in 200 run5.ndpi,Annotation (germinal_center),0.085
KI67 1 in 200 run5.ndpi,Annotation (germinal_center),0.0798
KI67 1 in 200 run5.ndpi,Annotation (germinal_center),0.0572
KI67 1 in 200 run5.ndpi,Annotation (germinal_center),0.06
KI67 1 in 200 run5.ndpi,Annotation (germinal_center),0.0652
KI67 1 in 200 run5.ndpi,Annotation (germinal_center),0.0933
KI67 1 in 200 run5.ndpi,Annotation (germinal_center),0.059
KI67 1 in 200 run5.ndpi,Annotation (germinal_center),0.063
KI67 1 in 200 run5.ndpi,Annotation (germinal_center),0.0701
KI67 1 in 200 run5.ndpi,Annotation (germinal_center),0.056
KI67 1 in 200 run5.ndpi,Annotation (germinal_center),0.0677
KI67 1 in 200 run5.ndpi,Annotation (germinal_center),0.0799
KI67 1 in 200 run5.ndpi,Annotation (germinal_center),0.0502
KI67 1 in 200 run5.ndpi,Annotation (germinal_center),0.0472
KI67 1 in 200 run5.ndpi,Annotation (germinal_center),0.0484
KI67 1 in 200 run5.ndpi,Annotation (germinal_center),0.0782
KI67 1 in 200 run5.ndpi,Annotation (germinal_center),0.0621
KI67 1 in 200 run5.ndpi,Annotation (germinal_center),0.0554
KI67 1 in 200 run5.ndpi,Annotation (germinal_center),0.0523
KI67 1 in 200 run5.ndpi,Annotation (germinal_center),0.0637
KI67 1 in 200 run5.ndpi,Annotation (germinal_center),0.0608
KI67 1 in 200 run5.ndpi,Annotation (germinal_center),0.0808
KI67 1 in 200 run5.ndpi,Annotation (germinal_center),0.0661
KI67 1 in 200 run5.ndpi,Annotation (germinal_center),0.0534
KI67 1 in 200 run5.ndpi,Annotation (germinal_center),0.0775
KI67 1 in 200 run5.ndpi,Annotation (germinal_center),0.0617
KI67 1 in 200 run5.ndpi,Annotation (germinal_center),0.0639
KI67 1 in 200 run5.ndpi,Annotation (germinal_center),0.0567
KI67 1 in 200 run5.ndpi,Annotation (germinal_center),0.0569
KI67 1 in 200 run5.ndpi,Annotation (germinal_center),0.0437
KI67 1 in 200 run5.ndpi,Annotation (germinal_center),0.0789
KI67 1 in 200 run5.ndpi,Annotation (germinal_center),0.0766
KI67 1 in 200 run5.ndpi,Annotation (germinal_center),0.0528
KI67 1 in 200 run5.ndpi,Annotation (germinal_center),0.0522
KI67 1 in 200 run5.ndpi,Annotation (germinal_center),0.0757
KI67 1 in 200 run5.ndpi,Annotation (germinal_center),0.1055
KI67 1 in 200 run5.ndpi,Annotation (germinal_center),0.1055
KI67 1 in 200 run5.ndpi,Annotation (germinal_center),0.0696
KI67 1 in 200 run5.ndpi,Annotation (germinal_center),0.0728
KI67 1 in 200 run5.ndpi,Annotation (germinal_center),0.0593
KI67 1 in 200 run5.ndpi,Annotation (germinal_center),0.042
KI67 1 in 200 run5.ndpi,Annotation (germinal_center),0.0761
KI67 1 in 200 run5.ndpi,Annotation (germinal_center),0.0707
KI67 1 in 200 run5.ndpi,Annotation (germinal_center),0.047
KI67 1 in 200 run5.ndpi,Annotation (germinal_center),0.0878
KI67 1 in 200 run5.ndpi,Annotation (germinal_center),0.0703
KI67 1 in 200 run5.ndpi,Annotation (germinal_center),0.0635
KI67 1 in 200 run5.ndpi,Annotation (germinal_center),0.0662
KI67 1 in 200 run5.ndpi,Annotation (germinal_center),0.0573
KI67 1 in 200 run5.ndpi,Annotation (germinal_center),0.0467
KI67 1 in 200 run5.ndpi,Annotation (germinal_center),0.0397
KI67 1 in 200 run5.ndpi,Annotation (germinal_center),0.0596
KI67 1 in 200 run5.ndpi,Annotation (germinal_center),0.0581
KI67 1 in 200 run5.ndpi,Annotation (germinal_center),0.0923
KI67 1 in 200 run5.ndpi,Annotation (germinal_center),0.0903
KI67 1 in 200 run5.ndpi,Annotation (germinal_center),0.0551
KI67 1 in 200 run5.ndpi,Annotation (germinal_center),0.0492
KI67 1 in 200 run5.ndpi,Annotation (germinal_center),0.0383
KI67 1 in 200 run5.ndpi,Annotation (germinal_center),0.034
KI67 1 in 200 run5.ndpi,Annotation (germinal_center),0.0628
KI67 1 in 200 run5.ndpi,Annotation (germinal_center),0.0805
KI67 1 in 200 run5.ndpi,Annotation (germinal_center),0.0921
KI67 1 in 200 run5.ndpi,Annotation (germinal_center),0.0546
KI67 1 in 200 run5.ndpi,Annotation (germinal_center),0.0982
KI67 1 in 200 run5.ndpi,Annotation (germinal_center),0.0835
KI67 1 in 200 run5.ndpi,Annotation (germinal_center),0.0506
KI67 1 in 200 run5.ndpi,Annotation (germinal_center),0.0698
KI67 1 in 200 run5.ndpi,Annotation (germinal_center),0.0748
KI67 1 in 200 run5.ndpi,Annotation (germinal_center),0.0768
KI67 1 in 200 run5.ndpi,Annotation (germinal_center),0.0826
KI67 1 in 200 run5.ndpi,Annotation (germinal_center),0.0747
KI67 1 in 200 run5.ndpi,Annotation (germinal_center),0.0493
KI67 1 in 200 run5.ndpi,Annotation (germinal_center),0.1092
KI67 1 in 200 run5.ndpi,Annotation (germinal_center),0.075
KI67 1 in 200 run5.ndpi,Annotation (germinal_center),0.0581
KI67 1 in 200 run5.ndpi,Annotation (germinal_center),0.068
KI67 1 in 200 run5.ndpi,Annotation (germinal_center),0.0672
KI67 1 in 200 run5.ndpi,Annotation (germinal_center),0.056
KI67 1 in 200 run5.ndpi,Annotation (germinal_center),0.0568
KI67 1 in 200 run5.ndpi,Annotation (germinal_center),0.0618
KI67 1 in 200 run5.ndpi,Annotation (germinal_center),0.0672
KI67 1 in 200 run5.ndpi,Annotation (germinal_center),0.0618
KI67 1 in 200 run5.ndpi,Annotation (germinal_center),0.0955
KI67 1 in 200 run5.ndpi,Annotation (germinal_center),0.0504
KI67 1 in 200 run5.ndpi,Annotation (germinal_center),0.0491
KI67 1 in 200 run5.ndpi,Annotation (germinal_center),0.0644
KI67 1 in 200 run5.ndpi,Annotation (germinal_center),0.0558
KI67 1 in 200 run5.ndpi,Annotation (germinal_center),0.0463
KI67 1 in 200 run5.ndpi,Annotation (germinal_center),0.0707
KI67 1 in 200 run5.ndpi,Annotation (germinal_center),0.0763
KI67 1 in 200 run5.ndpi,Annotation (germinal_center),0.0642
KI67 1 in 200 run5.ndpi,Annotation (germinal_center),0.0472
KI67 1 in 200 run5.ndpi,Annotation (germinal_center),0.0649
KI67 1 in 200 run5.ndpi,Annotation (germinal_center),0.0668
KI67 1 in 200 run5.ndpi,Annotation (germinal_center),0.0699
KI67 1 in 200 run5.ndpi,Annotation (germinal_center),0.0703
KI67 1 in 200 run5.ndpi,Annotation (germinal_center),0.0422
KI67 1 in 200 run5.ndpi,Annotation (germinal_center),0.0517
KI67 1 in 200 run5.ndpi,Annotation (germinal_center),0.0706
KI67 1 in 200 run5.ndpi,Annotation (germinal_center),0.0504
KI67 1 in 200 run5.ndpi,Annotation (germinal_center),0.0774
KI67 1 in 200 run5.ndpi,Annotation (germinal_center),0.0716
KI67 1 in 200 run5.ndpi,Annotation (germinal_center),0.0786
KI67 1 in 200 run5.ndpi,Annotation (germinal_center),0.0546
KI67 1 in 200 run5.ndpi,Annotation (germinal_center),0.0396
KI67 1 in 200 run5.ndpi,Annotation (germinal_center),0.0628
KI67 1 in 200 run5.ndpi,Annotation (germinal_center),0.0855
KI67 1 in 200 run5.ndpi,Annotation (germinal_center),0.0755
KI67 1 in 200 run5.ndpi,Annotation (germinal_center),0.0542
KI67 1 in 200 run5.ndpi,Annotation (germinal_center),0.0642
KI67 1 in 200 run5.ndpi,Annotation (germinal_center),0.05
KI67 1 in 200 run5.ndpi,Annotation (germinal_center),0.0897
KI67 1 in 200 run5.ndpi,Annotation (germinal_center),0.0751
KI67 1 in 200 run5.ndpi,Annotation (germinal_center),0.0664
KI67 1 in 200 run5.ndpi,Annotation (germinal_center),0.0427
KI67 1 in 200 run5.ndpi,Annotation (germinal_center),0.0707
KI67 1 in 200 run5.ndpi,Annotation (germinal_center),0.0487
KI67 1 in 200 run5.ndpi,Annotation (germinal_center),0.0919
KI67 1 in 200 run5.ndpi,Annotation (germinal_center),0.0635
KI67 1 in 200 run5.ndpi,Annotation (germinal_center),0.0607
KI67 1 in 200 run5.ndpi,Annotation (germinal_center),0.1038
KI67 1 in 200 run5.ndpi,Annotation (germinal_center),0.0679
KI67 1 in 200 run5.ndpi,Annotation (germinal_center),0.0764
KI67 1 in 200 run5.ndpi,Annotation (germinal_center),0.0655
KI67 1 in 200 run5.ndpi,Annotation (germinal_center),0.0619
KI67 1 in 200 run5.ndpi,Annotation (germinal_center),0.0788
KI67 1 in 200 run5.ndpi,Annotation (germinal_center),0.09
KI67 1 in 200 run5.ndpi,Annotation (germinal_center),0.0547
KI67 1 in 200 run5.ndpi,Annotation (germinal_center),0.0786
KI67 1 in 200 run5.ndpi,Annotation (germinal_center),0.0552
KI67 1 in 200 run5.ndpi,Annotation (germinal_center),0.0723
KI67 1 in 200 run5.ndpi,Annotation (germinal_center),0.0487
KI67 1 in 200 run5.ndpi,Annotation (germinal_center),0.0637
KI67 1 in 200 run5.ndpi,Annotation (germinal_center),0.0614
KI67 1 in 200 run5.ndpi,Annotation (germinal_center),0.0844
KI67 1 in 200 run5.ndpi,Annotation (germinal_center),0.056
KI67 1 in 200 run5.ndpi,Annotation (germinal_center),0.0679
KI67 1 in 200 run5.ndpi,Annotation (germinal_center),0.0585
KI67 1 in 200 run5.ndpi,Annotation (germinal_center),0.1006
KI67 1 in 200 run5.ndpi,Annotation (germinal_center),0.0746
KI67 1 in 200 run5.ndpi,Annotation (germinal_center),0.0451
KI67 1 in 200 run5.ndpi,Annotation (germinal_center),0.0806
KI67 1 in 200 run5.ndpi,Annotation (germinal_center),0.0454
KI67 1 in 200 run5.ndpi,Annotation (germinal_center),0.0631
KI67 1 in 200 run5.ndpi,Annotation (germinal_center),0.071
KI67 1 in 200 run5.ndpi,Annotation (germinal_center),0.0686
KI67 1 in 200 run5.ndpi,Annotation (germinal_center),0.0461
KI67 1 in 200 run5.ndpi,Annotation (germinal_center),0.0386
KI67 1 in 200 run5.ndpi,Annotation (germinal_center),0.0675
KI67 1 in 200 run5.ndpi,Annotation (germinal_center),0.0714
KI67 1 in 200 run5.ndpi,Annotation (germinal_center),0.0677
KI67 1 in 200 run5.ndpi,Annotation (germinal_center),0.0638
KI67 1 in 200 run5.ndpi,Annotation (germinal_center),0.0727
KI67 1 in 200 run5.ndpi,Annotation (germinal_center),0.0332
KI67 1 in 200 run5.ndpi,Annotation (germinal_center),0.075
KI67 1 in 200 run5.ndpi,Annotation (germinal_center),0.0649
KI67 1 in 200 run5.ndpi,Annotation (germinal_center),0.0544
KI67 1 in 200 run5.ndpi,Annotation (germinal_center),0.0607
KI67 1 in 200 run5.ndpi,Annotation (germinal_center),0.068
KI67 1 in 200 run5.ndpi,Annotation (germinal_center),0.0836
KI67 1 in 200 run5.ndpi,Annotation (germinal_center),0.086
KI67 1 in 200 run5.ndpi,Annotation (germinal_center),0.064
KI67 1 in 200 run5.ndpi,Annotation (germinal_center),0.0478
KI67 1 in 200 run5.ndpi,Annotation (germinal_center),0.0589
KI67 1 in 200 run5.ndpi,Annotation (germinal_center),0.0572
KI67 1 in 200 run5.ndpi,Annotation (germinal_center),0.0715
KI67 1 in 200 run5.ndpi,Annotation (germinal_center),0.0451
KI67 1 in 200 run5.ndpi,Annotation (germinal_center),0.0641
KI67 1 in 200 run5.ndpi,Annotation (germinal_center),0.0882
KI67 1 in 200 run5.ndpi,Annotation (germinal_center),0.0647
KI67 1 in 200 run5.ndpi,Annotation (germinal_center),0.0813
KI67 1 in 200 run5.ndpi,Annotation (germinal_center),0.0655
KI67 1 in 200 run5.ndpi,Annotation (germinal_center),0.0796
KI67 1 in 200 run5.ndpi,Annotation (germinal_center),0.0743
KI67 1 in 200 run5.ndpi,Annotation (germinal_center),0.067
KI67 1 in 200 run5.ndpi,Annotation (germinal_center),0.0503
KI67 1 in 200 run5.ndpi,Annotation (germinal_center),0.0528
KI67 1 in 200 run5.ndpi,Annotation (germinal_center),0.0695
KI67 1 in 200 run5.ndpi,Annotation (germinal_center),0.0625
KI67 1 in 200 run5.ndpi,Annotation (germinal_center),0.0419
KI67 1 in 200 run5.ndpi,Annotation (germinal_center),0.0591
KI67 1 in 200 run5.ndpi,Annotation (germinal_center),0.0693
KI67 1 in 200 run5.ndpi,Annotation (germinal_center),0.0855
KI67 1 in 200 run5.ndpi,Annotation (germinal_center),0.1974
KI67 1 in 200 run5.ndpi,Annotation (germinal_center),0.0566
KI67 1 in 200 run5.ndpi,Annotation (germinal_center),0.0579
KI67 1 in 200 run5.ndpi,Annotation (germinal_center),0.0736
KI67 1 in 200 run5.ndpi,Annotation (germinal_center),0.1054
KI67 1 in 200 run5.ndpi,Annotation (germinal_center),0.0472
KI67 1 in 200 run5.ndpi,Annotation (germinal_center),0.0417
KI67 1 in 200 run5.ndpi,Annotation (germinal_center),0.066
KI67 1 in 200 run5.ndpi,Annotation (germinal_center),0.0894
KI67 1 in 200 run5.ndpi,Annotation (germinal_center),0.0382
KI67 1 in 200 run5.ndpi,Annotation (germinal_center),0.0565
KI67 1 in 200 run5.ndpi,Annotation (germinal_center),0.0517
KI67 1 in 200 run5.ndpi,Annotation (germinal_center),0.0475
KI67 1 in 200 run5.ndpi,Annotation (germinal_center),0.0629
KI67 1 in 200 run5.ndpi,Annotation (germinal_center),0.0685
KI67 1 in 200 run5.ndpi,Annotation (germinal_center),0.0655
KI67 1 in 200 run5.ndpi,Annotation (germinal_center),0.042
KI67 1 in 200 run5.ndpi,Annotation (germinal_center),0.0795
KI67 1 in 200 run5.ndpi,Annotation (germinal_center),0.062
KI67 1 in 200 run5.ndpi,Annotation (germinal_center),0.0694
KI67 1 in 200 run5.ndpi,Annotation (germinal_center),0.0519
KI67 1 in 200 run5.ndpi,Annotation (germinal_center),0.0749
KI67 1 in 200 run5.ndpi,Annotation (germinal_center),0.0571
KI67 1 in 200 run5.ndpi,Annotation (germinal_center),0.0443
KI67 1 in 200 run5.ndpi,Annotation (germinal_center),0.0406
KI67 1 in 200 run5.ndpi,Annotation (germinal_center),0.0888
KI67 1 in 200 run5.ndpi,Annotation (germinal_center),0.0417
KI67 1 in 200 run5.ndpi,Annotation (germinal_center),0.0583
KI67 1 in 200 run5.ndpi,Annotation (germinal_center),0.0856
KI67 1 in 200 run5.ndpi,Annotation (germinal_center),0.0445
KI67 1 in 200 run5.ndpi,Annotation (germinal_center),0.1201
KI67 1 in 200 run5.ndpi,Annotation (germinal_center),0.0452
KI67 1 in 200 run5.ndpi,Annotation (germinal_center),0.0328
KI67 1 in 200 run5.ndpi,Annotation (germinal_center),0.0702
KI67 1 in 200 run5.ndpi,Annotation (germinal_center),0.0649
KI67 1 in 200 run5.ndpi,Annotation (germinal_center),0.0599
KI67 1 in 200 run5.ndpi,Annotation (germinal_center),0.0708
KI67 1 in 200 run5.ndpi,Annotation (germinal_center),0.0454
KI67 1 in 200 run5.ndpi,Annotation (germinal_center),0.0683
KI67 1 in 200 run5.ndpi,Annotation (germinal_center),0.0914
KI67 1 in 200 run5.ndpi,Annotation (germinal_center),0.059
KI67 1 in 200 run5.ndpi,Annotation (germinal_center),0.0383
KI67 1 in 200 run5.ndpi,Annotation (germinal_center),0.0697
KI67 1 in 200 run5.ndpi,Annotation (germinal_center),0.0591
KI67 1 in 200 run5.ndpi,Annotation (germinal_center),0.0768
KI67 1 in 200 run5.ndpi,Annotation (germinal_center),0.1027
KI67 1 in 200 run5.ndpi,Annotation (germinal_center),0.0735
KI67 1 in 200 run5.ndpi,Annotation (germinal_center),0.052
KI67 1 in 200 run5.ndpi,Annotation (germinal_center),0.0662
KI67 1 in 200 run5.ndpi,Annotation (germinal_center),0.0558
KI67 1 in 200 run5.ndpi,Annotation (germinal_center),0.066
KI67 1 in 200 run5.ndpi,Annotation (germinal_center),0.0602
KI67 1 in 200 run5.ndpi,Annotation (germinal_center),0.0719
KI67 1 in 200 run5.ndpi,Annotation (germinal_center),0.0389
KI67 1 in 200 run5.ndpi,Annotation (germinal_center),0.0404
KI67 1 in 200 run5.ndpi,Annotation (germinal_center),0.0799
KI67 1 in 200 run5.ndpi,Annotation (germinal_center),0.076
KI67 1 in 200 run5.ndpi,Annotation (germinal_center),0.054
KI67 1 in 200 run5.ndpi,Annotation (germinal_center),0.0598
KI67 1 in 200 run5.ndpi,Annotation (germinal_center),0.0789
KI67 1 in 200 run5.ndpi,Annotation (germinal_center),0.0453
KI67 1 in 200 run5.ndpi,Annotation (germinal_center),0.0666
KI67 1 in 200 run5.ndpi,Annotation (germinal_center),0.0421
KI67 1 in 200 run5.ndpi,Annotation (germinal_center),0.0534
KI67 1 in 200 run5.ndpi,Annotation (germinal_center),0.0856
KI67 1 in 200 run5.ndpi,Annotation (germinal_center),0.0824
KI67 1 in 200 run5.ndpi,Annotation (germinal_center),0.0593
KI67 1 in 200 run5.ndpi,Annotation (germinal_center),0.0491
KI67 1 in 200 run5.ndpi,Annotation (germinal_center),0.0645
KI67 1 in 200 run5.ndpi,Annotation (germinal_center),0.0877
KI67 1 in 200 run5.ndpi,Annotation (germinal_center),0.0514
KI67 1 in 200 run5.ndpi,Annotation (germinal_center),0.0544
KI67 1 in 200 run5.ndpi,Annotation (germinal_center),0.0514
KI67 1 in 200 run5.ndpi,Annotation (germinal_center),0.0486
KI67 1 in 200 run5.ndpi,Annotation (germinal_center),0.0356
KI67 1 in 200 run5.ndpi,Annotation (germinal_center),0.0654
KI67 1 in 200 run5.ndpi,Annotation (germinal_center),0.0407
KI67 1 in 200 run5.ndpi,Annotation (germinal_center),0.0689
KI67 1 in 200 run5.ndpi,Annotation (germinal_center),0.1012
KI67 1 in 200 run5.ndpi,Annotation (germinal_center),0.0444
KI67 1 in 200 run5.ndpi,Annotation (germinal_center),0.0495
KI67 1 in 200 run5.ndpi,Annotation (germinal_center),0.0774
KI67 1 in 200 run5.ndpi,Annotation (germinal_center),0.0679
KI67 1 in 200 run5.ndpi,Annotation (germinal_center),0.075
KI67 1 in 200 run5.ndpi,Annotation (germinal_center),0.0574
KI67 1 in 200 run5.ndpi,Annotation (germinal_center),0.0726
KI67 1 in 200 run5.ndpi,Annotation (germinal_center),0.0972
KI67 1 in 200 run5.ndpi,Annotation (germinal_center),0.0536
KI67 1 in 200 run5.ndpi,Annotation (germinal_center),0.0815
KI67 1 in 200 run5.ndpi,Annotation (germinal_center),0.0287
KI67 1 in 200 run5.ndpi,Annotation (germinal_center),0.1206
KI67 1 in 200 run5.ndpi,Annotation (germinal_center),0.0762
KI67 1 in 200 run5.ndpi,Annotation (germinal_center),0.0614
KI67 1 in 200 run5.ndpi,Annotation (germinal_center),0.0612
KI67 1 in 200 run5.ndpi,Annotation (germinal_center),0.0428
KI67 1 in 200 run5.ndpi,Annotation (germinal_center),0.0725
KI67 1 in 200 run5.ndpi,Annotation (germinal_center),0.0434
KI67 1 in 200 run5.ndpi,Annotation (germinal_center),0.0606
KI67 1 in 200 run5.ndpi,Annotation (germinal_center),0.0705
KI67 1 in 200 run5.ndpi,Annotation (germinal_center),0.0664
KI67 1 in 200 run5.ndpi,Annotation (germinal_center),0.0643
KI67 1 in 200 run5.ndpi,Annotation (germinal_center),0.055
KI67 1 in 200 run5.ndpi,Annotation (germinal_center),0.0831
KI67 1 in 200 run5.ndpi,Annotation (germinal_center),0.0994
KI67 1 in 200 run5.ndpi,Annotation (germinal_center),0.0582
KI67 1 in 200 run5.ndpi,Annotation (germinal_center),0.0377
KI67 1 in 200 run5.ndpi,Annotation (germinal_center),0.068
KI67 1 in 200 run5.ndpi,Annotation (germinal_center),0.0827
KI67 1 in 200 run5.ndpi,Annotation (germinal_center),0.064
KI67 1 in 200 run5.ndpi,Annotation (germinal_center),0.0613
KI67 1 in 200 run5.ndpi,Annotation (germinal_center),0.0625
KI67 1 in 200 run5.ndpi,Annotation (germinal_center),0.0429
KI67 1 in 200 run5.ndpi,Annotation (germinal_center),0.0328
KI67 1 in 200 run5.ndpi,Annotation (germinal_center),0.122
KI67 1 in 200 run5.ndpi,Annotation (germinal_center),0.0541
KI67 1 in 200 run5.ndpi,Annotation (germinal_center),0.0648
KI67 1 in 200 run5.ndpi,Annotation (germinal_center),0.0549
KI67 1 in 200 run5.ndpi,Annotation (germinal_center),0.0476
KI67 1 in 200 run5.ndpi,Annotation (germinal_center),0.1249
KI67 1 in 200 run5.ndpi,Annotation (germinal_center),0.0993
KI67 1 in 200 run5.ndpi,Annotation (germinal_center),0.0576
KI67 1 in 200 run5.ndpi,Annotation (germinal_center),0.0494
KI67 1 in 200 run5.ndpi,Annotation (germinal_center),0.0491
KI67 1 in 200 run5.ndpi,Annotation (germinal_center),0.0401
KI67 1 in 200 run5.ndpi,Annotation (germinal_center),0.0709
KI67 1 in 200 run5.ndpi,Annotation (germinal_center),0.1164
KI67 1 in 200 run5.ndpi,Annotation (germinal_center),0.0494
KI67 1 in 200 run5.ndpi,Annotation (germinal_center),0.0626
KI67 1 in 200 run5.ndpi,Annotation (germinal_center),0.0595
KI67 1 in 200 run5.ndpi,Annotation (germinal_center),0.0615
KI67 1 in 200 run5.ndpi,Annotation (germinal_center),0.0726
KI67 1 in 200 run5.ndpi,Annotation (germinal_center),0.0621
KI67 1 in 200 run5.ndpi,Annotation (germinal_center),0.0731
KI67 1 in 200 run5.ndpi,Annotation (germinal_center),0.0531
KI67 1 in 200 run5.ndpi,Annotation (germinal_center),0.105
KI67 1 in 200 run5.ndpi,Annotation (germinal_center),0.0443
KI67 1 in 200 run5.ndpi,Annotation (germinal_center),0.0733
KI67 1 in 200 run5.ndpi,Annotation (germinal_center),0.0727
KI67 1 in 200 run5.ndpi,Annotation (germinal_center),0.0492
KI67 1 in 200 run5.ndpi,Annotation (germinal_center),0.0633
KI67 1 in 200 run5.ndpi,Annotation (germinal_center),0.0468
KI67 1 in 200 run5.ndpi,Annotation (germinal_center),0.0548
KI67 1 in 200 run5.ndpi,Annotation (germinal_center),0.0476
KI67 1 in 200 run5.ndpi,Annotation (germinal_center),0.0649
KI67 1 in 200 run5.ndpi,Annotation (germinal_center),0.0933
KI67 1 in 200 run5.ndpi,Annotation (germinal_center),0.1036
KI67 1 in 200 run5.ndpi,Annotation (germinal_center),0.0395
KI67 1 in 200 run5.ndpi,Annotation (germinal_center),0.0715
KI67 1 in 200 run5.ndpi,Annotation (germinal_center),0.0747
KI67 1 in 200 run5.ndpi,Annotation (germinal_center),0.062
KI67 1 in 200 run5.ndpi,Annotation (germinal_center),0.0766
KI67 1 in 200 run5.ndpi,Annotation (germinal_center),0.0526
KI67 1 in 200 run5.ndpi,Annotation (germinal_center),0.0447
KI67 1 in 200 run5.ndpi,Annotation (germinal_center),0.043
KI67 1 in 200 run5.ndpi,Annotation (germinal_center),0.036
KI67 1 in 200 run5.ndpi,Annotation (germinal_center),0.0749
KI67 1 in 200 run5.ndpi,Annotation (germinal_center),0.0518
KI67 1 in 200 run5.ndpi,Annotation (germinal_center),0.0669
KI67 1 in 200 run5.ndpi,Annotation (germinal_center),0.0733
KI67 1 in 200 run5.ndpi,Annotation (germinal_center),0.0414
KI67 1 in 200 run5.ndpi,Annotation (germinal_center),0.0481
KI67 1 in 200 run5.ndpi,Annotation (germinal_center),0.0501
KI67 1 in 200 run5.ndpi,Annotation (germinal_center),0.0539
KI67 1 in 200 run5.ndpi,Annotation (germinal_center),0.0764
KI67 1 in 200 run5.ndpi,Annotation (germinal_center),0.0771
KI67 1 in 200 run5.ndpi,Annotation (germinal_center),0.0482
KI67 1 in 200 run5.ndpi,Annotation (germinal_center),0.0392
KI67 1 in 200 run5.ndpi,Annotation (germinal_center),0.0511
KI67 1 in 200 run5.ndpi,Annotation (germinal_center),0.0429
KI67 1 in 200 run5.ndpi,Annotation (germinal_center),0.0458
KI67 1 in 200 run5.ndpi,Annotation (germinal_center),0.0436
KI67 1 in 200 run5.ndpi,Annotation (germinal_center),0.0984
KI67 1 in 200 run5.ndpi,Annotation (germinal_center),0.0652
KI67 1 in 200 run5.ndpi,Annotation (germinal_center),0.055
KI67 1 in 200 run5.ndpi,Annotation (germinal_center),0.0353
KI67 1 in 200 run5.ndpi,Annotation (germinal_center),0.084
KI67 1 in 200 run5.ndpi,Annotation (germinal_center),0.1035
KI67 1 in 200 run5.ndpi,Annotation (germinal_center),0.0455
KI67 1 in 200 run5.ndpi,Annotation (germinal_center),0.0581
KI67 1 in 200 run5.ndpi,Annotation (germinal_center),0.048
KI67 1 in 200 run5.ndpi,Annotation (germinal_center),0.0626
KI67 1 in 200 run5.ndpi,Annotation (germinal_center),0.046
KI67 1 in 200 run5.ndpi,Annotation (germinal_center),0.0525
KI67 1 in 200 run5.ndpi,Annotation (germinal_center),0.0621
KI67 1 in 200 run5.ndpi,Annotation (germinal_center),0.0327
KI67 1 in 200 run5.ndpi,Annotation (germinal_center),0.0879
KI67 1 in 200 run5.ndpi,Annotation (germinal_center),0.0825
KI67 1 in 200 run5.ndpi,Annotation (germinal_center),0.0462
KI67 1 in 200 run5.ndpi,Annotation (germinal_center),0.1029
KI67 1 in 200 run5.ndpi,Annotation (germinal_center),0.05
KI67 1 in 200 run5.ndpi,Annotation (germinal_center),0.0419
KI67 1 in 200 run5.ndpi,Annotation (germinal_center),0.0433
KI67 1 in 200 run5.ndpi,Annotation (germinal_center),0.0741
KI67 1 in 200 run5.ndpi,Annotation (germinal_center),0.0427
KI67 1 in 200 run5.ndpi,Annotation (germinal_center),0.0442
KI67 1 in 200 run5.ndpi,Annotation (germinal_center),0.0616
KI67 1 in 200 run5.ndpi,Annotation (germinal_center),0.0453
KI67 1 in 200 run5.ndpi,Annotation (germinal_center),0.0604
KI67 1 in 200 run5.ndpi,Annotation (germinal_center),0.0567
KI67 1 in 200 run5.ndpi,Annotation (germinal_center),0.0722
KI67 1 in 200 run5.ndpi,Annotation (germinal_center),0.0594
KI67 1 in 200 run5.ndpi,Annotation (germinal_center),0.1162
KI67 1 in 200 run5.ndpi,Annotation (germinal_center),0.0755
KI67 1 in 200 run5.ndpi,Annotation (germinal_center),0.0567
KI67 1 in 200 run5.ndpi,Annotation (germinal_center),0.0476
KI67 1 in 200 run5.ndpi,Annotation (germinal_center),0.0782
KI67 1 in 200 run5.ndpi,Annotation (germinal_center),0.0696
KI67 1 in 200 run5.ndpi,Annotation (germinal_center),0.2125
KI67 1 in 200 run5.ndpi,Annotation (germinal_center),0.0398
KI67 1 in 200 run5.ndpi,Annotation (germinal_center),0.0431
KI67 1 in 200 run5.ndpi,Annotation (germinal_center),0.0554
KI67 1 in 200 run5.ndpi,Annotation (germinal_center),0.0754
KI67 1 in 200 run5.ndpi,Annotation (germinal_center),0.0448
KI67 1 in 200 run5.ndpi,Annotation (germinal_center),0.0525
KI67 1 in 200 run5.ndpi,Annotation (germinal_center),0.0646
KI67 1 in 200 run5.ndpi,Annotation (germinal_center),0.0624
KI67 1 in 200 run5.ndpi,Annotation (germinal_center),0.0623
KI67 1 in 200 run5.ndpi,Annotation (germinal_center),0.0545
KI67 1 in 200 run5.ndpi,Annotation (germinal_center),0.0639
KI67 1 in 200 run5.ndpi,Annotation (germinal_center),0.0541
KI67 1 in 200 run5.ndpi,Annotation (germinal_center),0.0565
KI67 1 in 200 run5.ndpi,Annotation (germinal_center),0.0712
KI67 1 in 200 run5.ndpi,Annotation (germinal_center),0.0519
KI67 1 in 200 run5.ndpi,Annotation (germinal_center),0.0383
KI67 1 in 200 run5.ndpi,Annotation (germinal_center),0.0751
KI67 1 in 200 run5.ndpi,Annotation (germinal_center),0.1588
KI67 1 in 200 run5.ndpi,Annotation (germinal_center),0.0752
KI67 1 in 200 run5.ndpi,Annotation (germinal_center),0.0779
KI67 1 in 200 run5.ndpi,Annotation (germinal_center),0.0909
KI67 1 in 200 run5.ndpi,Annotation (germinal_center),0.0461
KI67 1 in 200 run5.ndpi,Annotation (germinal_center),0.0476
KI67 1 in 200 run5.ndpi,Annotation (germinal_center),0.0592
KI67 1 in 200 run5.ndpi,Annotation (germinal_center),0.0431
KI67 1 in 200 run5.ndpi,Annotation (germinal_center),0.08
KI67 1 in 200 run5.ndpi,Annotation (germinal_center),0.044
KI67 1 in 200 run5.ndpi,Annotation (germinal_center),0.05
KI67 1 in 200 run5.ndpi,Annotation (germinal_center),0.1036
KI67 1 in 200 run5.ndpi,Annotation (germinal_center),0.1164
KI67 1 in 200 run5.ndpi,Annotation (germinal_center),0.0882
KI67 1 in 200 run5.ndpi,Annotation (germinal_center),0.0564
KI67 1 in 200 run5.ndpi,Annotation (germinal_center),0.0623
KI67 1 in 200 run5.ndpi,Annotation (germinal_center),0.0637
KI67 1 in 200 run5.ndpi,Annotation (germinal_center),0.0359
KI67 1 in 200 run5.ndpi,Annotation (germinal_center),0.0821
KI67 1 in 200 run5.ndpi,Annotation (germinal_center),0.0641
KI67 1 in 200 run5.ndpi,Annotation (germinal_center),0.0465
KI67 1 in 200 run5.ndpi,Annotation (germinal_center),0.0454
KI67 1 in 200 run5.ndpi,Annotation (germinal_center),0.0581
KI67 1 in 200 run5.ndpi,Annotation (germinal_center),0.0585
KI67 1 in 200 run5.ndpi,Annotation (germinal_center),0.0361
KI67 1 in 200 run5.ndpi,Annotation (germinal_center),0.0526
KI67 1 in 200 run5.ndpi,Annotation (germinal_center),0.0556
KI67 1 in 200 run5.ndpi,Annotation (germinal_center),0.0792
KI67 1 in 200 run5.ndpi,Annotation (germinal_center),0.0497
KI67 1 in 200 run5.ndpi,Annotation (germinal_center),0.0319
KI67 1 in 200 run5.ndpi,Annotation (germinal_center),0.0731
KI67 1 in 200 run5.ndpi,Annotation (germinal_center),0.0383
KI67 1 in 200 run5.ndpi,Annotation (germinal_center),0.0686
KI67 1 in 200 run5.ndpi,Annotation (germinal_center),0.0563
KI67 1 in 200 run5.ndpi,Annotation (germinal_center),0.0936
KI67 1 in 200 run5.ndpi,Annotation (germinal_center),0.0901
KI67 1 in 200 run5.ndpi,Annotation (germinal_center),0.0643
KI67 1 in 200 run5.ndpi,Annotation (germinal_center),0.0888
KI67 1 in 200 run5.ndpi,Annotation (germinal_center),0.0407
KI67 1 in 200 run5.ndpi,Annotation (germinal_center),0.0324
KI67 1 in 200 run5.ndpi,Annotation (germinal_center),0.078
KI67 1 in 200 run5.ndpi,Annotation (germinal_center),0.0416
KI67 1 in 200 run5.ndpi,Annotation (germinal_center),0.0403
KI67 1 in 200 run5.ndpi,Annotation (germinal_center),0.1007
KI67 1 in 200 run5.ndpi,Annotation (germinal_center),0.0702
KI67 1 in 200 run5.ndpi,Annotation (germinal_center),0.0658
KI67 1 in 200 run5.ndpi,Annotation (germinal_center),0.0893
KI67 1 in 200 run5.ndpi,Annotation (germinal_center),0.0473
KI67 1 in 200 run5.ndpi,Annotation (germinal_center),0.0616
KI67 1 in 200 run5.ndpi,Annotation (germinal_center),0.0431
KI67 1 in 200 run5.ndpi,Annotation (germinal_center),0.0704
KI67 1 in 200 run5.ndpi,Annotation (germinal_center),0.0449
KI67 1 in 200 run5.ndpi,Annotation (germinal_center),0.0837
KI67 1 in 200 run5.ndpi,Annotation (germinal_center),0.0708
KI67 1 in 200 run5.ndpi,Annotation (germinal_center),0.0663
KI67 1 in 200 run5.ndpi,Annotation (germinal_center),0.0511
KI67 1 in 200 run5.ndpi,Annotation (germinal_center),0.0785
KI67 1 in 200 run5.ndpi,Annotation (germinal_center),0.08
KI67 1 in 200 run5.ndpi,Annotation (germinal_center),0.0455
KI67 1 in 200 run5.ndpi,Annotation (germinal_center),0.0531
KI67 1 in 200 run5.ndpi,Annotation (germinal_center),0.0316
KI67 1 in 200 run5.ndpi,Annotation (germinal_center),0.0741
KI67 1 in 200 run5.ndpi,Annotation (germinal_center),0.0593
KI67 1 in 200 run5.ndpi,Annotation (germinal_center),0.0445
KI67 1 in 200 run5.ndpi,Annotation (germinal_center),0.0424
KI67 1 in 200 run5.ndpi,Annotation (germinal_center),0.0735
KI67 1 in 200 run5.ndpi,Annotation (germinal_center),0.1005
KI67 1 in 200 run5.ndpi,Annotation (germinal_center),0.0631
KI67 1 in 200 run5.ndpi,Annotation (germinal_center),0.0528
KI67 1 in 200 run5.ndpi,Annotation (germinal_center),0.0489
KI67 1 in 200 run5.ndpi,Annotation (germinal_center),0.062
KI67 1 in 200 run5.ndpi,Annotation (germinal_center),0.0492
KI67 1 in 200 run5.ndpi,Annotation (germinal_center),0.0561
KI67 1 in 200 run5.ndpi,Annotation (germinal_center),0.0371
KI67 1 in 200 run5.ndpi,Annotation (germinal_center),0.0723
KI67 1 in 200 run5.ndpi,Annotation (germinal_center),0.0554
KI67 1 in 200 run5.ndpi,Annotation (germinal_center),0.0484
KI67 1 in 200 run5.ndpi,Annotation (germinal_center),0.0575
KI67 1 in 200 run5.ndpi,Annotation (germinal_center),0.0674
KI67 1 in 200 run5.ndpi,Annotation (germinal_center),0.0783
KI67 1 in 200 run5.ndpi,Annotation (germinal_center),0.0387
KI67 1 in 200 run5.ndpi,Annotation (germinal_center),0.0728
KI67 1 in 200 run5.ndpi,Annotation (germinal_center),0.0914
KI67 1 in 200 run5.ndpi,Annotation (germinal_center),0.1593
KI67 1 in 200 run5.ndpi,Annotation (germinal_center),0.0504
KI67 1 in 200 run5.ndpi,Annotation (germinal_center),0.0494
KI67 1 in 200 run5.ndpi,Annotation (germinal_center),0.0813
KI67 1 in 200 run5.ndpi,Annotation (germinal_center),0.0576
KI67 1 in 200 run5.ndpi,Annotation (germinal_center),0.0904
KI67 1 in 200 run5.ndpi,Annotation (germinal_center),0.0476
KI67 1 in 200 run5.ndpi,Annotation (germinal_center),0.046
KI67 1 in 200 run5.ndpi,Annotation (germinal_center),0.0356
KI67 1 in 200 run5.ndpi,Annotation (germinal_center),0.0416
KI67 1 in 200 run5.ndpi,Annotation (germinal_center),0.0573
KI67 1 in 200 run5.ndpi,Annotation (germinal_center),0.0602
KI67 1 in 200 run5.ndpi,Annotation (germinal_center),0.0488
KI67 1 in 200 run5.ndpi,Annotation (germinal_center),0.0468
KI67 1 in 200 run5.ndpi,Annotation (germinal_center),0.0649
KI67 1 in 200 run5.ndpi,Annotation (germinal_center),0.0551
KI67 1 in 200 run5.ndpi,Annotation (germinal_center),0.0441
KI67 1 in 200 run5.ndpi,Annotation (germinal_center),0.0352
KI67 1 in 200 run5.ndpi,Annotation (germinal_center),0.0572
KI67 1 in 200 run5.ndpi,Annotation (germinal_center),0.0716
KI67 1 in 200 run5.ndpi,Annotation (germinal_center),0.0498
KI67 1 in 200 run5.ndpi,Annotation (germinal_center),0.0859
KI67 1 in 200 run5.ndpi,Annotation (germinal_center),0.1248
KI67 1 in 200 run5.ndpi,Annotation (germinal_center),0.0971
KI67 1 in 200 run5.ndpi,Annotation (germinal_center),0.0509
KI67 1 in 200 run5.ndpi,Annotation (germinal_center),0.0995
KI67 1 in 200 run5.ndpi,Annotation (germinal_center),0.0503
KI67 1 in 200 run5.ndpi,Annotation (germinal_center),0.045
KI67 1 in 200 run5.ndpi,Annotation (germinal_center),0.0473
KI67 1 in 200 run5.ndpi,Annotation (germinal_center),0.0528
KI67 1 in 200 run5.ndpi,Annotation (germinal_center),0.0989
KI67 1 in 200 run5.ndpi,Annotation (germinal_center),0.0893
KI67 1 in 200 run5.ndpi,Annotation (germinal_center),0.051
KI67 1 in 200 run5.ndpi,Annotation (germinal_center),0.0518
KI67 1 in 200 run5.ndpi,Annotation (germinal_center),0.0597
KI67 1 in 200 run5.ndpi,Annotation (germinal_center),0.0692
KI67 1 in 200 run5.ndpi,Annotation (germinal_center),0.0508
KI67 1 in 200 run5.ndpi,Annotation (germinal_center),0.047
KI67 1 in 200 run5.ndpi,Annotation (germinal_center),0.0439
KI67 1 in 200 run5.ndpi,Annotation (germinal_center),0.0915
KI67 1 in 200 run5.ndpi,Annotation (germinal_center),0.1037
KI67 1 in 200 run5.ndpi,Annotation (germinal_center),0.0958
KI67 1 in 200 run5.ndpi,Annotation (germinal_center),0.1026
KI67 1 in 200 run5.ndpi,Annotation (germinal_center),0.0531
KI67 1 in 200 run5.ndpi,Annotation (germinal_center),0.0829
KI67 1 in 200 run5.ndpi,Annotation (germinal_center),0.0467
KI67 1 in 200 run5.ndpi,Annotation (germinal_center),0.0529
KI67 1 in 200 run5.ndpi,Annotation (germinal_center),0.0785
KI67 1 in 200 run5.ndpi,Annotation (germinal_center),0.0537
KI67 1 in 200 run5.ndpi,Annotation (germinal_center),0.0587
KI67 1 in 200 run5.ndpi,Annotation (germinal_center),0.0474
KI67 1 in 200 run5.ndpi,Annotation (germinal_center),0.1191
KI67 1 in 200 run5.ndpi,Annotation (germinal_center),0.0585
KI67 1 in 200 run5.ndpi,Annotation (germinal_center),0.0396
KI67 1 in 200 run5.ndpi,Annotation (germinal_center),0.0799
KI67 1 in 200 run5.ndpi,Annotation (germinal_center),0.1073
KI67 1 in 200 run5.ndpi,Annotation (germinal_center),0.0425
KI67 1 in 200 run5.ndpi,Annotation (germinal_center),0.0373
KI67 1 in 200 run5.ndpi,Annotation (germinal_center),0.0522
KI67 1 in 200 run5.ndpi,Annotation (germinal_center),0.0546
KI67 1 in 200 run5.ndpi,Annotation (germinal_center),0.0522
KI67 1 in 200 run5.ndpi,Annotation (germinal_center),0.108
KI67 1 in 200 run5.ndpi,Annotation (germinal_center),0.0957
KI67 1 in 200 run5.ndpi,Annotation (germinal_center),0.0537
KI67 1 in 200 run5.ndpi,Annotation (germinal_center),0.0884
KI67 1 in 200 run5.ndpi,Annotation (germinal_center),0.0484
KI67 1 in 200 run5.ndpi,Annotation (germinal_center),0.058
KI67 1 in 200 run5.ndpi,Annotation (germinal_center),0.1316
KI67 1 in 200 run5.ndpi,Annotation (germinal_center),0.0567
KI67 1 in 200 run5.ndpi,Annotation (germinal_center),0.0814
KI67 1 in 200 run5.ndpi,Annotation (germinal_center),0.0427
KI67 1 in 200 run5.ndpi,Annotation (germinal_center),0.0546
KI67 1 in 200 run5.ndpi,Annotation (germinal_center),0.0617
KI67 1 in 200 run5.ndpi,Annotation (germinal_center),0.0947
KI67 1 in 200 run5.ndpi,Annotation (germinal_center),0.0594
KI67 1 in 200 run5.ndpi,Annotation (germinal_center),0.4943
KI67 1 in 200 run5.ndpi,Annotation (germinal_center),0.0409
KI67 1 in 200 run5.ndpi,Annotation (germinal_center),0.0456
KI67 1 in 200 run5.ndpi,Annotation (germinal_center),0.0831
KI67 1 in 200 run5.ndpi,Annotation (germinal_center),0.0716
KI67 1 in 200 run5.ndpi,Annotation (germinal_center),0.1133
KI67 1 in 200 run5.ndpi,Annotation (germinal_center),0.048
KI67 1 in 200 run5.ndpi,Annotation (germinal_center),0.0629
KI67 1 in 200 run5.ndpi,Annotation (germinal_center),0.0681
KI67 1 in 200 run5.ndpi,Annotation (germinal_center),0.0811
KI67 1 in 200 run5.ndpi,Annotation (germinal_center),0.0546
KI67 1 in 200 run5.ndpi,Annotation (germinal_center),0.0393
KI67 1 in 200 run5.ndpi,Annotation (germinal_center),0.0475
KI67 1 in 200 run5.ndpi,Annotation (germinal_center),0.0459
KI67 1 in 200 run5.ndpi,Annotation (germinal_center),0.0618
KI67 1 in 200 run5.ndpi,Annotation (germinal_center),0.0614
KI67 1 in 200 run5.ndpi,Annotation (germinal_center),0.0882
KI67 1 in 200 run5.ndpi,Annotation (germinal_center),0.0931
KI67 1 in 200 run5.ndpi,Annotation (germinal_center),0.0526
KI67 1 in 200 run5.ndpi,Annotation (germinal_center),0.079
KI67 1 in 200 run5.ndpi,Annotation (germinal_center),0.0434
KI67 1 in 200 run5.ndpi,Annotation (germinal_center),0.069
KI67 1 in 200 run5.ndpi,Annotation (germinal_center),0.0686
KI67 1 in 200 run5.ndpi,Annotation (germinal_center),0.0541
KI67 1 in 200 run5.ndpi,Annotation (germinal_center),0.0688
KI67 1 in 200 run5.ndpi,Annotation (germinal_center),0.0322
KI67 1 in 200 run5.ndpi,Annotation (germinal_center),0.0833
KI67 1 in 200 run5.ndpi,Annotation (germinal_center),0.0508
KI67 1 in 200 run5.ndpi,Annotation (germinal_center),0.0471
KI67 1 in 200 run5.ndpi,Annotation (germinal_center),0.0698
KI67 1 in 200 run5.ndpi,Annotation (germinal_center),0.0484
KI67 1 in 200 run5.ndpi,Annotation (germinal_center),0.0561
KI67 1 in 200 run5.ndpi,Annotation (germinal_center),0.092
KI67 1 in 200 run5.ndpi,Annotation (germinal_center),0.0538
KI67 1 in 200 run5.ndpi,Annotation (germinal_center),0.0689
KI67 1 in 200 run5.ndpi,Annotation (germinal_center),0.0789
KI67 1 in 200 run5.ndpi,Annotation (germinal_center),0.0513
KI67 1 in 200 run5.ndpi,Annotation (germinal_center),0.0904
KI67 1 in 200 run5.ndpi,Annotation (germinal_center),0.0507
KI67 1 in 200 run5.ndpi,Annotation (germinal_center),0.0595
KI67 1 in 200 run5.ndpi,Annotation (germinal_center),0.049
KI67 1 in 200 run5.ndpi,Annotation (germinal_center),0.058
KI67 1 in 200 run5.ndpi,Annotation (germinal_center),0.0454
KI67 1 in 200 run5.ndpi,Annotation (germinal_center),0.0693
KI67 1 in 200 run5.ndpi,Annotation (germinal_center),0.4075
KI67 1 in 200 run5.ndpi,Annotation (germinal_center),0.0823
KI67 1 in 200 run5.ndpi,Annotation (germinal_center),0.0635
KI67 1 in 200 run5.ndpi,Annotation (germinal_center),0.0455
KI67 1 in 200 run5.ndpi,Annotation (germinal_center),0.0462
KI67 1 in 200 run5.ndpi,Annotation (germinal_center),0.0884
KI67 1 in 200 run5.ndpi,Annotation (germinal_center),0.1214
KI67 1 in 200 run5.ndpi,Annotation (germinal_center),0.0612
KI67 1 in 200 run5.ndpi,Annotation (germinal_center),0.0502
KI67 1 in 200 run5.ndpi,Annotation (germinal_center),0.0573
KI67 1 in 200 run5.ndpi,Annotation (germinal_center),0.0455
KI67 1 in 200 run5.ndpi,Annotation (germinal_center),0.0782
KI67 1 in 200 run5.ndpi,Annotation (germinal_center),0.045
KI67 1 in 200 run5.ndpi,Annotation (germinal_center),0.1129
KI67 1 in 200 run5.ndpi,Annotation (germinal_center),0.0989
KI67 1 in 200 run5.ndpi,Annotation (germinal_center),0.0561
KI67 1 in 200 run5.ndpi,Annotation (germinal_center),0.0539
KI67 1 in 200 run5.ndpi,Annotation (germinal_center),0.0855
KI67 1 in 200 run5.ndpi,Annotation (germinal_center),0.0695
KI67 1 in 200 run5.ndpi,Annotation (germinal_center),0.1374
KI67 1 in 200 run5.ndpi,Annotation (germinal_center),0.0478
KI67 1 in 200 run5.ndpi,Annotation (germinal_center),0.0447
KI67 1 in 200 run5.ndpi,Annotation (germinal_center),0.0635
KI67 1 in 200 run5.ndpi,Annotation (germinal_center),0.0573
KI67 1 in 200 run5.ndpi,Annotation (germinal_center),0.0526
KI67 1 in 200 run5.ndpi,Annotation (germinal_center),0.0898
KI67 1 in 200 run5.ndpi,Annotation (germinal_center),0.0422
KI67 1 in 200 run5.ndpi,Annotation (germinal_center),0.0482
KI67 1 in 200 run5.ndpi,Annotation (germinal_center),0.0605
KI67 1 in 200 run5.ndpi,Annotation (germinal_center),0.048
KI67 1 in 200 run5.ndpi,Annotation (germinal_center),0.0766
KI67 1 in 200 run5.ndpi,Annotation (germinal_center),0.098
KI67 1 in 200 run5.ndpi,Annotation (germinal_center),0.0732
KI67 1 in 200 run5.ndpi,Annotation (germinal_center),0.0662
KI67 1 in 200 run5.ndpi,Annotation (germinal_center),0.0621
KI67 1 in 200 run5.ndpi,Annotation (germinal_center),0.0956
KI67 1 in 200 run5.ndpi,Annotation (germinal_center),0.0959
KI67 1 in 200 run5.ndpi,Annotation (germinal_center),0.058
KI67 1 in 200 run5.ndpi,Annotation (germinal_center),0.1008
KI67 1 in 200 run5.ndpi,Annotation (germinal_center),0.0593
KI67 1 in 200 run5.ndpi,Annotation (germinal_center),0.0824
KI67 1 in 200 run5.ndpi,Annotation (germinal_center),0.0593
KI67 1 in 200 run5.ndpi,Annotation (germinal_center),0.0686
KI67 1 in 200 run5.ndpi,Annotation (germinal_center),0.1526
KI67 1 in 200 run5.ndpi,Annotation (germinal_center),0.0389
KI67 1 in 200 run5.ndpi,Annotation (germinal_center),0.1308
KI67 1 in 200 run5.ndpi,Annotation (germinal_center),0.0722
KI67 1 in 200 run5.ndpi,Annotation (germinal_center),0.0982
KI67 1 in 200 run5.ndpi,Annotation (germinal_center),0.0846
KI67 1 in 200 run5.ndpi,Annotation (germinal_center),0.1055
KI67 1 in 200 run5.ndpi,Annotation (germinal_center),0.072
KI67 1 in 200 run5.ndpi,Annotation (germinal_center),0.0391
KI67 1 in 200 run5.ndpi,Annotation (germinal_center),0.0821
KI67 1 in 200 run5.ndpi,Annotation (germinal_center),0.0773
KI67 1 in 200 run5.ndpi,Annotation (germinal_center),0.0751
KI67 1 in 200 run5.ndpi,Annotation (germinal_center),0.0771
KI67 1 in 200 run5.ndpi,Annotation (germinal_center),0.0683
KI67 1 in 200 run5.ndpi,Annotation (germinal_center),0.0583
KI67 1 in 200 run5.ndpi,Annotation (germinal_center),0.082
KI67 1 in 200 run5.ndpi,Annotation (germinal_center),0.0891
KI67 1 in 200 run5.ndpi,Annotation (germinal_center),0.0918
KI67 1 in 200 run5.ndpi,Annotation (germinal_center),0.0775
KI67 1 in 200 run5.ndpi,Annotation (germinal_center),0.0586
KI67 1 in 200 run5.ndpi,Annotation (germinal_center),0.0778
KI67 1 in 200 run5.ndpi,Annotation (germinal_center),0.0637
KI67 1 in 200 run5.ndpi,Annotation (germinal_center),0.0848
KI67 1 in 200 run5.ndpi,Annotation (germinal_center),0.0719
KI67 1 in 200 run5.ndpi,Annotation (germinal_center),0.0762
KI67 1 in 200 run5.ndpi,Annotation (germinal_center),0.0722
KI67 1 in 200 run5.ndpi,Annotation (germinal_center),0.085
KI67 1 in 200 run5.ndpi,Annotation (germinal_center),0.0611
KI67 1 in 200 run5.ndpi,Annotation (germinal_center),
KI67 1 in 200 run5.ndpi,Annotation (germinal_center),0.0814
KI67 1 in 200 run5.ndpi,Annotation (germinal_center),0.2197
KI67 1 in 200 run5.ndpi,Annotation (germinal_center),0.08
KI67 1 in 200 run5.ndpi,Annotation (germinal_center),0.0758
KI67 1 in 200 run5.ndpi,Annotation (germinal_center),0.0582
KI67 1 in 200 run5.ndpi,Annotation (germinal_center),0.0827
KI67 1 in 200 run5.ndpi,Annotation (germinal_center),0.0765
KI67 1 in 200 run5.ndpi,Annotation (germinal_center),0.0724
KI67 1 in 200 run5.ndpi,Annotation (germinal_center),0.092
KI67 1 in 200 run5.ndpi,Annotation (germinal_center),0.0631
KI67 1 in 200 run5.ndpi,Annotation (germinal_center),0.0786
KI67 1 in 200 run5.ndpi,Annotation (germinal_center),0.073
KI67 1 in 200 run5.ndpi,Annotation (germinal_center),0.0682
KI67 1 in 200 run5.ndpi,Annotation (germinal_center),0.0974
KI67 1 in 200 run5.ndpi,Annotation (germinal_center),0.0532
KI67 1 in 200 run5.ndpi,Annotation (germinal_center),0.0771
KI67 1 in 200 run5.ndpi,Annotation (germinal_center),0.069
KI67 1 in 200 run5.ndpi,Annotation (germinal_center),0.0762
KI67 1 in 200 run5.ndpi,Annotation (germinal_center),0.0911
KI67 1 in 200 run5.ndpi,Annotation (germinal_center),0.0859
KI67 1 in 200 run5.ndpi,Annotation (germinal_center),0.0597
KI67 1 in 200 run5.ndpi,Annotation (germinal_center),0.0667
KI67 1 in 200 run5.ndpi,Annotation (germinal_center),0.0701
KI67 1 in 200 run5.ndpi,Annotation (germinal_center),0.0572
KI67 1 in 200 run5.ndpi,Annotation (germinal_center),0.1466
KI67 1 in 200 run5.ndpi,Annotation (germinal_center),0.0671
KI67 1 in 200 run5.ndpi,Annotation (germinal_center),0.0681
KI67 1 in 200 run5.ndpi,Annotation (germinal_center),0.0658
KI67 1 in 200 run5.ndpi,Annotation (germinal_center),0.1468
KI67 1 in 200 run5.ndpi,Annotation (germinal_center),0.0642
KI67 1 in 200 run5.ndpi,Annotation (germinal_center),0.0669
KI67 1 in 200 run5.ndpi,Annotation (germinal_center),0.0475
KI67 1 in 200 run5.ndpi,Annotation (germinal_center),0.091
KI67 1 in 200 run5.ndpi,Annotation (germinal_center),0.0728
KI67 1 in 200 run5.ndpi,Annotation (germinal_center),0.0739
KI67 1 in 200 run5.ndpi,Annotation (germinal_center),0.0658
KI67 1 in 200 run5.ndpi,Annotation (germinal_center),0.0909
KI67 1 in 200 run5.ndpi,Annotation (germinal_center),0.4711
KI67 1 in 200 run5.ndpi,Annotation (germinal_center),0.068
KI67 1 in 200 run5.ndpi,Annotation (germinal_center),0.0603
KI67 1 in 200 run5.ndpi,Annotation (germinal_center),0.1195
KI67 1 in 200 run5.ndpi,Annotation (germinal_center),0.078
KI67 1 in 200 run5.ndpi,Annotation (germinal_center),0.0739
KI67 1 in 200 run5.ndpi,Annotation (germinal_center),0.0657
KI67 1 in 200 run5.ndpi,Annotation (germinal_center),0.0546
KI67 1 in 200 run5.ndpi,Annotation (germinal_center),0.0697
KI67 1 in 200 run5.ndpi,Annotation (germinal_center),0.1048
KI67 1 in 200 run5.ndpi,Annotation (germinal_center),0.0452
KI67 1 in 200 run5.ndpi,Annotation (germinal_center),0.0948
KI67 1 in 200 run5.ndpi,Annotation (germinal_center),0.1085
KI67 1 in 200 run5.ndpi,Annotation (germinal_center),0.0874
KI67 1 in 200 run5.ndpi,Annotation (germinal_center),0.123
KI67 1 in 200 run5.ndpi,Annotation (germinal_center),0.1025
KI67 1 in 200 run5.ndpi,Annotation (germinal_center),0.0905
KI67 1 in 200 run5.ndpi,Annotation (germinal_center),0.0637
KI67 1 in 200 run5.ndpi,Annotation (germinal_center),0.0963
KI67 1 in 200 run5.ndpi,Annotation (germinal_center),0.0868
KI67 1 in 200 run5.ndpi,Annotation (germinal_center),0.0984
KI67 1 in 200 run5.ndpi,Annotation (germinal_center),0.1135
KI67 1 in 200 run5.ndpi,Annotation (germinal_center),0.0613
KI67 1 in 200 run5.ndpi,Annotation (germinal_center),0.0692
KI67 1 in 200 run5.ndpi,Annotation (germinal_center),0.0591
KI67 1 in 200 run5.ndpi,Annotation (germinal_center),0.0685
KI67 1 in 200 run5.ndpi,Annotation (germinal_center),0.0648
KI67 1 in 200 run5.ndpi,Annotation (germinal_center),0.0693
KI67 1 in 200 run5.ndpi,Annotation (germinal_center),0.0761
KI67 1 in 200 run5.ndpi,Annotation (germinal_center),0.0741
KI67 1 in 200 run5.ndpi,Annotation (germinal_center),0.098
KI67 1 in 200 run5.ndpi,Annotation (germinal_center),0.0869
KI67 1 in 200 run5.ndpi,Annotation (germinal_center),0.0648
KI67 1 in 200 run5.ndpi,Annotation (germinal_center),0.0545
KI67 1 in 200 run5.ndpi,Annotation (germinal_center),0.0741
KI67 1 in 200 run5.ndpi,Annotation (germinal_center),0.0769
KI67 1 in 200 run5.ndpi,Annotation (germinal_center),0.0683
KI67 1 in 200 run5.ndpi,Annotation (germinal_center),0.0629
KI67 1 in 200 run5.ndpi,Annotation (germinal_center),0.0668
KI67 1 in 200 run5.ndpi,Annotation (germinal_center),0.0643
KI67 1 in 200 run5.ndpi,Annotation (germinal_center),0.1153
KI67 1 in 200 run5.ndpi,Annotation (germinal_center),0.0834
KI67 1 in 200 run5.ndpi,Annotation (germinal_center),0.0819
KI67 1 in 200 run5.ndpi,Annotation (germinal_center),0.0689
KI67 1 in 200 run5.ndpi,Annotation (germinal_center),0.0799
KI67 1 in 200 run5.ndpi,Annotation (germinal_center),0.0793
KI67 1 in 200 run5.ndpi,Annotation (germinal_center),0.0757
KI67 1 in 200 run5.ndpi,Annotation (germinal_center),0.0637
KI67 1 in 200 run5.ndpi,Annotation (germinal_center),0.0799
KI67 1 in 200 run5.ndpi,Annotation (germinal_center),0.0958
KI67 1 in 200 run5.ndpi,Annotation (germinal_center),0.096
KI67 1 in 200 run5.ndpi,Annotation (germinal_center),0.0898
KI67 1 in 200 run5.ndpi,Annotation (germinal_center),0.09
KI67 1 in 200 run5.ndpi,Annotation (germinal_center),0.1248
KI67 1 in 200 run5.ndpi,Annotation (germinal_center),0.0791
KI67 1 in 200 run5.ndpi,Annotation (germinal_center),0.0319
KI67 1 in 200 run5.ndpi,Annotation (germinal_center),0.3741
KI67 1 in 200 run5.ndpi,Annotation (germinal_center),0.0725
KI67 1 in 200 run5.ndpi,Annotation (germinal_center),0.0918
KI67 1 in 200 run5.ndpi,Annotation (germinal_center),0.0492
KI67 1 in 200 run5.ndpi,Annotation (germinal_center),0.067
KI67 1 in 200 run5.ndpi,Annotation (germinal_center),0.0624
KI67 1 in 200 run5.ndpi,Annotation (germinal_center),0.1548
KI67 1 in 200 run5.ndpi,Annotation (germinal_center),0.0558
KI67 1 in 200 run5.ndpi,Annotation (germinal_center),0.052
KI67 1 in 200 run5.ndpi,Annotation (germinal_center),0.0799
KI67 1 in 200 run5.ndpi,Annotation (germinal_center),0.071
KI67 1 in 200 run5.ndpi,Annotation (germinal_center),0.0597
KI67 1 in 200 run5.ndpi,Annotation (germinal_center),0.0505
KI67 1 in 200 run5.ndpi,Annotation (germinal_center),0.0812
KI67 1 in 200 run5.ndpi,Annotation (germinal_center),0.0891
KI67 1 in 200 run5.ndpi,Annotation (germinal_center),0.0853
KI67 1 in 200 run5.ndpi,Annotation (germinal_center),0.0772
KI67 1 in 200 run5.ndpi,Annotation (germinal_center),0.1359
KI67 1 in 200 run5.ndpi,Annotation (germinal_center),0.0997
KI67 1 in 200 run5.ndpi,Annotation (germinal_center),0.1257
KI67 1 in 200 run5.ndpi,Annotation (germinal_center),0.0754
KI67 1 in 200 run5.ndpi,Annotation (germinal_center),0.068
KI67 1 in 200 run5.ndpi,Annotation (germinal_center),0.1158
KI67 1 in 200 run5.ndpi,Annotation (germinal_center),0.0886
KI67 1 in 200 run5.ndpi,Annotation (germinal_center),0.1281
KI67 1 in 200 run5.ndpi,Annotation (germinal_center),0.0751
KI67 1 in 200 run5.ndpi,Annotation (germinal_center),0.0647
KI67 1 in 200 run5.ndpi,Annotation (germinal_center),0.0593
KI67 1 in 200 run5.ndpi,Annotation (germinal_center),0.0652
KI67 1 in 200 run5.ndpi,Annotation (germinal_center),0.0683
KI67 1 in 200 run5.ndpi,Annotation (germinal_center),0.1017
KI67 1 in 200 run5.ndpi,Annotation (germinal_center),0.0824
KI67 1 in 200 run5.ndpi,Annotation (germinal_center),0.0656
KI67 1 in 200 run5.ndpi,Annotation (germinal_center),0.0608
KI67 1 in 200 run5.ndpi,Annotation (germinal_center),0.0805
KI67 1 in 200 run5.ndpi,Annotation (germinal_center),0.074
KI67 1 in 200 run5.ndpi,Annotation (germinal_center),0.0826
KI67 1 in 200 run5.ndpi,Annotation (germinal_center),0.0756
KI67 1 in 200 run5.ndpi,Annotation (germinal_center),0.0841
KI67 1 in 200 run5.ndpi,Annotation (germinal_center),0.077
KI67 1 in 200 run5.ndpi,Annotation (germinal_center),0.0515
KI67 1 in 200 run5.ndpi,Annotation (germinal_center),0.0696
KI67 1 in 200 run5.ndpi,Annotation (germinal_center),0.0521
KI67 1 in 200 run5.ndpi,Annotation (germinal_center),0.0699
KI67 1 in 200 run5.ndpi,Annotation (germinal_center),0.0602
KI67 1 in 200 run5.ndpi,Annotation (germinal_center),0.0759
KI67 1 in 200 run5.ndpi,Annotation (germinal_center),0.0734
KI67 1 in 200 run5.ndpi,Annotation (germinal_center),0.0645
KI67 1 in 200 run5.ndpi,Annotation (germinal_center),0.0952
KI67 1 in 200 run5.ndpi,Annotation (germinal_center),0.0896
KI67 1 in 200 run5.ndpi,Annotation (germinal_center),0.0662
KI67 1 in 200 run5.ndpi,Annotation (germinal_center),0.0652
KI67 1 in 200 run5.ndpi,Annotation (germinal_center),0.0766
KI67 1 in 200 run5.ndpi,Annotation (germinal_center),0.0639
KI67 1 in 200 run5.ndpi,Annotation (germinal_center),0.0786
KI67 1 in 200 run5.ndpi,Annotation (germinal_center),0.0941
KI67 1 in 200 run5.ndpi,Annotation (germinal_center),0.0821
KI67 1 in 200 run5.ndpi,Annotation (germinal_center),0.064
KI67 1 in 200 run5.ndpi,Annotation (germinal_center),0.0645
KI67 1 in 200 run5.ndpi,Annotation (germinal_center),0.0569
KI67 1 in 200 run5.ndpi,Annotation (germinal_center),0.0746
KI67 1 in 200 run5.ndpi,Annotation (germinal_center),0.0657
KI67 1 in 200 run5.ndpi,Annotation (germinal_center),0.0766
KI67 1 in 200 run5.ndpi,Annotation (germinal_center),0.0323
KI67 1 in 200 run5.ndpi,Annotation (germinal_center),0.1991
KI67 1 in 200 run5.ndpi,Annotation (germinal_center),0.0731
KI67 1 in 200 run5.ndpi,Annotation (germinal_center),0.084
KI67 1 in 200 run5.ndpi,Annotation (germinal_center),0.0964
KI67 1 in 200 run5.ndpi,Annotation (germinal_center),0.0993
KI67 1 in 200 run5.ndpi,Annotation (germinal_center),0.0748
KI67 1 in 200 run5.ndpi,Annotation (germinal_center),0.0537
KI67 1 in 200 run5.ndpi,Annotation (germinal_center),0.0644
KI67 1 in 200 run5.ndpi,Annotation (germinal_center),0.0517
KI67 1 in 200 run5.ndpi,Annotation (germinal_center),0.0578
KI67 1 in 200 run5.ndpi,Annotation (germinal_center),0.084
KI67 1 in 200 run5.ndpi,Annotation (germinal_center),0.0802
KI67 1 in 200 run5.ndpi,Annotation (germinal_center),0.0692
KI67 1 in 200 run5.ndpi,Annotation (germinal_center),0.0597
KI67 1 in 200 run5.ndpi,Annotation (germinal_center),0.0846
KI67 1 in 200 run5.ndpi,Annotation (germinal_center),0.0725
KI67 1 in 200 run5.ndpi,Annotation (germinal_center),0.0723
KI67 1 in 200 run5.ndpi,Annotation (germinal_center),0.0624
KI67 1 in 200 run5.ndpi,Annotation (germinal_center),0.159
KI67 1 in 200 run5.ndpi,Annotation (germinal_center),0.0727
KI67 1 in 200 run5.ndpi,Annotation (germinal_center),0.0692
KI67 1 in 200 run5.ndpi,Annotation (germinal_center),0.0881
KI67 1 in 200 run5.ndpi,Annotation (germinal_center),0.0835
KI67 1 in 200 run5.ndpi,Annotation (germinal_center),0.086
KI67 1 in 200 run5.ndpi,Annotation (germinal_center),0.0577
KI67 1 in 200 run5.ndpi,Annotation (germinal_center),0.0471
KI67 1 in 200 run5.ndpi,Annotation (germinal_center),0.0708
KI67 1 in 200 run5.ndpi,Annotation (germinal_center),0.1475
KI67 1 in 200 run5.ndpi,Annotation (germinal_center),0.0816
KI67 1 in 200 run5.ndpi,Annotation (germinal_center),0.124
KI67 1 in 200 run5.ndpi,Annotation (germinal_center),0.0627
KI67 1 in 200 run5.ndpi,Annotation (germinal_center),0.0673
KI67 1 in 200 run5.ndpi,Annotation (germinal_center),0.0749
KI67 1 in 200 run5.ndpi,Annotation (germinal_center),0.0721
KI67 1 in 200 run5.ndpi,Annotation (germinal_center),0.0749
KI67 1 in 200 run5.ndpi,Annotation (germinal_center),0.0768
KI67 1 in 200 run5.ndpi,Annotation (germinal_center),0.0631
KI67 1 in 200 run5.ndpi,Annotation (germinal_center),0.0758
KI67 1 in 200 run5.ndpi,Annotation (germinal_center),0.0706
KI67 1 in 200 run5.ndpi,Annotation (germinal_center),0.1288
KI67 1 in 200 run5.ndpi,Annotation (germinal_center),0.0467
KI67 1 in 200 run5.ndpi,Annotation (germinal_center),0.0764
KI67 1 in 200 run5.ndpi,Annotation (germinal_center),0.1031
KI67 1 in 200 run5.ndpi,Annotation (germinal_center),0.0686
KI67 1 in 200 run5.ndpi,Annotation (germinal_center),0.0885
KI67 1 in 200 run5.ndpi,Annotation (germinal_center),0.0561
KI67 1 in 200 run5.ndpi,Annotation (germinal_center),0.0806
KI67 1 in 200 run5.ndpi,Annotation (germinal_center),0.0578
KI67 1 in 200 run5.ndpi,Annotation (germinal_center),0.0803
KI67 1 in 200 run5.ndpi,Annotation (germinal_center),0.0787
KI67 1 in 200 run5.ndpi,Annotation (germinal_center),0.0658
KI67 1 in 200 run5.ndpi,Annotation (germinal_center),0.0602
KI67 1 in 200 run5.ndpi,Annotation (germinal_center),0.0704
KI67 1 in 200 run5.ndpi,Annotation (germinal_center),0.0955
KI67 1 in 200 run5.ndpi,Annotation (germinal_center),0.0693
KI67 1 in 200 run5.ndpi,Annotation (germinal_center),0.0549
KI67 1 in 200 run5.ndpi,Annotation (germinal_center),0.075
KI67 1 in 200 run5.ndpi,Annotation (germinal_center),0.0725
KI67 1 in 200 run5.ndpi,Annotation (germinal_center),0.091
KI67 1 in 200 run5.ndpi,Annotation (germinal_center),0.1099
KI67 1 in 200 run5.ndpi,Annotation (germinal_center),0.068
KI67 1 in 200 run5.ndpi,Annotation (germinal_center),0.0588
KI67 1 in 200 run5.ndpi,Annotation (germinal_center),0.1133
KI67 1 in 200 run5.ndpi,Annotation (germinal_center),0.0498
KI67 1 in 200 run5.ndpi,Annotation (germinal_center),0.0684
KI67 1 in 200 run5.ndpi,Annotation (germinal_center),0.0864
KI67 1 in 200 run5.ndpi,Annotation (germinal_center),0.0664
KI67 1 in 200 run5.ndpi,Annotation (germinal_center),0.0662
KI67 1 in 200 run5.ndpi,Annotation (germinal_center),0.0905
KI67 1 in 200 run5.ndpi,Annotation (germinal_center),0.0652
KI67 1 in 200 run5.ndpi,Annotation (germinal_center),0.0865
KI67 1 in 200 run5.ndpi,Annotation (germinal_center),0.0668
KI67 1 in 200 run5.ndpi,Annotation (germinal_center),0.0688
KI67 1 in 200 run5.ndpi,Annotation (germinal_center),0.0368
KI67 1 in 200 run5.ndpi,Annotation (germinal_center),0.0912
KI67 1 in 200 run5.ndpi,Annotation (germinal_center),0.045
KI67 1 in 200 run5.ndpi,Annotation (germinal_center),0.0731
KI67 1 in 200 run5.ndpi,Annotation (germinal_center),0.0907
KI67 1 in 200 run5.ndpi,Annotation (germinal_center),0.0663
KI67 1 in 200 run5.ndpi,Annotation (germinal_center),0.0769
KI67 1 in 200 run5.ndpi,Annotation (germinal_center),0.0771
KI67 1 in 200 run5.ndpi,Annotation (germinal_center),0.0695
KI67 1 in 200 run5.ndpi,Annotation (germinal_center),0.0616
KI67 1 in 200 run5.ndpi,Annotation (germinal_center),0.0944
KI67 1 in 200 run5.ndpi,Annotation (germinal_center),0.0706
KI67 1 in 200 run5.ndpi,Annotation (germinal_center),0.0964
KI67 1 in 200 run5.ndpi,Annotation (germinal_center),0.0445
KI67 1 in 200 run5.ndpi,Annotation (germinal_center),0.0806
KI67 1 in 200 run5.ndpi,Annotation (germinal_center),0.0761
KI67 1 in 200 run5.ndpi,Annotation (germinal_center),0.0649
KI67 1 in 200 run5.ndpi,Annotation (germinal_center),0.0596
KI67 1 in 200 run5.ndpi,Annotation (germinal_center),0.0614
KI67 1 in 200 run5.ndpi,Annotation (germinal_center),0.0665
KI67 1 in 200 run5.ndpi,Annotation (germinal_center),0.0522
KI67 1 in 200 run5.ndpi,Annotation (germinal_center),0.062
KI67 1 in 200 run5.ndpi,Annotation (germinal_center),0.0582
KI67 1 in 200 run5.ndpi,Annotation (germinal_center),0.0854
KI67 1 in 200 run5.ndpi,Annotation (germinal_center),0.039
KI67 1 in 200 run5.ndpi,Annotation (germinal_center),0.0668
KI67 1 in 200 run5.ndpi,Annotation (germinal_center),0.0743
KI67 1 in 200 run5.ndpi,Annotation (germinal_center),0.066
KI67 1 in 200 run5.ndpi,Annotation (germinal_center),0.1031
KI67 1 in 200 run5.ndpi,Annotation (germinal_center),0.0512
KI67 1 in 200 run5.ndpi,Annotation (germinal_center),0.0845
KI67 1 in 200 run5.ndpi,Annotation (germinal_center),0.112
KI67 1 in 200 run5.ndpi,Annotation (germinal_center),0.0879
KI67 1 in 200 run5.ndpi,Annotation (germinal_center),0.0639
KI67 1 in 200 run5.ndpi,Annotation (germinal_center),0.0716
KI67 1 in 200 run5.ndpi,Annotation (germinal_center),0.063
KI67 1 in 200 run5.ndpi,Annotation (germinal_center),0.0508
KI67 1 in 200 run5.ndpi,Annotation (germinal_center),0.0811
KI67 1 in 200 run5.ndpi,Annotation (germinal_center),0.0754
KI67 1 in 200 run5.ndpi,Annotation (germinal_center),0.0433
KI67 1 in 200 run5.ndpi,Annotation (germinal_center),0.0698
KI67 1 in 200 run5.ndpi,Annotation (germinal_center),0.062
KI67 1 in 200 run5.ndpi,Annotation (germinal_center),0.0566
KI67 1 in 200 run5.ndpi,Annotation (germinal_center),0.0702
KI67 1 in 200 run5.ndpi,Annotation (germinal_center),0.0801
KI67 1 in 200 run5.ndpi,Annotation (germinal_center),0.0892
KI67 1 in 200 run5.ndpi,Annotation (germinal_center),0.0641
KI67 1 in 200 run5.ndpi,Annotation (germinal_center),0.057
KI67 1 in 200 run5.ndpi,Annotation (germinal_center),0.0867
KI67 1 in 200 run5.ndpi,Annotation (germinal_center),0.0655
KI67 1 in 200 run5.ndpi,Annotation (germinal_center),0.0833
KI67 1 in 200 run5.ndpi,Annotation (germinal_center),0.0639
KI67 1 in 200 run5.ndpi,Annotation (germinal_center),0.0812
KI67 1 in 200 run5.ndpi,Annotation (germinal_center),0.0588
KI67 1 in 200 run5.ndpi,Annotation (germinal_center),0.0707
KI67 1 in 200 run5.ndpi,Annotation (germinal_center),0.1022
KI67 1 in 200 run5.ndpi,Annotation (germinal_center),0.0659
KI67 1 in 200 run5.ndpi,Annotation (germinal_center),0.0754
KI67 1 in 200 run5.ndpi,Annotation (germinal_center),0.0722
KI67 1 in 200 run5.ndpi,Annotation (germinal_center),0.0695
KI67 1 in 200 run5.ndpi,Annotation (germinal_center),0.0777
KI67 1 in 200 run5.ndpi,Annotation (germinal_center),0.0852
KI67 1 in 200 run5.ndpi,Annotation (germinal_center),0.0804
KI67 1 in 200 run5.ndpi,Annotation (germinal_center),0.0658
KI67 1 in 200 run5.ndpi,Annotation (germinal_center),0.0807
KI67 1 in 200 run5.ndpi,Annotation (germinal_center),0.0543
KI67 1 in 200 run5.ndpi,Annotation (germinal_center),0.0847
KI67 1 in 200 run5.ndpi,Annotation (germinal_center),0.0632
KI67 1 in 200 run5.ndpi,Annotation (germinal_center),0.0871
KI67 1 in 200 run5.ndpi,Annotation (germinal_center),0.0863
KI67 1 in 200 run5.ndpi,Annotation (germinal_center),0.0365
KI67 1 in 200 run5.ndpi,Annotation (germinal_center),0.0667
KI67 1 in 200 run5.ndpi,Annotation (germinal_center),0.049
KI67 1 in 200 run5.ndpi,Annotation (germinal_center),0.0595
KI67 1 in 200 run5.ndpi,Annotation (germinal_center),0.0676
KI67 1 in 200 run5.ndpi,Annotation (germinal_center),0.0682
KI67 1 in 200 run5.ndpi,Annotation (germinal_center),0.0719
KI67 1 in 200 run5.ndpi,Annotation (germinal_center),0.0833
KI67 1 in 200 run5.ndpi,Annotation (germinal_center),0.0389
KI67 1 in 200 run5.ndpi,Annotation (germinal_center),0.068
KI67 1 in 200 run5.ndpi,Annotation (germinal_center),0.0767
KI67 1 in 200 run5.ndpi,Annotation (germinal_center),0.0735
KI67 1 in 200 run5.ndpi,Annotation (germinal_center),0.1026
KI67 1 in 200 run5.ndpi,Annotation (germinal_center),0.0547
KI67 1 in 200 run5.ndpi,Annotation (germinal_center),0.0572
KI67 1 in 200 run5.ndpi,Annotation (germinal_center),0.3174
KI67 1 in 200 run5.ndpi,Annotation (germinal_center),0.0407
KI67 1 in 200 run5.ndpi,Annotation (germinal_center),0.0618
KI67 1 in 200 run5.ndpi,Annotation (germinal_center),0.0576
KI67 1 in 200 run5.ndpi,Annotation (germinal_center),0.0733
KI67 1 in 200 run5.ndpi,Annotation (germinal_center),0.1137
KI67 1 in 200 run5.ndpi,Annotation (germinal_center),0.057
KI67 1 in 200 run5.ndpi,Annotation (germinal_center),0.085
KI67 1 in 200 run5.ndpi,Annotation (germinal_center),0.0888
KI67 1 in 200 run5.ndpi,Annotation (germinal_center),0.2759
KI67 1 in 200 run5.ndpi,Annotation (germinal_center),0.0609
KI67 1 in 200 run5.ndpi,Annotation (germinal_center),0.0518
KI67 1 in 200 run5.ndpi,Annotation (germinal_center),0.069
KI67 1 in 200 run5.ndpi,Annotation (germinal_center),0.0883
KI67 1 in 200 run5.ndpi,Annotation (germinal_center),0.047
KI67 1 in 200 run5.ndpi,Annotation (germinal_center),0.0589
KI67 1 in 200 run5.ndpi,Annotation (germinal_center),0.0813
KI67 1 in 200 run5.ndpi,Annotation (germinal_center),0.0607
KI67 1 in 200 run5.ndpi,Annotation (germinal_center),0.0682
KI67 1 in 200 run5.ndpi,Annotation (germinal_center),0.0701
KI67 1 in 200 run5.ndpi,Annotation (germinal_center),0.0942
KI67 1 in 200 run5.ndpi,Annotation (germinal_center),0.0605
KI67 1 in 200 run5.ndpi,Annotation (germinal_center),0.0719
KI67 1 in 200 run5.ndpi,Annotation (germinal_center),0.0322
KI67 1 in 200 run5.ndpi,Annotation (germinal_center),0.0512
KI67 1 in 200 run5.ndpi,Annotation (germinal_center),0.0685
KI67 1 in 200 run5.ndpi,Annotation (germinal_center),0.0909
KI67 1 in 200 run5.ndpi,Annotation (germinal_center),0.0865
KI67 1 in 200 run5.ndpi,Annotation (germinal_center),0.0769
KI67 1 in 200 run5.ndpi,Annotation (germinal_center),0.0739
KI67 1 in 200 run5.ndpi,Annotation (germinal_center),0.0926
KI67 1 in 200 run5.ndpi,Annotation (germinal_center),0.0884
KI67 1 in 200 run5.ndpi,Annotation (germinal_center),0.0777
KI67 1 in 200 run5.ndpi,Annotation (germinal_center),0.0743
KI67 1 in 200 run5.ndpi,Annotation (germinal_center),0.0691
KI67 1 in 200 run5.ndpi,Annotation (germinal_center),0.0327
KI67 1 in 200 run5.ndpi,Annotation (germinal_center),0.1076
KI67 1 in 200 run5.ndpi,Annotation (germinal_center),0.0747
KI67 1 in 200 run5.ndpi,Annotation (germinal_center),0.0811
KI67 1 in 200 run5.ndpi,Annotation (germinal_center),0.071
KI67 1 in 200 run5.ndpi,Annotation (germinal_center),0.056
KI67 1 in 200 run5.ndpi,Annotation (germinal_center),0.0678
KI67 1 in 200 run5.ndpi,Annotation (germinal_center),0.0688
KI67 1 in 200 run5.ndpi,Annotation (germinal_center),0.0519
KI67 1 in 200 run5.ndpi,Annotation (germinal_center),0.0664
KI67 1 in 200 run5.ndpi,Annotation (germinal_center),0.0741
KI67 1 in 200 run5.ndpi,Annotation (germinal_center),0.0471
KI67 1 in 200 run5.ndpi,Annotation (germinal_center),0.0636
KI67 1 in 200 run5.ndpi,Annotation (germinal_center),0.0535
KI67 1 in 200 run5.ndpi,Annotation (germinal_center),0.0832
KI67 1 in 200 run5.ndpi,Annotation (germinal_center),0.0709
KI67 1 in 200 run5.ndpi,Annotation (germinal_center),0.0556
KI67 1 in 200 run5.ndpi,Annotation (germinal_center),0.0895
KI67 1 in 200 run5.ndpi,Annotation (germinal_center),0.0475
KI67 1 in 200 run5.ndpi,Annotation (germinal_center),0.0761
KI67 1 in 200 run5.ndpi,Annotation (germinal_center),0.1543
KI67 1 in 200 run5.ndpi,Annotation (germinal_center),0.0743
KI67 1 in 200 run5.ndpi,Annotation (germinal_center),0.0617
KI67 1 in 200 run5.ndpi,Annotation (germinal_center),0.057
KI67 1 in 200 run5.ndpi,Annotation (germinal_center),0.0725
KI67 1 in 200 run5.ndpi,Annotation (germinal_center),0.0808
KI67 1 in 200 run5.ndpi,Annotation (germinal_center),0.0718
KI67 1 in 200 run5.ndpi,Annotation (germinal_center),0.0784
KI67 1 in 200 run5.ndpi,Annotation (germinal_center),0.0583
KI67 1 in 200 run5.ndpi,Annotation (germinal_center),0.0799
KI67 1 in 200 run5.ndpi,Annotation (germinal_center),0.0798
KI67 1 in 200 run5.ndpi,Annotation (germinal_center),0.0576
KI67 1 in 200 run5.ndpi,Annotation (germinal_center),0.0673
KI67 1 in 200 run5.ndpi,Annotation (germinal_center),0.0752
KI67 1 in 200 run5.ndpi,Annotation (germinal_center),0.0561
KI67 1 in 200 run5.ndpi,Annotation (germinal_center),0.0836
KI67 1 in 200 run5.ndpi,Annotation (germinal_center),0.0746
KI67 1 in 200 run5.ndpi,Annotation (germinal_center),0.0624
KI67 1 in 200 run5.ndpi,Annotation (germinal_center),0.0692
KI67 1 in 200 run5.ndpi,Annotation (germinal_center),0.076
KI67 1 in 200 run5.ndpi,Annotation (germinal_center),0.0482
KI67 1 in 200 run5.ndpi,Annotation (germinal_center),0.0656
KI67 1 in 200 run5.ndpi,Annotation (germinal_center),0.0894
KI67 1 in 200 run5.ndpi,Annotation (germinal_center),0.0553
KI67 1 in 200 run5.ndpi,Annotation (germinal_center),0.1223
KI67 1 in 200 run5.ndpi,Annotation (germinal_center),0.069
KI67 1 in 200 run5.ndpi,Annotation (germinal_center),0.103
KI67 1 in 200 run5.ndpi,Annotation (germinal_center),0.0597
KI67 1 in 200 run5.ndpi,Annotation (germinal_center),0.0661
KI67 1 in 200 run5.ndpi,Annotation (germinal_center),0.0409
KI67 1 in 200 run5.ndpi,Annotation (germinal_center),0.1934
KI67 1 in 200 run5.ndpi,Annotation (germinal_center),0.0641
KI67 1 in 200 run5.ndpi,Annotation (germinal_center),0.0853
KI67 1 in 200 run5.ndpi,Annotation (germinal_center),0.083
KI67 1 in 200 run5.ndpi,Annotation (germinal_center),0.0753
KI67 1 in 200 run5.ndpi,Annotation (germinal_center),0.0937
KI67 1 in 200 run5.ndpi,Annotation (germinal_center),0.0638
KI67 1 in 200 run5.ndpi,Annotation (germinal_center),0.0382
KI67 1 in 200 run5.ndpi,Annotation (germinal_center),0.0766
KI67 1 in 200 run5.ndpi,Annotation (germinal_center),0.073
KI67 1 in 200 run5.ndpi,Annotation (germinal_center),0.1045
KI67 1 in 200 run5.ndpi,Annotation (germinal_center),0.0643
KI67 1 in 200 run5.ndpi,Annotation (germinal_center),0.068
KI67 1 in 200 run5.ndpi,Annotation (germinal_center),0.065
KI67 1 in 200 run5.ndpi,Annotation (germinal_center),0.0801
KI67 1 in 200 run5.ndpi,Annotation (germinal_center),0.0583
KI67 1 in 200 run5.ndpi,Annotation (germinal_center),0.0653
KI67 1 in 200 run5.ndpi,Annotation (germinal_center),0.0725
KI67 1 in 200 run5.ndpi,Annotation (germinal_center),0.0484
KI67 1 in 200 run5.ndpi,Annotation (germinal_center),0.0657
KI67 1 in 200 run5.ndpi,Annotation (germinal_center),0.0752
KI67 1 in 200 run5.ndpi,Annotation (germinal_center),0.0749
KI67 1 in 200 run5.ndpi,Annotation (germinal_center),0.0723
KI67 1 in 200 run5.ndpi,Annotation (germinal_center),0.0473
KI67 1 in 200 run5.ndpi,Annotation (germinal_center),0.0776
KI67 1 in 200 run5.ndpi,Annotation (germinal_center),0.0771
KI67 1 in 200 run5.ndpi,Annotation (germinal_center),0.077
KI67 1 in 200 run5.ndpi,Annotation (germinal_center),0.0533
KI67 1 in 200 run5.ndpi,Annotation (germinal_center),0.0739
KI67 1 in 200 run5.ndpi,Annotation (germinal_center),0.0378
KI67 1 in 200 run5.ndpi,Annotation (germinal_center),0.0764
KI67 1 in 200 run5.ndpi,Annotation (germinal_center),0.0694
KI67 1 in 200 run5.ndpi,Annotation (germinal_center),0.0802
KI67 1 in 200 run5.ndpi,Annotation (germinal_center),0.0782
KI67 1 in 200 run5.ndpi,Annotation (germinal_center),0.0821
KI67 1 in 200 run5.ndpi,Annotation (germinal_center),0.0775
KI67 1 in 200 run5.ndpi,Annotation (germinal_center),0.0584
KI67 1 in 200 run5.ndpi,Annotation (germinal_center),0.0882
KI67 1 in 200 run5.ndpi,Annotation (germinal_center),0.0564
KI67 1 in 200 run5.ndpi,Annotation (germinal_center),0.0662
KI67 1 in 200 run5.ndpi,Annotation (germinal_center),0.0673
KI67 1 in 200 run5.ndpi,Annotation (germinal_center),0.0678
KI67 1 in 200 run5.ndpi,Annotation (germinal_center),0.0675
KI67 1 in 200 run5.ndpi,Annotation (germinal_center),0.0591
KI67 1 in 200 run5.ndpi,Annotation (germinal_center),0.083
KI67 1 in 200 run5.ndpi,Annotation (germinal_center),0.2582
KI67 1 in 200 run5.ndpi,Annotation (germinal_center),0.0511
KI67 1 in 200 run5.ndpi,Annotation (germinal_center),0.1015
KI67 1 in 200 run5.ndpi,Annotation (germinal_center),0.0366
KI67 1 in 200 run5.ndpi,Annotation (germinal_center),0.0324
KI67 1 in 200 run5.ndpi,Annotation (germinal_center),0.0896
KI67 1 in 200 run5.ndpi,Annotation (germinal_center),0.0961
KI67 1 in 200 run5.ndpi,Annotation (germinal_center),0.0883
KI67 1 in 200 run5.ndpi,Annotation (germinal_center),0.0732
KI67 1 in 200 run5.ndpi,Annotation (germinal_center),0.048
KI67 1 in 200 run5.ndpi,Annotation (germinal_center),0.0922
KI67 1 in 200 run5.ndpi,Annotation (germinal_center),0.0654
KI67 1 in 200 run5.ndpi,Annotation (germinal_center),0.0392
KI67 1 in 200 run5.ndpi,Annotation (germinal_center),0.0614
KI67 1 in 200 run5.ndpi,Annotation (germinal_center),0.0513
KI67 1 in 200 run5.ndpi,Annotation (germinal_center),0.0636
KI67 1 in 200 run5.ndpi,Annotation (germinal_center),0.0852
KI67 1 in 200 run5.ndpi,Annotation (germinal_center),0.0753
KI67 1 in 200 run5.ndpi,Annotation (germinal_center),0.084
KI67 1 in 200 run5.ndpi,Annotation (germinal_center),0.07
KI67 1 in 200 run5.ndpi,Annotation (germinal_center),0.0591
KI67 1 in 200 run5.ndpi,Annotation (germinal_center),0.0864
KI67 1 in 200 run5.ndpi,Annotation (germinal_center),0.0849
KI67 1 in 200 run5.ndpi,Annotation (germinal_center),0.0579
KI67 1 in 200 run5.ndpi,Annotation (germinal_center),0.0617
KI67 1 in 200 run5.ndpi,Annotation (germinal_center),0.0525
KI67 1 in 200 run5.ndpi,Annotation (germinal_center),0.13
KI67 1 in 200 run5.ndpi,Annotation (germinal_center),0.0582
KI67 1 in 200 run5.ndpi,Annotation (germinal_center),0.0576
KI67 1 in 200 run5.ndpi,Annotation (germinal_center),0.0806
KI67 1 in 200 run5.ndpi,Annotation (germinal_center),0.0905
KI67 1 in 200 run5.ndpi,Annotation (germinal_center),0.0784
KI67 1 in 200 run5.ndpi,Annotation (germinal_center),0.0721
KI67 1 in 200 run5.ndpi,Annotation (germinal_center),0.0822
KI67 1 in 200 run5.ndpi,Annotation (germinal_center),0.0393
KI67 1 in 200 run5.ndpi,Annotation (germinal_center),0.0852
KI67 1 in 200 run5.ndpi,Annotation (germinal_center),0.0677
KI67 1 in 200 run5.ndpi,Annotation (germinal_center),0.0721
KI67 1 in 200 run5.ndpi,Annotation (germinal_center),0.0726
KI67 1 in 200 run5.ndpi,Annotation (germinal_center),0.0476
KI67 1 in 200 run5.ndpi,Annotation (germinal_center),0.0639
KI67 1 in 200 run5.ndpi,Annotation (germinal_center),0.0716
KI67 1 in 200 run5.ndpi,Annotation (germinal_center),0.0927
KI67 1 in 200 run5.ndpi,Annotation (germinal_center),0.0804
KI67 1 in 200 run5.ndpi,Annotation (germinal_center),0.0428
KI67 1 in 200 run5.ndpi,Annotation (germinal_center),0.0695
KI67 1 in 200 run5.ndpi,Annotation (germinal_center),0.052
KI67 1 in 200 run5.ndpi,Annotation (germinal_center),0.0673
KI67 1 in 200 run5.ndpi,Annotation (germinal_center),0.0524
KI67 1 in 200 run5.ndpi,Annotation (germinal_center),0.0446
KI67 1 in 200 run5.ndpi,Annotation (germinal_center),0.0909
KI67 1 in 200 run5.ndpi,Annotation (germinal_center),0.0815
KI67 1 in 200 run5.ndpi,Annotation (germinal_center),0.0449
KI67 1 in 200 run5.ndpi,Annotation (germinal_center),0.0835
KI67 1 in 200 run5.ndpi,Annotation (germinal_center),0.0963
KI67 1 in 200 run5.ndpi,Annotation (germinal_center),0.0414
KI67 1 in 200 run5.ndpi,Annotation (germinal_center),0.0663
KI67 1 in 200 run5.ndpi,Annotation (germinal_center),0.0972
KI67 1 in 200 run5.ndpi,Annotation (germinal_center),0.0493
KI67 1 in 200 run5.ndpi,Annotation (germinal_center),0.5666
KI67 1 in 200 run5.ndpi,Annotation (germinal_center),0.09
KI67 1 in 200 run5.ndpi,Annotation (germinal_center),0.0632
KI67 1 in 200 run5.ndpi,Annotation (germinal_center),0.1004
KI67 1 in 200 run5.ndpi,Annotation (germinal_center),0.0712
KI67 1 in 200 run5.ndpi,Annotation (germinal_center),0.0775
KI67 1 in 200 run5.ndpi,Annotation (germinal_center),0.048
KI67 1 in 200 run5.ndpi,Annotation (germinal_center),0.0714
KI67 1 in 200 run5.ndpi,Annotation (germinal_center),0.0618
KI67 1 in 200 run5.ndpi,Annotation (germinal_center),0.0822
KI67 1 in 200 run5.ndpi,Annotation (germinal_center),0.0669
KI67 1 in 200 run5.ndpi,Annotation (germinal_center),0.0817
KI67 1 in 200 run5.ndpi,Annotation (germinal_center),0.0804
KI67 1 in 200 run5.ndpi,Annotation (germinal_center),0.0619
KI67 1 in 200 run5.ndpi,Annotation (germinal_center),0.0747
KI67 1 in 200 run5.ndpi,Annotation (germinal_center),0.0605
KI67 1 in 200 run5.ndpi,Annotation (germinal_center),0.0456
KI67 1 in 200 run5.ndpi,Annotation (germinal_center),0.1589
KI67 1 in 200 run5.ndpi,Annotation (germinal_center),0.0291
KI67 1 in 200 run5.ndpi,Annotation (germinal_center),0.089
KI67 1 in 200 run5.ndpi,Annotation (germinal_center),0.0796
KI67 1 in 200 run5.ndpi,Annotation (germinal_center),0.0613
KI67 1 in 200 run5.ndpi,Annotation (germinal_center),0.0522
KI67 1 in 200 run5.ndpi,Annotation (germinal_center),0.0772
KI67 1 in 200 run5.ndpi,Annotation (germinal_center),0.0572
KI67 1 in 200 run5.ndpi,Annotation (germinal_center),0.0504
KI67 1 in 200 run5.ndpi,Annotation (germinal_center),0.1887
KI67 1 in 200 run5.ndpi,Annotation (germinal_center),0.0745
KI67 1 in 200 run5.ndpi,Annotation (germinal_center),0.0597
KI67 1 in 200 run5.ndpi,Annotation (germinal_center),0.0535
KI67 1 in 200 run5.ndpi,Annotation (germinal_center),0.1037
KI67 1 in 200 run5.ndpi,Annotation (germinal_center),0.0654
KI67 1 in 200 run5.ndpi,Annotation (germinal_center),0.076
KI67 1 in 200 run5.ndpi,Annotation (germinal_center),0.4711
KI67 1 in 200 run5.ndpi,Annotation (germinal_center),0.0814
KI67 1 in 200 run5.ndpi,Annotation (germinal_center),0.0786
KI67 1 in 200 run5.ndpi,Annotation (germinal_center),0.0782
KI67 1 in 200 run5.ndpi,Annotation (germinal_center),0.0644
KI67 1 in 200 run5.ndpi,Annotation (germinal_center),0.0934
KI67 1 in 200 run5.ndpi,Annotation (germinal_center),0.0571
KI67 1 in 200 run5.ndpi,Annotation (germinal_center),0.0643
KI67 1 in 200 run5.ndpi,Annotation (germinal_center),0.0888
KI67 1 in 200 run5.ndpi,Annotation (germinal_center),0.0717
KI67 1 in 200 run5.ndpi,Annotation (germinal_center),0.1047
KI67 1 in 200 run5.ndpi,Annotation (germinal_center),0.0987
KI67 1 in 200 run5.ndpi,Annotation (germinal_center),0.0669
KI67 1 in 200 run5.ndpi,Annotation (germinal_center),0.0575
KI67 1 in 200 run5.ndpi,Annotation (germinal_center),0.0762
KI67 1 in 200 run5.ndpi,Annotation (germinal_center),0.0884
KI67 1 in 200 run5.ndpi,Annotation (germinal_center),0.0472
KI67 1 in 200 run5.ndpi,Annotation (germinal_center),0.1135
KI67 1 in 200 run5.ndpi,Annotation (germinal_center),0.1204
KI67 1 in 200 run5.ndpi,Annotation (germinal_center),0.0412
KI67 1 in 200 run5.ndpi,Annotation (germinal_center),0.0684
KI67 1 in 200 run5.ndpi,Annotation (germinal_center),0.0553
KI67 1 in 200 run5.ndpi,Annotation (germinal_center),0.0951
KI67 1 in 200 run5.ndpi,Annotation (germinal_center),0.0566
KI67 1 in 200 run5.ndpi,Annotation (germinal_center),0.0447
KI67 1 in 200 run5.ndpi,Annotation (germinal_center),0.0898
KI67 1 in 200 run5.ndpi,Annotation (germinal_center),0.0982
KI67 1 in 200 run5.ndpi,Annotation (germinal_center),0.0471
KI67 1 in 200 run5.ndpi,Annotation (germinal_center),0.0838
KI67 1 in 200 run5.ndpi,Annotation (germinal_center),0.0821
KI67 1 in 200 run5.ndpi,Annotation (germinal_center),0.072
KI67 1 in 200 run5.ndpi,Annotation (germinal_center),0.0658
KI67 1 in 200 run5.ndpi,Annotation (germinal_center),0.0626
KI67 1 in 200 run5.ndpi,Annotation (germinal_center),0.0461
KI67 1 in 200 run5.ndpi,Annotation (germinal_center),0.0717
KI67 1 in 200 run5.ndpi,Annotation (germinal_center),0.0561
KI67 1 in 200 run5.ndpi,Annotation (germinal_center),0.0515
KI67 1 in 200 run5.ndpi,Annotation (germinal_center),0.0671
KI67 1 in 200 run5.ndpi,Annotation (germinal_center),0.0808
KI67 1 in 200 run5.ndpi,Annotation (germinal_center),0.109
KI67 1 in 200 run5.ndpi,Annotation (germinal_center),0.0549
KI67 1 in 200 run5.ndpi,Annotation (germinal_center),0.0522
KI67 1 in 200 run5.ndpi,Annotation (germinal_center),0.0658
KI67 1 in 200 run5.ndpi,Annotation (germinal_center),0.0826
KI67 1 in 200 run5.ndpi,Annotation (germinal_center),0.0512
KI67 1 in 200 run5.ndpi,Annotation (germinal_center),0.0494
KI67 1 in 200 run5.ndpi,Annotation (germinal_center),0.0635
KI67 1 in 200 run5.ndpi,Annotation (germinal_center),0.1019
KI67 1 in 200 run5.ndpi,Annotation (germinal_center),0.0449
KI67 1 in 200 run5.ndpi,Annotation (germinal_center),0.1018
KI67 1 in 200 run5.ndpi,Annotation (germinal_center),0.0403
KI67 1 in 200 run5.ndpi,Annotation (germinal_center),0.0453
KI67 1 in 200 run5.ndpi,Annotation (germinal_center),0.0702
KI67 1 in 200 run5.ndpi,Annotation (germinal_center),0.1376
KI67 1 in 200 run5.ndpi,Annotation (germinal_center),0.0517
KI67 1 in 200 run5.ndpi,Annotation (germinal_center),0.0498
KI67 1 in 200 run5.ndpi,Annotation (germinal_center),0.043
KI67 1 in 200 run5.ndpi,Annotation (germinal_center),0.0456
KI67 1 in 200 run5.ndpi,Annotation (germinal_center),0.0797
KI67 1 in 200 run5.ndpi,Annotation (germinal_center),0.0904
KI67 1 in 200 run5.ndpi,Annotation (germinal_center),0.472
KI67 1 in 200 run5.ndpi,Annotation (germinal_center),0.0901
KI67 1 in 200 run5.ndpi,Annotation (germinal_center),0.057
KI67 1 in 200 run5.ndpi,Annotation (germinal_center),0.0246
KI67 1 in 200 run5.ndpi,Annotation (germinal_center),0.0432
KI67 1 in 200 run5.ndpi,Annotation (germinal_center),0.0461
KI67 1 in 200 run5.ndpi,Annotation (germinal_center),0.053
KI67 1 in 200 run5.ndpi,Annotation (germinal_center),0.085
KI67 1 in 200 run5.ndpi,Annotation (germinal_center),0.0786
KI67 1 in 200 run5.ndpi,Annotation (germinal_center),0.0514
KI67 1 in 200 run5.ndpi,Annotation (germinal_center),0.0641
KI67 1 in 200 run5.ndpi,Annotation (germinal_center),0.0506
KI67 1 in 200 run5.ndpi,Annotation (germinal_center),0.0498
KI67 1 in 200 run5.ndpi,Annotation (germinal_center),0.051
KI67 1 in 200 run5.ndpi,Annotation (germinal_center),0.0624
KI67 1 in 200 run5.ndpi,Annotation (germinal_center),0.0813
KI67 1 in 200 run5.ndpi,Annotation (germinal_center),0.0841
KI67 1 in 200 run5.ndpi,Annotation (germinal_center),0.0671
KI67 1 in 200 run5.ndpi,Annotation (germinal_center),0.1101
KI67 1 in 200 run5.ndpi,Annotation (germinal_center),0.0471
KI67 1 in 200 run5.ndpi,Annotation (germinal_center),0.0915
KI67 1 in 200 run5.ndpi,Annotation (germinal_center),0.074
KI67 1 in 200 run5.ndpi,Annotation (germinal_center),0.0491
KI67 1 in 200 run5.ndpi,Annotation (germinal_center),0.0896
KI67 1 in 200 run5.ndpi,Annotation (germinal_center),0.0826
KI67 1 in 200 run5.ndpi,Annotation (germinal_center),0.0771
KI67 1 in 200 run5.ndpi,Annotation (germinal_center),0.0901
KI67 1 in 200 run5.ndpi,Annotation (germinal_center),0.104
KI67 1 in 200 run5.ndpi,Annotation (germinal_center),0.0531
KI67 1 in 200 run5.ndpi,Annotation (germinal_center),0.0526
KI67 1 in 200 run5.ndpi,Annotation (germinal_center),0.0602
KI67 1 in 200 run5.ndpi,Annotation (germinal_center),0.0937
KI67 1 in 200 run5.ndpi,Annotation (germinal_center),0.1003
KI67 1 in 200 run5.ndpi,Annotation (germinal_center),0.0685
KI67 1 in 200 run5.ndpi,Annotation (germinal_center),0.0882
KI67 1 in 200 run5.ndpi,Annotation (germinal_center),0.056
KI67 1 in 200 run5.ndpi,Annotation (germinal_center),0.0545
KI67 1 in 200 run5.ndpi,Annotation (germinal_center),0.0921
KI67 1 in 200 run5.ndpi,Annotation (germinal_center),0.0653
KI67 1 in 200 run5.ndpi,Annotation (germinal_center),0.04
KI67 1 in 200 run5.ndpi,Annotation (germinal_center),0.0607
KI67 1 in 200 run5.ndpi,Annotation (germinal_center),0.0584
KI67 1 in 200 run5.ndpi,Annotation (germinal_center),0.1051
KI67 1 in 200 run5.ndpi,Annotation (germinal_center),0.0511
KI67 1 in 200 run5.ndpi,Annotation (germinal_center),0.0635
KI67 1 in 200 run5.ndpi,Annotation (germinal_center),0.0889
KI67 1 in 200 run5.ndpi,Annotation (germinal_center),0.0542
KI67 1 in 200 run5.ndpi,Annotation (germinal_center),0.1028
KI67 1 in 200 run5.ndpi,Annotation (germinal_center),0.066
KI67 1 in 200 run5.ndpi,Annotation (germinal_center),0.0774
KI67 1 in 200 run5.ndpi,Annotation (germinal_center),0.1062
KI67 1 in 200 run5.ndpi,Annotation (germinal_center),0.05
KI67 1 in 200 run5.ndpi,Annotation (germinal_center),0.0436
KI67 1 in 200 run5.ndpi,Annotation (germinal_center),0.0602
KI67 1 in 200 run5.ndpi,Annotation (germinal_center),0.0789
KI67 1 in 200 run5.ndpi,Annotation (germinal_center),0.0491
KI67 1 in 200 run5.ndpi,Annotation (germinal_center),0.0681
KI67 1 in 200 run5.ndpi,Annotation (germinal_center),0.0736
KI67 1 in 200 run5.ndpi,Annotation (germinal_center),0.114
KI67 1 in 200 run5.ndpi,Annotation (germinal_center),0.1039
KI67 1 in 200 run5.ndpi,Annotation (germinal_center),0.0588
KI67 1 in 200 run5.ndpi,Annotation (germinal_center),0.0839
KI67 1 in 200 run5.ndpi,Annotation (germinal_center),
KI67 1 in 200 run5.ndpi,Annotation (germinal_center),0.0728
KI67 1 in 200 run5.ndpi,Annotation (germinal_center),0.0559
KI67 1 in 200 run5.ndpi,Annotation (germinal_center),0.1066
KI67 1 in 200 run5.ndpi,Annotation (germinal_center),0.0487
KI67 1 in 200 run5.ndpi,Annotation (germinal_center),0.0459
KI67 1 in 200 run5.ndpi,Annotation (germinal_center),0.0379
KI67 1 in 200 run5.ndpi,Annotation (germinal_center),0.048
KI67 1 in 200 run5.ndpi,Annotation (germinal_center),0.0736
KI67 1 in 200 run5.ndpi,Annotation (germinal_center),0.0757
KI67 1 in 200 run5.ndpi,Annotation (germinal_center),0.0495
KI67 1 in 200 run5.ndpi,Annotation (germinal_center),0.0559
KI67 1 in 200 run5.ndpi,Annotation (germinal_center),0.0616
KI67 1 in 200 run5.ndpi,Annotation (germinal_center),0.0704
KI67 1 in 200 run5.ndpi,Annotation (germinal_center),0.0475
KI67 1 in 200 run5.ndpi,Annotation (germinal_center),0.0424
KI67 1 in 200 run5.ndpi,Annotation (germinal_center),0.0416
KI67 1 in 200 run5.ndpi,Annotation (germinal_center),0.0564
KI67 1 in 200 run5.ndpi,Annotation (germinal_center),0.1217
KI67 1 in 200 run5.ndpi,Annotation (germinal_center),0.0976
KI67 1 in 200 run5.ndpi,Annotation (germinal_center),0.0418
KI67 1 in 200 run5.ndpi,Annotation (germinal_center),0.0402
KI67 1 in 200 run5.ndpi,Annotation (germinal_center),0.1265
KI67 1 in 200 run5.ndpi,Annotation (germinal_center),0.0566
KI67 1 in 200 run5.ndpi,Annotation (germinal_center),0.0412
KI67 1 in 200 run5.ndpi,Annotation (germinal_center),0.0574
KI67 1 in 200 run5.ndpi,Annotation (germinal_center),0.057
KI67 1 in 200 run5.ndpi,Annotation (germinal_center),
KI67 1 in 200 run5.ndpi,Annotation (germinal_center),0.094
KI67 1 in 200 run5.ndpi,Annotation (germinal_center),0.0956
KI67 1 in 200 run5.ndpi,Annotation (germinal_center),
KI67 1 in 200 run5.ndpi,Annotation (germinal_center),0.0462
KI67 1 in 200 run5.ndpi,Annotation (germinal_center),0.0442
KI67 1 in 200 run5.ndpi,Annotation (germinal_center),0.1786
KI67 1 in 200 run5.ndpi,Annotation (germinal_center),0.1232
KI67 1 in 200 run5.ndpi,Annotation (germinal_center),0.1429
KI67 1 in 200 run5.ndpi,Annotation (germinal_center),0.0694
KI67 1 in 200 run5.ndpi,Annotation (germinal_center),0.0451
KI67 1 in 200 run5.ndpi,Annotation (germinal_center),0.0526
KI67 1 in 200 run5.ndpi,Annotation (germinal_center),0.0852
KI67 1 in 200 run5.ndpi,Annotation (germinal_center),0.0456
KI67 1 in 200 run5.ndpi,Annotation (germinal_center),0.0534
KI67 1 in 200 run5.ndpi,Annotation (germinal_center),0.0391
KI67 1 in 200 run5.ndpi,Annotation (germinal_center),0.0455
KI67 1 in 200 run5.ndpi,Annotation (germinal_center),0.086
KI67 1 in 200 run5.ndpi,Annotation (germinal_center),0.0514
KI67 1 in 200 run5.ndpi,Annotation (germinal_center),0.0808
KI67 1 in 200 run5.ndpi,Annotation (germinal_center),0.128
KI67 1 in 200 run5.ndpi,Annotation (germinal_center),0.0886
KI67 1 in 200 run5.ndpi,Annotation (germinal_center),0.1026
KI67 1 in 200 run5.ndpi,Annotation (germinal_center),0.0484
KI67 1 in 200 run5.ndpi,Annotation (germinal_center),0.1269
KI67 1 in 200 run5.ndpi,Annotation (germinal_center),0.1105
KI67 1 in 200 run5.ndpi,Annotation (germinal_center),0.1271
KI67 1 in 200 run5.ndpi,Annotation (germinal_center),0.1292
KI67 1 in 200 run5.ndpi,Annotation (germinal_center),0.099
KI67 1 in 200 run5.ndpi,Annotation (germinal_center),0.083
KI67 1 in 200 run5.ndpi,Annotation (germinal_center),0.106
KI67 1 in 200 run5.ndpi,Annotation (germinal_center),0.0432
KI67 1 in 200 run5.ndpi,Annotation (germinal_center),0.0919
KI67 1 in 200 run5.ndpi,Annotation (germinal_center),0.1068
KI67 1 in 200 run5.ndpi,Annotation (germinal_center),0.0582
KI67 1 in 200 run5.ndpi,Annotation (germinal_center),0.063
KI67 1 in 200 run5.ndpi,Annotation (germinal_center),0.09
KI67 1 in 200 run5.ndpi,Annotation (germinal_center),0.1028
KI67 1 in 200 run5.ndpi,Annotation (germinal_center),0.0957
KI67 1 in 200 run5.ndpi,Annotation (germinal_center),0.1032
KI67 1 in 200 run5.ndpi,Annotation (germinal_center),0.0454
KI67 1 in 200 run5.ndpi,Annotation (germinal_center),0.0223
KI67 1 in 200 run5.ndpi,Annotation (germinal_center),0.0794
KI67 1 in 200 run5.ndpi,Annotation (germinal_center),0.0329
KI67 1 in 200 run5.ndpi,Annotation (germinal_center),0.0694
KI67 1 in 200 run5.ndpi,Annotation (germinal_center),0.098
KI67 1 in 200 run5.ndpi,Annotation (germinal_center),0.0839
KI67 1 in 200 run5.ndpi,Annotation (germinal_center),0.0625
KI67 1 in 200 run5.ndpi,Annotation (germinal_center),0.0803
KI67 1 in 200 run5.ndpi,Annotation (germinal_center),0.0901
KI67 1 in 200 run5.ndpi,Annotation (germinal_center),0.0777
KI67 1 in 200 run5.ndpi,Annotation (germinal_center),0.0735
KI67 1 in 200 run5.ndpi,Annotation (germinal_center),0.1359
KI67 1 in 200 run5.ndpi,Annotation (germinal_center),0.0822
KI67 1 in 200 run5.ndpi,Annotation (germinal_center),0.0391
KI67 1 in 200 run5.ndpi,Annotation (germinal_center),0.0594
KI67 1 in 200 run5.ndpi,Annotation (germinal_center),0.0731
KI67 1 in 200 run5.ndpi,Annotation (germinal_center),0.064
KI67 1 in 200 run5.ndpi,Annotation (germinal_center),0.0592
KI67 1 in 200 run5.ndpi,Annotation (germinal_center),0.0837
KI67 1 in 200 run5.ndpi,Annotation (germinal_center),0.0648
KI67 1 in 200 run5.ndpi,Annotation (germinal_center),0.1884
KI67 1 in 200 run5.ndpi,Annotation (germinal_center),0.2832
KI67 1 in 200 run5.ndpi,Annotation (germinal_center),0.0753
KI67 1 in 200 run5.ndpi,Annotation (germinal_center),0.0971
KI67 1 in 200 run5.ndpi,Annotation (germinal_center),0.1442
KI67 1 in 200 run5.ndpi,Annotation (germinal_center),0.1065
KI67 1 in 200 run5.ndpi,Annotation (germinal_center),0.0727
KI67 1 in 200 run5.ndpi,Annotation (germinal_center),0.0667
KI67 1 in 200 run5.ndpi,Annotation (germinal_center),0.1409
KI67 1 in 200 run5.ndpi,Annotation (germinal_center),0.1798
KI67 1 in 200 run5.ndpi,Annotation (germinal_center),0.0762
KI67 1 in 200 run5.ndpi,Annotation (germinal_center),0.127
KI67 1 in 200 run5.ndpi,Annotation (germinal_center),0.0589
KI67 1 in 200 run5.ndpi,Annotation (germinal_center),0.0689
KI67 1 in 200 run5.ndpi,Annotation (germinal_center),0.1236
KI67 1 in 200 run5.ndpi,Annotation (germinal_center),0.0684
KI67 1 in 200 run5.ndpi,Annotation (germinal_center),0.1789
KI67 1 in 200 run5.ndpi,Annotation (germinal_center),0.1076
KI67 1 in 200 run5.ndpi,Annotation (germinal_center),0.0723
KI67 1 in 200 run5.ndpi,Annotation (germinal_center),0.0865
KI67 1 in 200 run5.ndpi,Annotation (germinal_center),0.0988
KI67 1 in 200 run5.ndpi,Annotation (germinal_center),0.079
KI67 1 in 200 run5.ndpi,Annotation (germinal_center),0.0981
KI67 1 in 200 run5.ndpi,Annotation (germinal_center),0.0471
KI67 1 in 200 run5.ndpi,Annotation (germinal_center),0.0765
KI67 1 in 200 run5.ndpi,Annotation (germinal_center),0.0894
KI67 1 in 200 run5.ndpi,Annotation (germinal_center),0.0645
KI67 1 in 200 run5.ndpi,Annotation (germinal_center),0.1132
KI67 1 in 200 run5.ndpi,Annotation (germinal_center),0.1043
KI67 1 in 200 run5.ndpi,Annotation (germinal_center),0.1072
KI67 1 in 200 run5.ndpi,Annotation (germinal_center),0.0745
KI67 1 in 200 run5.ndpi,Annotation (germinal_center),0.0727
KI67 1 in 200 run5.ndpi,Annotation (germinal_center),0.069
KI67 1 in 200 run5.ndpi,Annotation (germinal_center),0.0916
KI67 1 in 200 run5.ndpi,Annotation (germinal_center),0.0934
KI67 1 in 200 run5.ndpi,Annotation (germinal_center),0.0642
KI67 1 in 200 run5.ndpi,Annotation (germinal_center),0.0971
KI67 1 in 200 run5.ndpi,Annotation (germinal_center),0.0653
KI67 1 in 200 run5.ndpi,Annotation (germinal_center),0.1047
KI67 1 in 200 run5.ndpi,Annotation (germinal_center),0.0918
KI67 1 in 200 run5.ndpi,Annotation (germinal_center),0.0659
KI67 1 in 200 run5.ndpi,Annotation (germinal_center),0.0658
KI67 1 in 200 run5.ndpi,Annotation (germinal_center),0.061
KI67 1 in 200 run5.ndpi,Annotation (germinal_center),0.0796
KI67 1 in 200 run5.ndpi,Annotation (germinal_center),0.113
KI67 1 in 200 run5.ndpi,Annotation (germinal_center),0.0893
KI67 1 in 200 run5.ndpi,Annotation (germinal_center),0.0854
KI67 1 in 200 run5.ndpi,Annotation (germinal_center),0.0838
KI67 1 in 200 run5.ndpi,Annotation (germinal_center),0.058
KI67 1 in 200 run5.ndpi,Annotation (germinal_center),0.0811
KI67 1 in 200 run5.ndpi,Annotation (germinal_center),0.0681
KI67 1 in 200 run5.ndpi,Annotation (germinal_center),0.0776
KI67 1 in 200 run5.ndpi,Annotation (germinal_center),0.0745
KI67 1 in 200 run5.ndpi,Annotation (germinal_center),0.0882
KI67 1 in 200 run5.ndpi,Annotation (germinal_center),0.074
KI67 1 in 200 run5.ndpi,Annotation (germinal_center),0.0761
KI67 1 in 200 run5.ndpi,Annotation (germinal_center),0.0634
KI67 1 in 200 run5.ndpi,Annotation (germinal_center),0.0762
KI67 1 in 200 run5.ndpi,Annotation (germinal_center),0.0948
KI67 1 in 200 run5.ndpi,Annotation (germinal_center),0.0905
KI67 1 in 200 run5.ndpi,Annotation (germinal_center),0.0705
KI67 1 in 200 run5.ndpi,Annotation (germinal_center),0.097
KI67 1 in 200 run5.ndpi,Annotation (germinal_center),0.0822
KI67 1 in 200 run5.ndpi,Annotation (germinal_center),0.0937
KI67 1 in 200 run5.ndpi,Annotation (germinal_center),0.0896
KI67 1 in 200 run5.ndpi,Annotation (germinal_center),0.097
KI67 1 in 200 run5.ndpi,Annotation (germinal_center),0.1041
KI67 1 in 200 run5.ndpi,Annotation (germinal_center),0.0886
KI67 1 in 200 run5.ndpi,Annotation (germinal_center),0.0708
KI67 1 in 200 run5.ndpi,Annotation (germinal_center),0.0634
KI67 1 in 200 run5.ndpi,Annotation (germinal_center),0.0868
KI67 1 in 200 run5.ndpi,Annotation (germinal_center),0.0801
KI67 1 in 200 run5.ndpi,Annotation (germinal_center),0.1894
KI67 1 in 200 run5.ndpi,Annotation (germinal_center),0.102
KI67 1 in 200 run5.ndpi,Annotation (germinal_center),0.0989
KI67 1 in 200 run5.ndpi,Annotation (germinal_center),0.0851
KI67 1 in 200 run5.ndpi,Annotation (germinal_center),0.1102
KI67 1 in 200 run5.ndpi,Annotation (germinal_center),0.1023
KI67 1 in 200 run5.ndpi,Annotation (germinal_center),0.0938
KI67 1 in 200 run5.ndpi,Annotation (germinal_center),0.0814
KI67 1 in 200 run5.ndpi,Annotation (germinal_center),0.0589
KI67 1 in 200 run5.ndpi,Annotation (germinal_center),0.0997
KI67 1 in 200 run5.ndpi,Annotation (germinal_center),0.1024
KI67 1 in 200 run5.ndpi,Annotation (germinal_center),0.0691
KI67 1 in 200 run5.ndpi,Annotation (germinal_center),0.0725
KI67 1 in 200 run5.ndpi,Annotation (germinal_center),0.0661
KI67 1 in 200 run5.ndpi,Annotation (germinal_center),0.0692
KI67 1 in 200 run5.ndpi,Annotation (germinal_center),0.0885
KI67 1 in 200 run5.ndpi,Annotation (germinal_center),0.0963
KI67 1 in 200 run5.ndpi,Annotation (germinal_center),0.0843
KI67 1 in 200 run5.ndpi,Annotation (germinal_center),0.0732
KI67 1 in 200 run5.ndpi,Annotation (germinal_center),0.0772
KI67 1 in 200 run5.ndpi,Annotation (germinal_center),0.0703
KI67 1 in 200 run5.ndpi,Annotation (germinal_center),0.0797
KI67 1 in 200 run5.ndpi,Annotation (germinal_center),0.1186
KI67 1 in 200 run5.ndpi,Annotation (germinal_center),0.0971
KI67 1 in 200 run5.ndpi,Annotation (germinal_center),0.0756
KI67 1 in 200 run5.ndpi,Annotation (germinal_center),0.0963
KI67 1 in 200 run5.ndpi,Annotation (germinal_center),0.0616
KI67 1 in 200 run5.ndpi,Annotation (germinal_center),0.0705
KI67 1 in 200 run5.ndpi,Annotation (germinal_center),0.089
KI67 1 in 200 run5.ndpi,Annotation (germinal_center),0.0533
KI67 1 in 200 run5.ndpi,Annotation (germinal_center),0.0857
KI67 1 in 200 run5.ndpi,Annotation (germinal_center),0.0563
KI67 1 in 200 run5.ndpi,Annotation (germinal_center),0.1023
KI67 1 in 200 run5.ndpi,Annotation (germinal_center),0.0835
KI67 1 in 200 run5.ndpi,Annotation (germinal_center),0.0806
KI67 1 in 200 run5.ndpi,Annotation (germinal_center),0.3158
KI67 1 in 200 run5.ndpi,Annotation (germinal_center),0.1036
KI67 1 in 200 run5.ndpi,Annotation (germinal_center),0.099
KI67 1 in 200 run5.ndpi,Annotation (germinal_center),0.0708
KI67 1 in 200 run5.ndpi,Annotation (germinal_center),0.095
KI67 1 in 200 run5.ndpi,Annotation (germinal_center),0.1249
KI67 1 in 200 run5.ndpi,Annotation (germinal_center),0.0976
KI67 1 in 200 run5.ndpi,Annotation (germinal_center),0.0389
KI67 1 in 200 run5.ndpi,Annotation (germinal_center),0.0801
KI67 1 in 200 run5.ndpi,Annotation (germinal_center),0.0907
KI67 1 in 200 run5.ndpi,Annotation (germinal_center),0.073
KI67 1 in 200 run5.ndpi,Annotation (germinal_center),0.0797
KI67 1 in 200 run5.ndpi,Annotation (germinal_center),0.0821
KI67 1 in 200 run5.ndpi,Annotation (germinal_center),0.0817
KI67 1 in 200 run5.ndpi,Annotation (germinal_center),0.0835
KI67 1 in 200 run5.ndpi,Annotation (germinal_center),0.0938
KI67 1 in 200 run5.ndpi,Annotation (germinal_center),0.0614
KI67 1 in 200 run5.ndpi,Annotation (germinal_center),0.1262
KI67 1 in 200 run5.ndpi,Annotation (germinal_center),0.086
KI67 1 in 200 run5.ndpi,Annotation (germinal_center),0.0713
KI67 1 in 200 run5.ndpi,Annotation (germinal_center),0.062
KI67 1 in 200 run5.ndpi,Annotation (germinal_center),0.0889
KI67 1 in 200 run5.ndpi,Annotation (germinal_center),0.0879
KI67 1 in 200 run5.ndpi,Annotation (germinal_center),0.0531
KI67 1 in 200 run5.ndpi,Annotation (germinal_center),0.1085
KI67 1 in 200 run5.ndpi,Annotation (germinal_center),0.0911
KI67 1 in 200 run5.ndpi,Annotation (germinal_center),0.0671
KI67 1 in 200 run5.ndpi,Annotation (germinal_center),0.0784
KI67 1 in 200 run5.ndpi,Annotation (germinal_center),0.2159
KI67 1 in 200 run5.ndpi,Annotation (germinal_center),0.0868
KI67 1 in 200 run5.ndpi,Annotation (germinal_center),0.0761
KI67 1 in 200 run5.ndpi,Annotation (germinal_center),0.0692
KI67 1 in 200 run5.ndpi,Annotation (germinal_center),0.07
KI67 1 in 200 run5.ndpi,Annotation (germinal_center),0.0793
KI67 1 in 200 run5.ndpi,Annotation (germinal_center),0.0895
KI67 1 in 200 run5.ndpi,Annotation (germinal_center),0.0689
KI67 1 in 200 run5.ndpi,Annotation (germinal_center),0.0589
KI67 1 in 200 run5.ndpi,Annotation (germinal_center),0.074
KI67 1 in 200 run5.ndpi,Annotation (germinal_center),0.0671
KI67 1 in 200 run5.ndpi,Annotation (germinal_center),0.0735
KI67 1 in 200 run5.ndpi,Annotation (germinal_center),0.1351
KI67 1 in 200 run5.ndpi,Annotation (germinal_center),0.094
KI67 1 in 200 run5.ndpi,Annotation (germinal_center),0.2752
KI67 1 in 200 run5.ndpi,Annotation (germinal_center),0.0663
KI67 1 in 200 run5.ndpi,Annotation (germinal_center),0.0769
KI67 1 in 200 run5.ndpi,Annotation (germinal_center),0.0871
KI67 1 in 200 run5.ndpi,Annotation (germinal_center),0.0768
KI67 1 in 200 run5.ndpi,Annotation (germinal_center),0.0812
KI67 1 in 200 run5.ndpi,Annotation (germinal_center),0.0988
KI67 1 in 200 run5.ndpi,Annotation (germinal_center),0.0715
KI67 1 in 200 run5.ndpi,Annotation (germinal_center),0.091
KI67 1 in 200 run5.ndpi,Annotation (germinal_center),0.0934
KI67 1 in 200 run5.ndpi,Annotation (germinal_center),0.0757
KI67 1 in 200 run5.ndpi,Annotation (germinal_center),0.0864
KI67 1 in 200 run5.ndpi,Annotation (germinal_center),0.0877
KI67 1 in 200 run5.ndpi,Annotation (germinal_center),0.122
KI67 1 in 200 run5.ndpi,Annotation (germinal_center),0.0904
KI67 1 in 200 run5.ndpi,Annotation (germinal_center),0.0763
KI67 1 in 200 run5.ndpi,Annotation (germinal_center),0.0646
KI67 1 in 200 run5.ndpi,Annotation (germinal_center),0.099
KI67 1 in 200 run5.ndpi,Annotation (germinal_center),0.0866
KI67 1 in 200 run5.ndpi,Annotation (germinal_center),0.0714
KI67 1 in 200 run5.ndpi,Annotation (germinal_center),
KI67 1 in 200 run5.ndpi,Annotation (germinal_center),0.0629
KI67 1 in 200 run5.ndpi,Annotation (germinal_center),0.0827
KI67 1 in 200 run5.ndpi,Annotation (germinal_center),0.1029
KI67 1 in 200 run5.ndpi,Annotation (germinal_center),0.0807
KI67 1 in 200 run5.ndpi,Annotation (germinal_center),0.1139
KI67 1 in 200 run5.ndpi,Annotation (germinal_center),0.0671
KI67 1 in 200 run5.ndpi,Annotation (germinal_center),0.0866
KI67 1 in 200 run5.ndpi,Annotation (germinal_center),0.0795
KI67 1 in 200 run5.ndpi,Annotation (germinal_center),
KI67 1 in 200 run5.ndpi,Annotation (germinal_center),0.0775
KI67 1 in 200 run5.ndpi,Annotation (germinal_center),0.0686
KI67 1 in 200 run5.ndpi,Annotation (germinal_center),0.076
KI67 1 in 200 run5.ndpi,Annotation (germinal_center),0.0849
KI67 1 in 200 run5.ndpi,Annotation (germinal_center),0.5464
KI67 1 in 200 run5.ndpi,Annotation (germinal_center),0.1026
KI67 1 in 200 run5.ndpi,Annotation (germinal_center),0.0527
KI67 1 in 200 run5.ndpi,Annotation (germinal_center),0.0791
KI67 1 in 200 run5.ndpi,Annotation (germinal_center),0.058
KI67 1 in 200 run5.ndpi,Annotation (germinal_center),0.0681
KI67 1 in 200 run5.ndpi,Annotation (germinal_center),0.1538
KI67 1 in 200 run5.ndpi,Annotation (germinal_center),0.0506
KI67 1 in 200 run5.ndpi,Annotation (germinal_center),0.051
KI67 1 in 200 run5.ndpi,Annotation (germinal_center),0.1097
KI67 1 in 200 run5.ndpi,Annotation (germinal_center),0.0413
KI67 1 in 200 run5.ndpi,Annotation (germinal_center),0.0413
KI67 1 in 200 run5.ndpi,Annotation (germinal_center),0.0956
KI67 1 in 200 run5.ndpi,Annotation (germinal_center),
KI67 1 in 200 run5.ndpi,Annotation (germinal_center),0.0774
KI67 1 in 200 run5.ndpi,Annotation (germinal_center),0.1032
KI67 1 in 200 run5.ndpi,Annotation (germinal_center),0.3613
KI67 1 in 200 run5.ndpi,Annotation (germinal_center),0.0472
KI67 1 in 200 run5.ndpi,Annotation (germinal_center),0.0722
KI67 1 in 200 run5.ndpi,Annotation (germinal_center),0.0426
KI67 1 in 200 run5.ndpi,Annotation (germinal_center),0.0662
KI67 1 in 200 run5.ndpi,Annotation (germinal_center),0.0278
KI67 1 in 200 run5.ndpi,Annotation (germinal_center),0.0468
KI67 1 in 200 run5.ndpi,Annotation (germinal_center),0.0472
KI67 1 in 200 run5.ndpi,Annotation (germinal_center),0.0282
KI67 1 in 200 run5.ndpi,Annotation (germinal_center),0.057
KI67 1 in 200 run5.ndpi,Annotation (germinal_center),0.0495
KI67 1 in 200 run5.ndpi,Annotation (germinal_center),0.0354
KI67 1 in 200 run5.ndpi,Annotation (germinal_center),0.0607
KI67 1 in 200 run5.ndpi,Annotation (germinal_center),0.0854
KI67 1 in 200 run5.ndpi,Annotation (germinal_center),0.028
KI67 1 in 200 run5.ndpi,Annotation (germinal_center),0.0302
KI67 1 in 200 run5.ndpi,Annotation (germinal_center),0.0688
KI67 1 in 200 run5.ndpi,Annotation (germinal_center),0.0511
KI67 1 in 200 run5.ndpi,Annotation (germinal_center),0.0695
KI67 1 in 200 run5.ndpi,Annotation (germinal_center),0.0312
KI67 1 in 200 run5.ndpi,Annotation (germinal_center),0.0546
KI67 1 in 200 run5.ndpi,Annotation (germinal_center),0.0617
KI67 1 in 200 run5.ndpi,Annotation (germinal_center),0.0437
KI67 1 in 200 run5.ndpi,Annotation (germinal_center),0.0575
KI67 1 in 200 run5.ndpi,Annotation (germinal_center),0.0403
KI67 1 in 200 run5.ndpi,Annotation (germinal_center),0.0662
KI67 1 in 200 run5.ndpi,Annotation (germinal_center),0.0439
KI67 1 in 200 run5.ndpi,Annotation (germinal_center),0.0604
KI67 1 in 200 run5.ndpi,Annotation (germinal_center),0.0555
KI67 1 in 200 run5.ndpi,Annotation (germinal_center),0.048
KI67 1 in 200 run5.ndpi,Annotation (germinal_center),0.064
KI67 1 in 200 run5.ndpi,Annotation (germinal_center),0.0946
KI67 1 in 200 run5.ndpi,Annotation (germinal_center),0.0675
KI67 1 in 200 run5.ndpi,Annotation (germinal_center),0.0497
KI67 1 in 200 run5.ndpi,Annotation (germinal_center),0.0512
KI67 1 in 200 run5.ndpi,Annotation (germinal_center),0.053
KI67 1 in 200 run5.ndpi,Annotation (germinal_center),0.057
KI67 1 in 200 run5.ndpi,Annotation (germinal_center),0.0399
KI67 1 in 200 run5.ndpi,Annotation (germinal_center),0.0372
KI67 1 in 200 run5.ndpi,Annotation (germinal_center),0.0314
KI67 1 in 200 run5.ndpi,Annotation (germinal_center),0.057
KI67 1 in 200 run5.ndpi,Annotation (germinal_center),0.0666
KI67 1 in 200 run5.ndpi,Annotation (germinal_center),0.0841
KI67 1 in 200 run5.ndpi,Annotation (germinal_center),0.0385
KI67 1 in 200 run5.ndpi,Annotation (germinal_center),0.0466
KI67 1 in 200 run5.ndpi,Annotation (germinal_center),0.052
KI67 1 in 200 run5.ndpi,Annotation (germinal_center),0.0509
KI67 1 in 200 run5.ndpi,Annotation (germinal_center),0.0611
KI67 1 in 200 run5.ndpi,Annotation (germinal_center),0.0334
KI67 1 in 200 run5.ndpi,Annotation (germinal_center),0.0478
KI67 1 in 200 run5.ndpi,Annotation (germinal_center),0.0527
KI67 1 in 200 run5.ndpi,Annotation (germinal_center),0.0552
KI67 1 in 200 run5.ndpi,Annotation (germinal_center),0.0481
KI67 1 in 200 run5.ndpi,Annotation (germinal_center),0.0635
KI67 1 in 200 run5.ndpi,Annotation (germinal_center),0.035
KI67 1 in 200 run5.ndpi,Annotation (germinal_center),0.048
KI67 1 in 200 run5.ndpi,Annotation (germinal_center),0.0614
KI67 1 in 200 run5.ndpi,Annotation (germinal_center),0.0589
KI67 1 in 200 run5.ndpi,Annotation (germinal_center),0.044
KI67 1 in 200 run5.ndpi,Annotation (germinal_center),0.0877
KI67 1 in 200 run5.ndpi,Annotation (germinal_center),0.063
KI67 1 in 200 run5.ndpi,Annotation (germinal_center),0.045
KI67 1 in 200 run5.ndpi,Annotation (germinal_center),0.1041
KI67 1 in 200 run5.ndpi,Annotation (germinal_center),0.0413
KI67 1 in 200 run5.ndpi,Annotation (germinal_center),0.0456
KI67 1 in 200 run5.ndpi,Annotation (germinal_center),0.061
KI67 1 in 200 run5.ndpi,Annotation (germinal_center),0.0863
KI67 1 in 200 run5.ndpi,Annotation (germinal_center),0.0631
KI67 1 in 200 run5.ndpi,Annotation (germinal_center),0.0624
KI67 1 in 200 run5.ndpi,Annotation (germinal_center),0.0744
KI67 1 in 200 run5.ndpi,Annotation (germinal_center),0.081
KI67 1 in 200 run5.ndpi,Annotation (germinal_center),0.094
KI67 1 in 200 run5.ndpi,Annotation (germinal_center),0.0496
KI67 1 in 200 run5.ndpi,Annotation (germinal_center),0.0533
KI67 1 in 200 run5.ndpi,Annotation (germinal_center),0.0683
KI67 1 in 200 run5.ndpi,Annotation (germinal_center),0.0436
KI67 1 in 200 run5.ndpi,Annotation (germinal_center),0.0579
KI67 1 in 200 run5.ndpi,Annotation (germinal_center),0.0512
KI67 1 in 200 run5.ndpi,Annotation (germinal_center),0.0245
KI67 1 in 200 run5.ndpi,Annotation (germinal_center),0.0467
KI67 1 in 200 run5.ndpi,Annotation (germinal_center),0.0401
KI67 1 in 200 run5.ndpi,Annotation (germinal_center),0.0322
KI67 1 in 200 run5.ndpi,Annotation (germinal_center),0.0647
KI67 1 in 200 run5.ndpi,Annotation (germinal_center),0.0539
KI67 1 in 200 run5.ndpi,Annotation (germinal_center),0.048
KI67 1 in 200 run5.ndpi,Annotation (germinal_center),0.0647
KI67 1 in 200 run5.ndpi,Annotation (germinal_center),0.0592
KI67 1 in 200 run5.ndpi,Annotation (germinal_center),0.044
KI67 1 in 200 run5.ndpi,Annotation (germinal_center),0.0361
KI67 1 in 200 run5.ndpi,Annotation (germinal_center),0.0716
KI67 1 in 200 run5.ndpi,Annotation (germinal_center),0.0747
KI67 1 in 200 run5.ndpi,Annotation (germinal_center),0.0469
KI67 1 in 200 run5.ndpi,Annotation (germinal_center),0.0375
KI67 1 in 200 run5.ndpi,Annotation (germinal_center),0.0417
KI67 1 in 200 run5.ndpi,Annotation (germinal_center),0.0801
KI67 1 in 200 run5.ndpi,Annotation (germinal_center),0.0522
KI67 1 in 200 run5.ndpi,Annotation (germinal_center),0.027
KI67 1 in 200 run5.ndpi,Annotation (germinal_center),0.0683
KI67 1 in 200 run5.ndpi,Annotation (germinal_center),0.0689
KI67 1 in 200 run5.ndpi,Annotation (germinal_center),0.0783
KI67 1 in 200 run5.ndpi,Annotation (germinal_center),0.0457
KI67 1 in 200 run5.ndpi,Annotation (germinal_center),0.0721
KI67 1 in 200 run5.ndpi,Annotation (germinal_center),0.077
KI67 1 in 200 run5.ndpi,Annotation (germinal_center),0.0403
KI67 1 in 200 run5.ndpi,Annotation (germinal_center),0.0446
KI67 1 in 200 run5.ndpi,Annotation (germinal_center),0.0414
KI67 1 in 200 run5.ndpi,Annotation (germinal_center),0.0572
KI67 1 in 200 run5.ndpi,Annotation (germinal_center),0.0321
KI67 1 in 200 run5.ndpi,Annotation (germinal_center),0.0589
KI67 1 in 200 run5.ndpi,Annotation (germinal_center),0.1076
KI67 1 in 200 run5.ndpi,Annotation (germinal_center),0.0663
KI67 1 in 200 run5.ndpi,Annotation (germinal_center),0.0428
KI67 1 in 200 run5.ndpi,Annotation (germinal_center),0.0518
KI67 1 in 200 run5.ndpi,Annotation (germinal_center),0.0596
KI67 1 in 200 run5.ndpi,Annotation (germinal_center),0.0625
KI67 1 in 200 run5.ndpi,Annotation (germinal_center),0.0437
KI67 1 in 200 run5.ndpi,Annotation (germinal_center),0.0511
KI67 1 in 200 run5.ndpi,Annotation (germinal_center),0.037
KI67 1 in 200 run5.ndpi,Annotation (germinal_center),0.0712
KI67 1 in 200 run5.ndpi,Annotation (germinal_center),0.1026
KI67 1 in 200 run5.ndpi,Annotation (germinal_center),0.0426
KI67 1 in 200 run5.ndpi,Annotation (germinal_center),0.0441
KI67 1 in 200 run5.ndpi,Annotation (germinal_center),0.0449
KI67 1 in 200 run5.ndpi,Annotation (germinal_center),0.0627
KI67 1 in 200 run5.ndpi,Annotation (germinal_center),0.0572
KI67 1 in 200 run5.ndpi,Annotation (germinal_center),0.0715
KI67 1 in 200 run5.ndpi,Annotation (germinal_center),0.0684
KI67 1 in 200 run5.ndpi,Annotation (germinal_center),0.0748
KI67 1 in 200 run5.ndpi,Annotation (germinal_center),0.0626
KI67 1 in 200 run5.ndpi,Annotation (germinal_center),0.05
KI67 1 in 200 run5.ndpi,Annotation (germinal_center),0.0863
KI67 1 in 200 run5.ndpi,Annotation (germinal_center),0.0478
KI67 1 in 200 run5.ndpi,Annotation (germinal_center),0.0676
KI67 1 in 200 run5.ndpi,Annotation (germinal_center),0.0521
KI67 1 in 200 run5.ndpi,Annotation (germinal_center),0.0559
KI67 1 in 200 run5.ndpi,Annotation (germinal_center),0.0422
KI67 1 in 200 run5.ndpi,Annotation (germinal_center),0.0749
KI67 1 in 200 run5.ndpi,Annotation (germinal_center),0.0532
KI67 1 in 200 run5.ndpi,Annotation (germinal_center),0.043
KI67 1 in 200 run5.ndpi,Annotation (germinal_center),0.0293
KI67 1 in 200 run5.ndpi,Annotation (germinal_center),0.0546
KI67 1 in 200 run5.ndpi,Annotation (germinal_center),0.0427
KI67 1 in 200 run5.ndpi,Annotation (germinal_center),0.0469
KI67 1 in 200 run5.ndpi,Annotation (germinal_center),0.049
KI67 1 in 200 run5.ndpi,Annotation (germinal_center),0.0409
KI67 1 in 200 run5.ndpi,Annotation (germinal_center),0.0501
KI67 1 in 200 run5.ndpi,Annotation (germinal_center),0.0596
KI67 1 in 200 run5.ndpi,Annotation (germinal_center),0.099
KI67 1 in 200 run5.ndpi,Annotation (germinal_center),0.0937
KI67 1 in 200 run5.ndpi,Annotation (germinal_center),0.0684
KI67 1 in 200 run5.ndpi,Annotation (germinal_center),0.5705
KI67 1 in 200 run5.ndpi,Annotation (germinal_center),0.0797
KI67 1 in 200 run5.ndpi,Annotation (germinal_center),0.0459
KI67 1 in 200 run5.ndpi,Annotation (germinal_center),0.066
KI67 1 in 200 run5.ndpi,Annotation (germinal_center),0.0347
KI67 1 in 200 run5.ndpi,Annotation (germinal_center),0.0348
KI67 1 in 200 run5.ndpi,Annotation (germinal_center),0.0519
KI67 1 in 200 run5.ndpi,Annotation (germinal_center),0.0535
KI67 1 in 200 run5.ndpi,Annotation (germinal_center),0.0526
KI67 1 in 200 run5.ndpi,Annotation (germinal_center),0.0453
KI67 1 in 200 run5.ndpi,Annotation (germinal_center),0.1044
KI67 1 in 200 run5.ndpi,Annotation (germinal_center),0.0588
KI67 1 in 200 run5.ndpi,Annotation (germinal_center),0.0774
KI67 1 in 200 run5.ndpi,Annotation (germinal_center),0.0736
KI67 1 in 200 run5.ndpi,Annotation (germinal_center),0.0464
KI67 1 in 200 run5.ndpi,Annotation (germinal_center),0.0805
KI67 1 in 200 run5.ndpi,Annotation (germinal_center),0.044
KI67 1 in 200 run5.ndpi,Annotation (germinal_center),0.0352
KI67 1 in 200 run5.ndpi,Annotation (germinal_center),0.041
KI67 1 in 200 run5.ndpi,Annotation (germinal_center),0.0621
KI67 1 in 200 run5.ndpi,Annotation (germinal_center),0.027
KI67 1 in 200 run5.ndpi,Annotation (germinal_center),0.0457
KI67 1 in 200 run5.ndpi,Annotation (germinal_center),0.0625
KI67 1 in 200 run5.ndpi,Annotation (germinal_center),0.0467
KI67 1 in 200 run5.ndpi,Annotation (germinal_center),0.0542
KI67 1 in 200 run5.ndpi,Annotation (germinal_center),0.0278
KI67 1 in 200 run5.ndpi,Annotation (germinal_center),0.0509
KI67 1 in 200 run5.ndpi,Annotation (germinal_center),0.0225
KI67 1 in 200 run5.ndpi,Annotation (germinal_center),0.0693
KI67 1 in 200 run5.ndpi,Annotation (germinal_center),0.051
KI67 1 in 200 run5.ndpi,Annotation (germinal_center),0.0549
KI67 1 in 200 run5.ndpi,Annotation (germinal_center),0.0769
KI67 1 in 200 run5.ndpi,Annotation (germinal_center),0.2603
KI67 1 in 200 run5.ndpi,Annotation (germinal_center),0.0619
KI67 1 in 200 run5.ndpi,Annotation (germinal_center),0.0867
KI67 1 in 200 run5.ndpi,Annotation (germinal_center),0.1091
KI67 1 in 200 run5.ndpi,Annotation (germinal_center),0.0506
KI67 1 in 200 run5.ndpi,Annotation (germinal_center),0.0489
KI67 1 in 200 run5.ndpi,Annotation (germinal_center),0.0436
KI67 1 in 200 run5.ndpi,Annotation (germinal_center),0.0494
KI67 1 in 200 run5.ndpi,Annotation (germinal_center),0.0537
KI67 1 in 200 run5.ndpi,Annotation (germinal_center),0.0399
KI67 1 in 200 run5.ndpi,Annotation (germinal_center),0.0463
KI67 1 in 200 run5.ndpi,Annotation (germinal_center),0.0447
KI67 1 in 200 run5.ndpi,Annotation (germinal_center),0.0356
KI67 1 in 200 run5.ndpi,Annotation (germinal_center),0.0411
KI67 1 in 200 run5.ndpi,Annotation (germinal_center),0.055
KI67 1 in 200 run5.ndpi,Annotation (germinal_center),0.0267
KI67 1 in 200 run5.ndpi,Annotation (germinal_center),0.0517
KI67 1 in 200 run5.ndpi,Annotation (germinal_center),0.0402
KI67 1 in 200 run5.ndpi,Annotation (germinal_center),0.0318
KI67 1 in 200 run5.ndpi,Annotation (germinal_center),0.0619
KI67 1 in 200 run5.ndpi,Annotation (germinal_center),0.0457
KI67 1 in 200 run5.ndpi,Annotation (germinal_center),0.059
KI67 1 in 200 run5.ndpi,Annotation (germinal_center),0.0489
KI67 1 in 200 run5.ndpi,Annotation (germinal_center),0.0478
KI67 1 in 200 run5.ndpi,Annotation (germinal_center),0.0285
KI67 1 in 200 run5.ndpi,Annotation (germinal_center),0.0338
KI67 1 in 200 run5.ndpi,Annotation (germinal_center),0.0431
KI67 1 in 200 run5.ndpi,Annotation (germinal_center),0.0804
KI67 1 in 200 run5.ndpi,Annotation (germinal_center),0.0657
KI67 1 in 200 run5.ndpi,Annotation (germinal_center),0.0497
KI67 1 in 200 run5.ndpi,Annotation (germinal_center),0.0415
KI67 1 in 200 run5.ndpi,Annotation (germinal_center),0.0534
KI67 1 in 200 run5.ndpi,Annotation (germinal_center),0.0378
KI67 1 in 200 run5.ndpi,Annotation (germinal_center),0.0572
KI67 1 in 200 run5.ndpi,Annotation (germinal_center),0.0467
KI67 1 in 200 run5.ndpi,Annotation (germinal_center),0.0754
KI67 1 in 200 run5.ndpi,Annotation (germinal_center),0.0767
KI67 1 in 200 run5.ndpi,Annotation (germinal_center),0.0751
KI67 1 in 200 run5.ndpi,Annotation (germinal_center),0.0683
KI67 1 in 200 run5.ndpi,Annotation (germinal_center),0.0596
KI67 1 in 200 run5.ndpi,Annotation (germinal_center),0.0639
KI67 1 in 200 run5.ndpi,Annotation (germinal_center),0.028
KI67 1 in 200 run5.ndpi,Annotation (germinal_center),0.0563
KI67 1 in 200 run5.ndpi,Annotation (germinal_center),0.0657
KI67 1 in 200 run5.ndpi,Annotation (germinal_center),0.0673
KI67 1 in 200 run5.ndpi,Annotation (germinal_center),0.0519
KI67 1 in 200 run5.ndpi,Annotation (germinal_center),0.0464
KI67 1 in 200 run5.ndpi,Annotation (germinal_center),0.0642
KI67 1 in 200 run5.ndpi,Annotation (germinal_center),0.0558
KI67 1 in 200 run5.ndpi,Annotation (germinal_center),0.0839
KI67 1 in 200 run5.ndpi,Annotation (germinal_center),0.0465
KI67 1 in 200 run5.ndpi,Annotation (germinal_center),0.0443
KI67 1 in 200 run5.ndpi,Annotation (germinal_center),0.0308
KI67 1 in 200 run5.ndpi,Annotation (germinal_center),0.0569
KI67 1 in 200 run5.ndpi,Annotation (germinal_center),0.0666
KI67 1 in 200 run5.ndpi,Annotation (germinal_center),0.0525
KI67 1 in 200 run5.ndpi,Annotation (germinal_center),0.0315
KI67 1 in 200 run5.ndpi,Annotation (germinal_center),0.0358
KI67 1 in 200 run5.ndpi,Annotation (germinal_center),0.0455
KI67 1 in 200 run5.ndpi,Annotation (germinal_center),0.0626
KI67 1 in 200 run5.ndpi,Annotation (germinal_center),0.0891
KI67 1 in 200 run5.ndpi,Annotation (germinal_center),0.0461
KI67 1 in 200 run5.ndpi,Annotation (germinal_center),0.051
KI67 1 in 200 run5.ndpi,Annotation (germinal_center),0.0542
KI67 1 in 200 run5.ndpi,Annotation (germinal_center),0.0135
KI67 1 in 200 run5.ndpi,Annotation (germinal_center),0.2225
KI67 1 in 200 run5.ndpi,Annotation (germinal_center),0.0443
KI67 1 in 200 run5.ndpi,Annotation (germinal_center),0.0441
KI67 1 in 200 run5.ndpi,Annotation (germinal_center),0.0362
KI67 1 in 200 run5.ndpi,Annotation (germinal_center),0.073
KI67 1 in 200 run5.ndpi,Annotation (germinal_center),0.0583
KI67 1 in 200 run5.ndpi,Annotation (germinal_center),0.0535
KI67 1 in 200 run5.ndpi,Annotation (germinal_center),0.0658
KI67 1 in 200 run5.ndpi,Annotation (germinal_center),0.0474
KI67 1 in 200 run5.ndpi,Annotation (germinal_center),0.0436
KI67 1 in 200 run5.ndpi,Annotation (germinal_center),0.0721
KI67 1 in 200 run5.ndpi,Annotation (germinal_center),0.0298
KI67 1 in 200 run5.ndpi,Annotation (germinal_center),0.0632
KI67 1 in 200 run5.ndpi,Annotation (germinal_center),0.053
KI67 1 in 200 run5.ndpi,Annotation (germinal_center),0.0286
KI67 1 in 200 run5.ndpi,Annotation (germinal_center),0.0736
KI67 1 in 200 run5.ndpi,Annotation (germinal_center),0.0705
KI67 1 in 200 run5.ndpi,Annotation (germinal_center),0.0491
KI67 1 in 200 run5.ndpi,Annotation (germinal_center),0.062
KI67 1 in 200 run5.ndpi,Annotation (germinal_center),0.0364
KI67 1 in 200 run5.ndpi,Annotation (germinal_center),0.0418
KI67 1 in 200 run5.ndpi,Annotation (germinal_center),0.0512
KI67 1 in 200 run5.ndpi,Annotation (germinal_center),0.0629
KI67 1 in 200 run5.ndpi,Annotation (germinal_center),0.0621
KI67 1 in 200 run5.ndpi,Annotation (germinal_center),0.0847
KI67 1 in 200 run5.ndpi,Annotation (germinal_center),0.0612
KI67 1 in 200 run5.ndpi,Annotation (germinal_center),0.0596
KI67 1 in 200 run5.ndpi,Annotation (germinal_center),0.0552
KI67 1 in 200 run5.ndpi,Annotation (germinal_center),0.0692
KI67 1 in 200 run5.ndpi,Annotation (germinal_center),0.0596
KI67 1 in 200 run5.ndpi,Annotation (germinal_center),0.053
KI67 1 in 200 run5.ndpi,Annotation (germinal_center),0.0418
KI67 1 in 200 run5.ndpi,Annotation (germinal_center),0.058
KI67 1 in 200 run5.ndpi,Annotation (germinal_center),0.0682
KI67 1 in 200 run5.ndpi,Annotation (germinal_center),0.0598
KI67 1 in 200 run5.ndpi,Annotation (germinal_center),0.0533
KI67 1 in 200 run5.ndpi,Annotation (germinal_center),0.0276
KI67 1 in 200 run5.ndpi,Annotation (germinal_center),0.0792
KI67 1 in 200 run5.ndpi,Annotation (germinal_center),0.0835
KI67 1 in 200 run5.ndpi,Annotation (germinal_center),0.0407
KI67 1 in 200 run5.ndpi,Annotation (germinal_center),0.0551
KI67 1 in 200 run5.ndpi,Annotation (germinal_center),0.068
KI67 1 in 200 run5.ndpi,Annotation (germinal_center),0.0372
KI67 1 in 200 run5.ndpi,Annotation (germinal_center),0.0332
KI67 1 in 200 run5.ndpi,Annotation (germinal_center),0.0282
KI67 1 in 200 run5.ndpi,Annotation (germinal_center),0.0501
KI67 1 in 200 run5.ndpi,Annotation (germinal_center),0.072
KI67 1 in 200 run5.ndpi,Annotation (germinal_center),0.0434
KI67 1 in 200 run5.ndpi,Annotation (germinal_center),0.0402
KI67 1 in 200 run5.ndpi,Annotation (germinal_center),0.0363
KI67 1 in 200 run5.ndpi,Annotation (germinal_center),0.0673
KI67 1 in 200 run5.ndpi,Annotation (germinal_center),0.0521
KI67 1 in 200 run5.ndpi,Annotation (germinal_center),0.0391
KI67 1 in 200 run5.ndpi,Annotation (germinal_center),0.0983
KI67 1 in 200 run5.ndpi,Annotation (germinal_center),0.0843
KI67 1 in 200 run5.ndpi,Annotation (germinal_center),0.0408
KI67 1 in 200 run5.ndpi,Annotation (germinal_center),0.0347
KI67 1 in 200 run5.ndpi,Annotation (germinal_center),0.044
KI67 1 in 200 run5.ndpi,Annotation (germinal_center),0.0564
KI67 1 in 200 run5.ndpi,Annotation (germinal_center),0.081
KI67 1 in 200 run5.ndpi,Annotation (germinal_center),0.0774
KI67 1 in 200 run5.ndpi,Annotation (germinal_center),0.0684
KI67 1 in 200 run5.ndpi,Annotation (germinal_center),0.039
KI67 1 in 200 run5.ndpi,Annotation (germinal_center),0.033
KI67 1 in 200 run5.ndpi,Annotation (germinal_center),0.0491
KI67 1 in 200 run5.ndpi,Annotation (germinal_center),0.0307
KI67 1 in 200 run5.ndpi,Annotation (germinal_center),0.0753
KI67 1 in 200 run5.ndpi,Annotation (germinal_center),0.0796
KI67 1 in 200 run5.ndpi,Annotation (germinal_center),0.0397
KI67 1 in 200 run5.ndpi,Annotation (germinal_center),0.0595
KI67 1 in 200 run5.ndpi,Annotation (germinal_center),0.0597
KI67 1 in 200 run5.ndpi,Annotation (germinal_center),0.0401
KI67 1 in 200 run5.ndpi,Annotation (germinal_center),0.051
KI67 1 in 200 run5.ndpi,Annotation (germinal_center),0.0574
KI67 1 in 200 run5.ndpi,Annotation (germinal_center),0.0415
KI67 1 in 200 run5.ndpi,Annotation (germinal_center),0.0821
KI67 1 in 200 run5.ndpi,Annotation (germinal_center),0.0421
KI67 1 in 200 run5.ndpi,Annotation (germinal_center),0.0442
KI67 1 in 200 run5.ndpi,Annotation (germinal_center),0.0505
KI67 1 in 200 run5.ndpi,Annotation (germinal_center),0.0565
KI67 1 in 200 run5.ndpi,Annotation (germinal_center),0.0397
KI67 1 in 200 run5.ndpi,Annotation (germinal_center),0.0576
KI67 1 in 200 run5.ndpi,Annotation (germinal_center),0.0768
KI67 1 in 200 run5.ndpi,Annotation (germinal_center),0.0736
KI67 1 in 200 run5.ndpi,Annotation (germinal_center),0.0619
KI67 1 in 200 run5.ndpi,Annotation (germinal_center),0.0696
KI67 1 in 200 run5.ndpi,Annotation (germinal_center),0.0757
KI67 1 in 200 run5.ndpi,Annotation (germinal_center),0.0486
KI67 1 in 200 run5.ndpi,Annotation (germinal_center),0.037
KI67 1 in 200 run5.ndpi,Annotation (germinal_center),0.0436
KI67 1 in 200 run5.ndpi,Annotation (germinal_center),0.0719
KI67 1 in 200 run5.ndpi,Annotation (germinal_center),0.0504
KI67 1 in 200 run5.ndpi,Annotation (germinal_center),0.0315
KI67 1 in 200 run5.ndpi,Annotation (germinal_center),0.0476
KI67 1 in 200 run5.ndpi,Annotation (germinal_center),0.1086
KI67 1 in 200 run5.ndpi,Annotation (germinal_center),0.0387
KI67 1 in 200 run5.ndpi,Annotation (germinal_center),0.0569
KI67 1 in 200 run5.ndpi,Annotation (germinal_center),0.0386
KI67 1 in 200 run5.ndpi,Annotation (germinal_center),0.0427
KI67 1 in 200 run5.ndpi,Annotation (germinal_center),0.0912
KI67 1 in 200 run5.ndpi,Annotation (germinal_center),0.0612
KI67 1 in 200 run5.ndpi,Annotation (germinal_center),0.0559
KI67 1 in 200 run5.ndpi,Annotation (germinal_center),0.0472
KI67 1 in 200 run5.ndpi,Annotation (germinal_center),0.1062
KI67 1 in 200 run5.ndpi,Annotation (germinal_center),0.0672
KI67 1 in 200 run5.ndpi,Annotation (germinal_center),0.045
KI67 1 in 200 run5.ndpi,Annotation (germinal_center),0.0356
KI67 1 in 200 run5.ndpi,Annotation (germinal_center),0.0503
KI67 1 in 200 run5.ndpi,Annotation (germinal_center),0.0604
KI67 1 in 200 run5.ndpi,Annotation (germinal_center),0.0599
KI67 1 in 200 run5.ndpi,Annotation (germinal_center),0.0389
KI67 1 in 200 run5.ndpi,Annotation (germinal_center),0.0464
KI67 1 in 200 run5.ndpi,Annotation (germinal_center),0.0334
KI67 1 in 200 run5.ndpi,Annotation (germinal_center),0.0462
KI67 1 in 200 run5.ndpi,Annotation (germinal_center),0.0685
KI67 1 in 200 run5.ndpi,Annotation (germinal_center),0.0633
KI67 1 in 200 run5.ndpi,Annotation (germinal_center),0.043
KI67 1 in 200 run5.ndpi,Annotation (germinal_center),0.063
KI67 1 in 200 run5.ndpi,Annotation (germinal_center),0.0604
KI67 1 in 200 run5.ndpi,Annotation (germinal_center),0.0571
KI67 1 in 200 run5.ndpi,Annotation (germinal_center),0.054
KI67 1 in 200 run5.ndpi,Annotation (germinal_center),0.0454
KI67 1 in 200 run5.ndpi,Annotation (germinal_center),0.0788
KI67 1 in 200 run5.ndpi,Annotation (germinal_center),0.0638
KI67 1 in 200 run5.ndpi,Annotation (germinal_center),0.052
KI67 1 in 200 run5.ndpi,Annotation (germinal_center),0.0469
KI67 1 in 200 run5.ndpi,Annotation (germinal_center),0.0502
KI67 1 in 200 run5.ndpi,Annotation (germinal_center),0.0339
KI67 1 in 200 run5.ndpi,Annotation (germinal_center),0.0563
KI67 1 in 200 run5.ndpi,Annotation (germinal_center),0.0618
KI67 1 in 200 run5.ndpi,Annotation (germinal_center),0.076
KI67 1 in 200 run5.ndpi,Annotation (germinal_center),0.0433
KI67 1 in 200 run5.ndpi,Annotation (germinal_center),0.0528
KI67 1 in 200 run5.ndpi,Annotation (germinal_center),0.0678
KI67 1 in 200 run5.ndpi,Annotation (germinal_center),0.0442
KI67 1 in 200 run5.ndpi,Annotation (germinal_center),0.0697
KI67 1 in 200 run5.ndpi,Annotation (germinal_center),0.0486
KI67 1 in 200 run5.ndpi,Annotation (germinal_center),0.0425
KI67 1 in 200 run5.ndpi,Annotation (germinal_center),0.0394
KI67 1 in 200 run5.ndpi,Annotation (germinal_center),0.0409
KI67 1 in 200 run5.ndpi,Annotation (germinal_center),0.0251
KI67 1 in 200 run5.ndpi,Annotation (germinal_center),0.5952
KI67 1 in 200 run5.ndpi,Annotation (germinal_center),0.0525
KI67 1 in 200 run5.ndpi,Annotation (germinal_center),0.0471
KI67 1 in 200 run5.ndpi,Annotation (germinal_center),0.0559
KI67 1 in 200 run5.ndpi,Annotation (germinal_center),0.0358
KI67 1 in 200 run5.ndpi,Annotation (germinal_center),0.039
KI67 1 in 200 run5.ndpi,Annotation (germinal_center),0.0648
KI67 1 in 200 run5.ndpi,Annotation (germinal_center),0.069
KI67 1 in 200 run5.ndpi,Annotation (germinal_center),0.0476
KI67 1 in 200 run5.ndpi,Annotation (germinal_center),0.0396
KI67 1 in 200 run5.ndpi,Annotation (germinal_center),0.0372
KI67 1 in 200 run5.ndpi,Annotation (germinal_center),0.0373
KI67 1 in 200 run5.ndpi,Annotation (germinal_center),0.0393
KI67 1 in 200 run5.ndpi,Annotation (germinal_center),0.0408
KI67 1 in 200 run5.ndpi,Annotation (germinal_center),0.0559
KI67 1 in 200 run5.ndpi,Annotation (germinal_center),0.0477
KI67 1 in 200 run5.ndpi,Annotation (germinal_center),0.0548
KI67 1 in 200 run5.ndpi,Annotation (germinal_center),0.0514
KI67 1 in 200 run5.ndpi,Annotation (germinal_center),0.0437
KI67 1 in 200 run5.ndpi,Annotation (germinal_center),0.0414
KI67 1 in 200 run5.ndpi,Annotation (germinal_center),0.0647
KI67 1 in 200 run5.ndpi,Annotation (germinal_center),0.0371
KI67 1 in 200 run5.ndpi,Annotation (germinal_center),0.0726
KI67 1 in 200 run5.ndpi,Annotation (germinal_center),0.0482
KI67 1 in 200 run5.ndpi,Annotation (germinal_center),0.0755
KI67 1 in 200 run5.ndpi,Annotation (germinal_center),0.0386
KI67 1 in 200 run5.ndpi,Annotation (germinal_center),0.0585
KI67 1 in 200 run5.ndpi,Annotation (germinal_center),0.0418
KI67 1 in 200 run5.ndpi,Annotation (germinal_center),0.0448
KI67 1 in 200 run5.ndpi,Annotation (germinal_center),0.0603
KI67 1 in 200 run5.ndpi,Annotation (germinal_center),0.0495
KI67 1 in 200 run5.ndpi,Annotation (germinal_center),0.065
KI67 1 in 200 run5.ndpi,Annotation (germinal_center),0.0499
KI67 1 in 200 run5.ndpi,Annotation (germinal_center),0.0527
KI67 1 in 200 run5.ndpi,Annotation (germinal_center),0.0362
KI67 1 in 200 run5.ndpi,Annotation (germinal_center),0.0531
KI67 1 in 200 run5.ndpi,Annotation (germinal_center),0.0205
KI67 1 in 200 run5.ndpi,Annotation (germinal_center),0.0393
KI67 1 in 200 run5.ndpi,Annotation (germinal_center),0.0497
KI67 1 in 200 run5.ndpi,Annotation (germinal_center),0.0431
KI67 1 in 200 run5.ndpi,Annotation (germinal_center),0.0293
KI67 1 in 200 run5.ndpi,Annotation (germinal_center),0.0609
KI67 1 in 200 run5.ndpi,Annotation (germinal_center),0.0385
KI67 1 in 200 run5.ndpi,Annotation (germinal_center),0.0441
KI67 1 in 200 run5.ndpi,Annotation (germinal_center),0.0373
KI67 1 in 200 run5.ndpi,Annotation (germinal_center),0.0945
KI67 1 in 200 run5.ndpi,Annotation (germinal_center),0.0825
KI67 1 in 200 run5.ndpi,Annotation (germinal_center),0.0468
KI67 1 in 200 run5.ndpi,Annotation (germinal_center),0.0664
KI67 1 in 200 run5.ndpi,Annotation (germinal_center),0.0461
KI67 1 in 200 run5.ndpi,Annotation (germinal_center),0.0206
KI67 1 in 200 run5.ndpi,Annotation (germinal_center),0.1042
KI67 1 in 200 run5.ndpi,Annotation (germinal_center),0.0363
KI67 1 in 200 run5.ndpi,Annotation (germinal_center),0.0985
KI67 1 in 200 run5.ndpi,Annotation (germinal_center),0.0741
KI67 1 in 200 run5.ndpi,Annotation (germinal_center),0.0479
KI67 1 in 200 run5.ndpi,Annotation (germinal_center),0.0296
KI67 1 in 200 run5.ndpi,Annotation (germinal_center),0.1007
KI67 1 in 200 run5.ndpi,Annotation (germinal_center),0.0396
KI67 1 in 200 run5.ndpi,Annotation (germinal_center),0.0595
KI67 1 in 200 run5.ndpi,Annotation (germinal_center),0.0359
KI67 1 in 200 run5.ndpi,Annotation (germinal_center),0.0591
KI67 1 in 200 run5.ndpi,Annotation (germinal_center),0.063
KI67 1 in 200 run5.ndpi,Annotation (germinal_center),0.0558
KI67 1 in 200 run5.ndpi,Annotation (germinal_center),0.0814
KI67 1 in 200 run5.ndpi,Annotation (germinal_center),0.0627
KI67 1 in 200 run5.ndpi,Annotation (germinal_center),0.0731
KI67 1 in 200 run5.ndpi,Annotation (germinal_center),0.0469
KI67 1 in 200 run5.ndpi,Annotation (germinal_center),0.0502
KI67 1 in 200 run5.ndpi,Annotation (germinal_center),0.0493
KI67 1 in 200 run5.ndpi,Annotation (germinal_center),0.083
KI67 1 in 200 run5.ndpi,Annotation (germinal_center),0.0785
KI67 1 in 200 run5.ndpi,Annotation (germinal_center),0.0475
KI67 1 in 200 run5.ndpi,Annotation (germinal_center),0.0273
KI67 1 in 200 run5.ndpi,Annotation (germinal_center),0.058
KI67 1 in 200 run5.ndpi,Annotation (germinal_center),0.1154
KI67 1 in 200 run5.ndpi,Annotation (germinal_center),0.0563
KI67 1 in 200 run5.ndpi,Annotation (germinal_center),0.0645
KI67 1 in 200 run5.ndpi,Annotation (germinal_center),0.0372
KI67 1 in 200 run5.ndpi,Annotation (germinal_center),0.0374
KI67 1 in 200 run5.ndpi,Annotation (germinal_center),0.05
KI67 1 in 200 run5.ndpi,Annotation (germinal_center),0.0574
KI67 1 in 200 run5.ndpi,Annotation (germinal_center),0.0437
KI67 1 in 200 run5.ndpi,Annotation (germinal_center),0.0465
KI67 1 in 200 run5.ndpi,Annotation (germinal_center),0.0426
KI67 1 in 200 run5.ndpi,Annotation (germinal_center),0.0359
KI67 1 in 200 run5.ndpi,Annotation (germinal_center),0.0458
KI67 1 in 200 run5.ndpi,Annotation (germinal_center),0.0459
KI67 1 in 200 run5.ndpi,Annotation (germinal_center),0.043
KI67 1 in 200 run5.ndpi,Annotation (germinal_center),0.0692
KI67 1 in 200 run5.ndpi,Annotation (germinal_center),0.046
KI67 1 in 200 run5.ndpi,Annotation (germinal_center),0.0713
KI67 1 in 200 run5.ndpi,Annotation (germinal_center),0.0756
KI67 1 in 200 run5.ndpi,Annotation (germinal_center),0.0403
KI67 1 in 200 run5.ndpi,Annotation (germinal_center),0.0683
KI67 1 in 200 run5.ndpi,Annotation (germinal_center),0.0585
KI67 1 in 200 run5.ndpi,Annotation (germinal_center),0.0576
KI67 1 in 200 run5.ndpi,Annotation (germinal_center),0.0721
KI67 1 in 200 run5.ndpi,Annotation (germinal_center),0.0769
KI67 1 in 200 run5.ndpi,Annotation (germinal_center),0.0638
KI67 1 in 200 run5.ndpi,Annotation (germinal_center),0.0602
KI67 1 in 200 run5.ndpi,Annotation (germinal_center),0.034
KI67 1 in 200 run5.ndpi,Annotation (germinal_center),0.0589
KI67 1 in 200 run5.ndpi,Annotation (germinal_center),0.0658
KI67 1 in 200 run5.ndpi,Annotation (germinal_center),0.0428
KI67 1 in 200 run5.ndpi,Annotation (germinal_center),0.0668
KI67 1 in 200 run5.ndpi,Annotation (germinal_center),0.0566
KI67 1 in 200 run5.ndpi,Annotation (germinal_center),0.0661
KI67 1 in 200 run5.ndpi,Annotation (germinal_center),0.0429
KI67 1 in 200 run5.ndpi,Annotation (germinal_center),0.0486
KI67 1 in 200 run5.ndpi,Annotation (germinal_center),0.0373
KI67 1 in 200 run5.ndpi,Annotation (germinal_center),0.0446
KI67 1 in 200 run5.ndpi,Annotation (germinal_center),0.0536
KI67 1 in 200 run5.ndpi,Annotation (germinal_center),0.0549
KI67 1 in 200 run5.ndpi,Annotation (germinal_center),0.0412
KI67 1 in 200 run5.ndpi,Annotation (germinal_center),0.027
KI67 1 in 200 run5.ndpi,Annotation (germinal_center),0.0501
KI67 1 in 200 run5.ndpi,Annotation (germinal_center),0.0683
KI67 1 in 200 run5.ndpi,Annotation (germinal_center),0.0372
KI67 1 in 200 run5.ndpi,Annotation (germinal_center),0.0546
KI67 1 in 200 run5.ndpi,Annotation (germinal_center),0.0966
KI67 1 in 200 run5.ndpi,Annotation (germinal_center),0.06
KI67 1 in 200 run5.ndpi,Annotation (germinal_center),0.0544
KI67 1 in 200 run5.ndpi,Annotation (germinal_center),0.0624
KI67 1 in 200 run5.ndpi,Annotation (germinal_center),0.0586
KI67 1 in 200 run5.ndpi,Annotation (germinal_center),0.0249
KI67 1 in 200 run5.ndpi,Annotation (germinal_center),0.054
KI67 1 in 200 run5.ndpi,Annotation (germinal_center),0.047
KI67 1 in 200 run5.ndpi,Annotation (germinal_center),0.0682
KI67 1 in 200 run5.ndpi,Annotation (germinal_center),0.0553
KI67 1 in 200 run5.ndpi,Annotation (germinal_center),0.0588
KI67 1 in 200 run5.ndpi,Annotation (germinal_center),0.0533
KI67 1 in 200 run5.ndpi,Annotation (germinal_center),0.0579
KI67 1 in 200 run5.ndpi,Annotation (germinal_center),0.0305
KI67 1 in 200 run5.ndpi,Annotation (germinal_center),0.0534
KI67 1 in 200 run5.ndpi,Annotation (germinal_center),0.0601
KI67 1 in 200 run5.ndpi,Annotation (germinal_center),0.0643
KI67 1 in 200 run5.ndpi,Annotation (germinal_center),0.033
KI67 1 in 200 run5.ndpi,Annotation (germinal_center),0.2057
KI67 1 in 200 run5.ndpi,Annotation (germinal_center),0.0396
KI67 1 in 200 run5.ndpi,Annotation (germinal_center),0.0401
KI67 1 in 200 run5.ndpi,Annotation (germinal_center),0.0272
KI67 1 in 200 run5.ndpi,Annotation (germinal_center),0.067
KI67 1 in 200 run5.ndpi,Annotation (germinal_center),0.0871
KI67 1 in 200 run5.ndpi,Annotation (germinal_center),0.0501
KI67 1 in 200 run5.ndpi,Annotation (germinal_center),0.0406
KI67 1 in 200 run5.ndpi,Annotation (germinal_center),0.0775
KI67 1 in 200 run5.ndpi,Annotation (germinal_center),0.057
KI67 1 in 200 run5.ndpi,Annotation (germinal_center),0.0498
KI67 1 in 200 run5.ndpi,Annotation (germinal_center),0.062
KI67 1 in 200 run5.ndpi,Annotation (germinal_center),0.0352
KI67 1 in 200 run5.ndpi,Annotation (germinal_center),0.0874
KI67 1 in 200 run5.ndpi,Annotation (germinal_center),0.0331
KI67 1 in 200 run5.ndpi,Annotation (germinal_center),0.0188
KI67 1 in 200 run5.ndpi,Annotation (germinal_center),0.0395
KI67 1 in 200 run5.ndpi,Annotation (germinal_center),0.0511
KI67 1 in 200 run5.ndpi,Annotation (germinal_center),0.0457
KI67 1 in 200 run5.ndpi,Annotation (germinal_center),0.0662
KI67 1 in 200 run5.ndpi,Annotation (germinal_center),0.0529
KI67 1 in 200 run5.ndpi,Annotation (germinal_center),0.0423
KI67 1 in 200 run5.ndpi,Annotation (germinal_center),0.0675
KI67 1 in 200 run5.ndpi,Annotation (germinal_center),0.0777
KI67 1 in 200 run5.ndpi,Annotation (germinal_center),0.0429
KI67 1 in 200 run5.ndpi,Annotation (germinal_center),0.0735
KI67 1 in 200 run5.ndpi,Annotation (germinal_center),0.0553
KI67 1 in 200 run5.ndpi,Annotation (germinal_center),0.0487
KI67 1 in 200 run5.ndpi,Annotation (germinal_center),0.0905
KI67 1 in 200 run5.ndpi,Annotation (germinal_center),0.0302
KI67 1 in 200 run5.ndpi,Annotation (germinal_center),0.0854
KI67 1 in 200 run5.ndpi,Annotation (germinal_center),0.0315
KI67 1 in 200 run5.ndpi,Annotation (germinal_center),0.0664
KI67 1 in 200 run5.ndpi,Annotation (germinal_center),0.0562
KI67 1 in 200 run5.ndpi,Annotation (germinal_center),0.033
KI67 1 in 200 run5.ndpi,Annotation (germinal_center),0.0519
KI67 1 in 200 run5.ndpi,Annotation (germinal_center),0.0334
KI67 1 in 200 run5.ndpi,Annotation (germinal_center),0.0398
KI67 1 in 200 run5.ndpi,Annotation (germinal_center),0.0489
KI67 1 in 200 run5.ndpi,Annotation (germinal_center),0.0393
KI67 1 in 200 run5.ndpi,Annotation (germinal_center),0.0669
KI67 1 in 200 run5.ndpi,Annotation (germinal_center),0.0496
KI67 1 in 200 run5.ndpi,Annotation (germinal_center),0.0407
KI67 1 in 200 run5.ndpi,Annotation (germinal_center),0.0579
KI67 1 in 200 run5.ndpi,Annotation (germinal_center),0.0559
KI67 1 in 200 run5.ndpi,Annotation (germinal_center),0.0289
KI67 1 in 200 run5.ndpi,Annotation (germinal_center),0.031
KI67 1 in 200 run5.ndpi,Annotation (germinal_center),0.0476
KI67 1 in 200 run5.ndpi,Annotation (germinal_center),0.0587
KI67 1 in 200 run5.ndpi,Annotation (germinal_center),0.0529
KI67 1 in 200 run5.ndpi,Annotation (germinal_center),0.0562
KI67 1 in 200 run5.ndpi,Annotation (germinal_center),0.0306
KI67 1 in 200 run5.ndpi,Annotation (germinal_center),0.0672
KI67 1 in 200 run5.ndpi,Annotation (germinal_center),0.0397
KI67 1 in 200 run5.ndpi,Annotation (germinal_center),0.0323
KI67 1 in 200 run5.ndpi,Annotation (germinal_center),0.0822
KI67 1 in 200 run5.ndpi,Annotation (germinal_center),0.0774
KI67 1 in 200 run5.ndpi,Annotation (germinal_center),0.0481
KI67 1 in 200 run5.ndpi,Annotation (germinal_center),0.1041
KI67 1 in 200 run5.ndpi,Annotation (germinal_center),0.0423
KI67 1 in 200 run5.ndpi,Annotation (germinal_center),0.0474
KI67 1 in 200 run5.ndpi,Annotation (germinal_center),0.0578
KI67 1 in 200 run5.ndpi,Annotation (germinal_center),0.0417
KI67 1 in 200 run5.ndpi,Annotation (germinal_center),0.0433
KI67 1 in 200 run5.ndpi,Annotation (germinal_center),0.0233
KI67 1 in 200 run5.ndpi,Annotation (germinal_center),0.0748
KI67 1 in 200 run5.ndpi,Annotation (germinal_center),0.0496
KI67 1 in 200 run5.ndpi,Annotation (germinal_center),0.0715
KI67 1 in 200 run5.ndpi,Annotation (germinal_center),0.0544
KI67 1 in 200 run5.ndpi,Annotation (germinal_center),0.027
KI67 1 in 200 run5.ndpi,Annotation (germinal_center),0.0434
KI67 1 in 200 run5.ndpi,Annotation (germinal_center),0.0602
KI67 1 in 200 run5.ndpi,Annotation (germinal_center),0.0476
KI67 1 in 200 run5.ndpi,Annotation (germinal_center),0.0166
KI67 1 in 200 run5.ndpi,Annotation (germinal_center),0.0642
KI67 1 in 200 run5.ndpi,Annotation (germinal_center),0.0529
KI67 1 in 200 run5.ndpi,Annotation (germinal_center),0.0166
KI67 1 in 200 run5.ndpi,Annotation (germinal_center),0.0342
KI67 1 in 200 run5.ndpi,Annotation (germinal_center),0.0578
KI67 1 in 200 run5.ndpi,Annotation (germinal_center),0.0371
KI67 1 in 200 run5.ndpi,Annotation (germinal_center),0.0612
KI67 1 in 200 run5.ndpi,Annotation (germinal_center),0.0686
KI67 1 in 200 run5.ndpi,Annotation (germinal_center),0.0638
KI67 1 in 200 run5.ndpi,Annotation (germinal_center),0.0443
KI67 1 in 200 run5.ndpi,Annotation (germinal_center),0.0686
KI67 1 in 200 run5.ndpi,Annotation (germinal_center),0.0499
KI67 1 in 200 run5.ndpi,Annotation (germinal_center),0.0633
KI67 1 in 200 run5.ndpi,Annotation (germinal_center),0.0388
KI67 1 in 200 run5.ndpi,Annotation (germinal_center),0.0422
KI67 1 in 200 run5.ndpi,Annotation (germinal_center),0.0607
KI67 1 in 200 run5.ndpi,Annotation (germinal_center),0.049
KI67 1 in 200 run5.ndpi,Annotation (germinal_center),0.0766
KI67 1 in 200 run5.ndpi,Annotation (germinal_center),0.0704
KI67 1 in 200 run5.ndpi,Annotation (germinal_center),0.0586
KI67 1 in 200 run5.ndpi,Annotation (germinal_center),0.0389
KI67 1 in 200 run5.ndpi,Annotation (germinal_center),0.0719
KI67 1 in 200 run5.ndpi,Annotation (germinal_center),0.0488
KI67 1 in 200 run5.ndpi,Annotation (germinal_center),0.0631
KI67 1 in 200 run5.ndpi,Annotation (germinal_center),0.0598
KI67 1 in 200 run5.ndpi,Annotation (germinal_center),0.027
KI67 1 in 200 run5.ndpi,Annotation (germinal_center),0.0524
KI67 1 in 200 run5.ndpi,Annotation (germinal_center),0.0615
KI67 1 in 200 run5.ndpi,Annotation (germinal_center),0.0818
KI67 1 in 200 run5.ndpi,Annotation (germinal_center),0.038
KI67 1 in 200 run5.ndpi,Annotation (germinal_center),0.0097
KI67 1 in 200 run5.ndpi,Annotation (germinal_center),0.0574
KI67 1 in 200 run5.ndpi,Annotation (germinal_center),0.0643
KI67 1 in 200 run5.ndpi,Annotation (germinal_center),0.0355
KI67 1 in 200 run5.ndpi,Annotation (germinal_center),0.0629
KI67 1 in 200 run5.ndpi,Annotation (germinal_center),0.1209
KI67 1 in 200 run5.ndpi,Annotation (germinal_center),0.0489
KI67 1 in 200 run5.ndpi,Annotation (germinal_center),0.0478
KI67 1 in 200 run5.ndpi,Annotation (germinal_center),0.0468
KI67 1 in 200 run5.ndpi,Annotation (germinal_center),0.0534
KI67 1 in 200 run5.ndpi,Annotation (germinal_center),0.0616
KI67 1 in 200 run5.ndpi,Annotation (germinal_center),0.0577
KI67 1 in 200 run5.ndpi,Annotation (germinal_center),0.0273
KI67 1 in 200 run5.ndpi,Annotation (germinal_center),0.0528
KI67 1 in 200 run5.ndpi,Annotation (germinal_center),0.054
KI67 1 in 200 run5.ndpi,Annotation (germinal_center),0.0622
KI67 1 in 200 run5.ndpi,Annotation (germinal_center),0.0484
KI67 1 in 200 run5.ndpi,Annotation (germinal_center),0.0337
KI67 1 in 200 run5.ndpi,Annotation (germinal_center),0.0493
KI67 1 in 200 run5.ndpi,Annotation (germinal_center),0.0692
KI67 1 in 200 run5.ndpi,Annotation (germinal_center),0.0599
KI67 1 in 200 run5.ndpi,Annotation (germinal_center),0.0761
KI67 1 in 200 run5.ndpi,Annotation (germinal_center),0.0719
KI67 1 in 200 run5.ndpi,Annotation (germinal_center),0.0324
KI67 1 in 200 run5.ndpi,Annotation (germinal_center),0.062
KI67 1 in 200 run5.ndpi,Annotation (germinal_center),0.0364
KI67 1 in 200 run5.ndpi,Annotation (germinal_center),0.0423
KI67 1 in 200 run5.ndpi,Annotation (germinal_center),0.0319
KI67 1 in 200 run5.ndpi,Annotation (germinal_center),0.0473
KI67 1 in 200 run5.ndpi,Annotation (germinal_center),0.0839
KI67 1 in 200 run5.ndpi,Annotation (germinal_center),0.0539
KI67 1 in 200 run5.ndpi,Annotation (germinal_center),0.0432
KI67 1 in 200 run5.ndpi,Annotation (germinal_center),0.044
KI67 1 in 200 run5.ndpi,Annotation (germinal_center),0.0475
KI67 1 in 200 run5.ndpi,Annotation (germinal_center),0.0721
KI67 1 in 200 run5.ndpi,Annotation (germinal_center),0.0344
KI67 1 in 200 run5.ndpi,Annotation (germinal_center),0.0498
KI67 1 in 200 run5.ndpi,Annotation (germinal_center),0.0452
KI67 1 in 200 run5.ndpi,Annotation (germinal_center),0.0472
KI67 1 in 200 run5.ndpi,Annotation (germinal_center),0.0603
KI67 1 in 200 run5.ndpi,Annotation (germinal_center),0.0487
KI67 1 in 200 run5.ndpi,Annotation (germinal_center),0.0521
KI67 1 in 200 run5.ndpi,Annotation (germinal_center),0.0643
KI67 1 in 200 run5.ndpi,Annotation (germinal_center),0.0446
KI67 1 in 200 run5.ndpi,Annotation (germinal_center),0.0642
KI67 1 in 200 run5.ndpi,Annotation (germinal_center),0.1
KI67 1 in 200 run5.ndpi,Annotation (germinal_center),0.0593
KI67 1 in 200 run5.ndpi,Annotation (germinal_center),0.0459
KI67 1 in 200 run5.ndpi,Annotation (germinal_center),0.0531
KI67 1 in 200 run5.ndpi,Annotation (germinal_center),0.0674
KI67 1 in 200 run5.ndpi,Annotation (germinal_center),0.0563
KI67 1 in 200 run5.ndpi,Annotation (germinal_center),0.0711
KI67 1 in 200 run5.ndpi,Annotation (germinal_center),0.0401
KI67 1 in 200 run5.ndpi,Annotation (germinal_center),0.0405
KI67 1 in 200 run5.ndpi,Annotation (germinal_center),0.0695
KI67 1 in 200 run5.ndpi,Annotation (germinal_center),0.0805
KI67 1 in 200 run5.ndpi,Annotation (germinal_center),0.0521
KI67 1 in 200 run5.ndpi,Annotation (germinal_center),0.0474
KI67 1 in 200 run5.ndpi,Annotation (germinal_center),0.0708
KI67 1 in 200 run5.ndpi,Annotation (germinal_center),0.0906
KI67 1 in 200 run5.ndpi,Annotation (germinal_center),0.083
KI67 1 in 200 run5.ndpi,Annotation (germinal_center),0.0754
KI67 1 in 200 run5.ndpi,Annotation (germinal_center),0.0722
KI67 1 in 200 run5.ndpi,Annotation (germinal_center),0.0458
KI67 1 in 200 run5.ndpi,Annotation (germinal_center),0.0382
KI67 1 in 200 run5.ndpi,Annotation (germinal_center),0.0423
KI67 1 in 200 run5.ndpi,Annotation (germinal_center),0.0542
KI67 1 in 200 run5.ndpi,Annotation (germinal_center),0.0608
KI67 1 in 200 run5.ndpi,Annotation (germinal_center),0.0554
KI67 1 in 200 run5.ndpi,Annotation (germinal_center),0.0491
KI67 1 in 200 run5.ndpi,Annotation (germinal_center),0.0774
KI67 1 in 200 run5.ndpi,Annotation (germinal_center),0.0772
KI67 1 in 200 run5.ndpi,Annotation (germinal_center),0.0603
KI67 1 in 200 run5.ndpi,Annotation (germinal_center),0.0523
KI67 1 in 200 run5.ndpi,Annotation (germinal_center),0.0645
KI67 1 in 200 run5.ndpi,Annotation (germinal_center),0.0832
KI67 1 in 200 run5.ndpi,Annotation (germinal_center),0.0585
KI67 1 in 200 run5.ndpi,Annotation (germinal_center),0.0635
KI67 1 in 200 run5.ndpi,Annotation (germinal_center),0.047
KI67 1 in 200 run5.ndpi,Annotation (germinal_center),0.0423
KI67 1 in 200 run5.ndpi,Annotation (germinal_center),0.0503
KI67 1 in 200 run5.ndpi,Annotation (germinal_center),0.0273
KI67 1 in 200 run5.ndpi,Annotation (germinal_center),0.0752
KI67 1 in 200 run5.ndpi,Annotation (germinal_center),0.064
KI67 1 in 200 run5.ndpi,Annotation (germinal_center),0.0598
KI67 1 in 200 run5.ndpi,Annotation (germinal_center),0.0704
KI67 1 in 200 run5.ndpi,Annotation (germinal_center),0.1017
KI67 1 in 200 run5.ndpi,Annotation (germinal_center),0.0812
KI67 1 in 200 run5.ndpi,Annotation (germinal_center),0.0431
KI67 1 in 200 run5.ndpi,Annotation (germinal_center),0.0531
KI67 1 in 200 run5.ndpi,Annotation (germinal_center),0.049
KI67 1 in 200 run5.ndpi,Annotation (germinal_center),0.0479
KI67 1 in 200 run5.ndpi,Annotation (germinal_center),0.0483
KI67 1 in 200 run5.ndpi,Annotation (germinal_center),0.0387
KI67 1 in 200 run5.ndpi,Annotation (germinal_center),0.0433
KI67 1 in 200 run5.ndpi,Annotation (germinal_center),0.0434
KI67 1 in 200 run5.ndpi,Annotation (germinal_center),0.0658
KI67 1 in 200 run5.ndpi,Annotation (germinal_center),0.0469
KI67 1 in 200 run5.ndpi,Annotation (germinal_center),0.0634
KI67 1 in 200 run5.ndpi,Annotation (germinal_center),0.0762
KI67 1 in 200 run5.ndpi,Annotation (germinal_center),0.0545
KI67 1 in 200 run5.ndpi,Annotation (germinal_center),0.0475
KI67 1 in 200 run5.ndpi,Annotation (germinal_center),0.0405
KI67 1 in 200 run5.ndpi,Annotation (germinal_center),0.101
KI67 1 in 200 run5.ndpi,Annotation (germinal_center),0.0449
KI67 1 in 200 run5.ndpi,Annotation (germinal_center),0.0329
KI67 1 in 200 run5.ndpi,Annotation (germinal_center),0.0444
KI67 1 in 200 run5.ndpi,Annotation (germinal_center),0.0365
KI67 1 in 200 run5.ndpi,Annotation (germinal_center),0.0684
KI67 1 in 200 run5.ndpi,Annotation (germinal_center),0.0822
KI67 1 in 200 run5.ndpi,Annotation (germinal_center),0.0853
KI67 1 in 200 run5.ndpi,Annotation (germinal_center),0.0406
KI67 1 in 200 run5.ndpi,Annotation (germinal_center),0.051
KI67 1 in 200 run5.ndpi,Annotation (germinal_center),0.0508
KI67 1 in 200 run5.ndpi,Annotation (germinal_center),0.0282
KI67 1 in 200 run5.ndpi,Annotation (germinal_center),0.0358
KI67 1 in 200 run5.ndpi,Annotation (germinal_center),0.0391
KI67 1 in 200 run5.ndpi,Annotation (germinal_center),0.0619
KI67 1 in 200 run5.ndpi,Annotation (germinal_center),0.0514
KI67 1 in 200 run5.ndpi,Annotation (germinal_center),0.0546
KI67 1 in 200 run5.ndpi,Annotation (germinal_center),0.0407
KI67 1 in 200 run5.ndpi,Annotation (germinal_center),0.0506
KI67 1 in 200 run5.ndpi,Annotation (germinal_center),0.0773
KI67 1 in 200 run5.ndpi,Annotation (germinal_center),0.0387
KI67 1 in 200 run5.ndpi,Annotation (germinal_center),0.0529
KI67 1 in 200 run5.ndpi,Annotation (germinal_center),0.0447
KI67 1 in 200 run5.ndpi,Annotation (germinal_center),0.0743
KI67 1 in 200 run5.ndpi,Annotation (germinal_center),0.0812
KI67 1 in 200 run5.ndpi,Annotation (germinal_center),0.0549
KI67 1 in 200 run5.ndpi,Annotation (germinal_center),0.0783
KI67 1 in 200 run5.ndpi,Annotation (germinal_center),0.0452
KI67 1 in 200 run5.ndpi,Annotation (germinal_center),0.0524
KI67 1 in 200 run5.ndpi,Annotation (germinal_center),0.1107
KI67 1 in 200 run5.ndpi,Annotation (germinal_center),0.0689
KI67 1 in 200 run5.ndpi,Annotation (germinal_center),0.0671
KI67 1 in 200 run5.ndpi,Annotation (germinal_center),0.0555
KI67 1 in 200 run5.ndpi,Annotation (germinal_center),0.0464
KI67 1 in 200 run5.ndpi,Annotation (germinal_center),0.0693
KI67 1 in 200 run5.ndpi,Annotation (germinal_center),0.0616
KI67 1 in 200 run5.ndpi,Annotation (germinal_center),0.0413
KI67 1 in 200 run5.ndpi,Annotation (germinal_center),0.0699
KI67 1 in 200 run5.ndpi,Annotation (germinal_center),0.0917
KI67 1 in 200 run5.ndpi,Annotation (germinal_center),0.0721
KI67 1 in 200 run5.ndpi,Annotation (germinal_center),0.059
KI67 1 in 200 run5.ndpi,Annotation (germinal_center),0.0657
KI67 1 in 200 run5.ndpi,Annotation (germinal_center),0.067
KI67 1 in 200 run5.ndpi,Annotation (germinal_center),0.059
KI67 1 in 200 run5.ndpi,Annotation (germinal_center),0.0455
KI67 1 in 200 run5.ndpi,Annotation (germinal_center),0.0429
KI67 1 in 200 run5.ndpi,Annotation (germinal_center),0.0535
KI67 1 in 200 run5.ndpi,Annotation (germinal_center),0.0302
KI67 1 in 200 run5.ndpi,Annotation (germinal_center),0.0431
KI67 1 in 200 run5.ndpi,Annotation (germinal_center),0.0846
KI67 1 in 200 run5.ndpi,Annotation (germinal_center),0.076
KI67 1 in 200 run5.ndpi,Annotation (germinal_center),0.046
KI67 1 in 200 run5.ndpi,Annotation (germinal_center),0.0607
KI67 1 in 200 run5.ndpi,Annotation (germinal_center),0.0478
KI67 1 in 200 run5.ndpi,Annotation (germinal_center),0.0447
KI67 1 in 200 run5.ndpi,Annotation (germinal_center),0.0618
KI67 1 in 200 run5.ndpi,Annotation (germinal_center),0.0448
KI67 1 in 200 run5.ndpi,Annotation (germinal_center),0.045
KI67 1 in 200 run5.ndpi,Annotation (germinal_center),0.0405
KI67 1 in 200 run5.ndpi,Annotation (germinal_center),0.0727
KI67 1 in 200 run5.ndpi,Annotation (germinal_center),0.0329
KI67 1 in 200 run5.ndpi,Annotation (germinal_center),0.065
KI67 1 in 200 run5.ndpi,Annotation (germinal_center),0.0739
KI67 1 in 200 run5.ndpi,Annotation (germinal_center),0.0816
KI67 1 in 200 run5.ndpi,Annotation (germinal_center),0.0535
KI67 1 in 200 run5.ndpi,Annotation (germinal_center),0.0312
KI67 1 in 200 run5.ndpi,Annotation (germinal_center),0.0753
KI67 1 in 200 run5.ndpi,Annotation (germinal_center),0.0424
KI67 1 in 200 run5.ndpi,Annotation (germinal_center),0.0696
KI67 1 in 200 run5.ndpi,Annotation (germinal_center),0.0634
KI67 1 in 200 run5.ndpi,Annotation (germinal_center),0.0377
KI67 1 in 200 run5.ndpi,Annotation (germinal_center),0.0812
KI67 1 in 200 run5.ndpi,Annotation (germinal_center),0.0391
KI67 1 in 200 run5.ndpi,Annotation (germinal_center),0.0537
KI67 1 in 200 run5.ndpi,Annotation (germinal_center),0.0294
KI67 1 in 200 run5.ndpi,Annotation (germinal_center),0.0634
KI67 1 in 200 run5.ndpi,Annotation (germinal_center),0.097
KI67 1 in 200 run5.ndpi,Annotation (germinal_center),0.0703
KI67 1 in 200 run5.ndpi,Annotation (germinal_center),0.0434
KI67 1 in 200 run5.ndpi,Annotation (germinal_center),0.0478
KI67 1 in 200 run5.ndpi,Annotation (germinal_center),0.0592
KI67 1 in 200 run5.ndpi,Annotation (germinal_center),0.0652
KI67 1 in 200 run5.ndpi,Annotation (germinal_center),0.0531
KI67 1 in 200 run5.ndpi,Annotation (germinal_center),0.0399
KI67 1 in 200 run5.ndpi,Annotation (germinal_center),0.0522
KI67 1 in 200 run5.ndpi,Annotation (germinal_center),0.049
KI67 1 in 200 run5.ndpi,Annotation (germinal_center),0.0621
KI67 1 in 200 run5.ndpi,Annotation (germinal_center),0.0436
KI67 1 in 200 run5.ndpi,Annotation (germinal_center),0.0396
KI67 1 in 200 run5.ndpi,Annotation (germinal_center),0.033
KI67 1 in 200 run5.ndpi,Annotation (germinal_center),0.0538
KI67 1 in 200 run5.ndpi,Annotation (germinal_center),0.0425
KI67 1 in 200 run5.ndpi,Annotation (germinal_center),0.0596
KI67 1 in 200 run5.ndpi,Annotation (germinal_center),0.041
KI67 1 in 200 run5.ndpi,Annotation (germinal_center),0.0652
KI67 1 in 200 run5.ndpi,Annotation (germinal_center),0.0718
KI67 1 in 200 run5.ndpi,Annotation (germinal_center),0.0658
KI67 1 in 200 run5.ndpi,Annotation (germinal_center),0.0411
KI67 1 in 200 run5.ndpi,Annotation (germinal_center),0.0714
KI67 1 in 200 run5.ndpi,Annotation (germinal_center),0.0375
KI67 1 in 200 run5.ndpi,Annotation (germinal_center),0.0547
KI67 1 in 200 run5.ndpi,Annotation (germinal_center),0.0739
KI67 1 in 200 run5.ndpi,Annotation (germinal_center),0.0471
KI67 1 in 200 run5.ndpi,Annotation (germinal_center),0.0403
KI67 1 in 200 run5.ndpi,Annotation (germinal_center),0.0537
KI67 1 in 200 run5.ndpi,Annotation (germinal_center),0.056
KI67 1 in 200 run5.ndpi,Annotation (germinal_center),0.0478
KI67 1 in 200 run5.ndpi,Annotation (germinal_center),0.0708
KI67 1 in 200 run5.ndpi,Annotation (germinal_center),0.0433
KI67 1 in 200 run5.ndpi,Annotation (germinal_center),0.0632
KI67 1 in 200 run5.ndpi,Annotation (germinal_center),0.0481
KI67 1 in 200 run5.ndpi,Annotation (germinal_center),0.087
KI67 1 in 200 run5.ndpi,Annotation (germinal_center),0.0694
KI67 1 in 200 run5.ndpi,Annotation (germinal_center),0.0673
KI67 1 in 200 run5.ndpi,Annotation (germinal_center),0.0506
KI67 1 in 200 run5.ndpi,Annotation (germinal_center),0.0661
KI67 1 in 200 run5.ndpi,Annotation (germinal_center),0.0604
KI67 1 in 200 run5.ndpi,Annotation (germinal_center),0.0619
KI67 1 in 200 run5.ndpi,Annotation (germinal_center),0.0479
KI67 1 in 200 run5.ndpi,Annotation (germinal_center),0.0423
KI67 1 in 200 run5.ndpi,Annotation (germinal_center),0.0958
KI67 1 in 200 run5.ndpi,Annotation (germinal_center),0.0552
KI67 1 in 200 run5.ndpi,Annotation (germinal_center),0.0849
KI67 1 in 200 run5.ndpi,Annotation (germinal_center),0.0769
KI67 1 in 200 run5.ndpi,Annotation (germinal_center),0.0522
KI67 1 in 200 run5.ndpi,Annotation (germinal_center),0.076
KI67 1 in 200 run5.ndpi,Annotation (germinal_center),0.0458
KI67 1 in 200 run5.ndpi,Annotation (germinal_center),0.0597
KI67 1 in 200 run5.ndpi,Annotation (germinal_center),0.0663
KI67 1 in 200 run5.ndpi,Annotation (germinal_center),0.0707
KI67 1 in 200 run5.ndpi,Annotation (germinal_center),0.0528
KI67 1 in 200 run5.ndpi,Annotation (germinal_center),0.0399
KI67 1 in 200 run5.ndpi,Annotation (germinal_center),0.0594
KI67 1 in 200 run5.ndpi,Annotation (germinal_center),0.0432
KI67 1 in 200 run5.ndpi,Annotation (germinal_center),0.0351
KI67 1 in 200 run5.ndpi,Annotation (germinal_center),0.0509
KI67 1 in 200 run5.ndpi,Annotation (germinal_center),0.0403
KI67 1 in 200 run5.ndpi,Annotation (germinal_center),0.052
KI67 1 in 200 run5.ndpi,Annotation (germinal_center),0.0406
KI67 1 in 200 run5.ndpi,Annotation (germinal_center),0.0565
KI67 1 in 200 run5.ndpi,Annotation (germinal_center),0.0593
KI67 1 in 200 run5.ndpi,Annotation (germinal_center),0.0556
KI67 1 in 200 run5.ndpi,Annotation (germinal_center),0.015
KI67 1 in 200 run5.ndpi,Annotation (germinal_center),0.0652
KI67 1 in 200 run5.ndpi,Annotation (germinal_center),0.0679
KI67 1 in 200 run5.ndpi,Annotation (germinal_center),0.0769
KI67 1 in 200 run5.ndpi,Annotation (germinal_center),0.0681
KI67 1 in 200 run5.ndpi,Annotation (germinal_center),0.0262
KI67 1 in 200 run5.ndpi,Annotation (germinal_center),0.0455
KI67 1 in 200 run5.ndpi,Annotation (germinal_center),0.0627
KI67 1 in 200 run5.ndpi,Annotation (germinal_center),0.0796
KI67 1 in 200 run5.ndpi,Annotation (germinal_center),0.0371
KI67 1 in 200 run5.ndpi,Annotation (germinal_center),0.0611
KI67 1 in 200 run5.ndpi,Annotation (germinal_center),0.0629
KI67 1 in 200 run5.ndpi,Annotation (germinal_center),0.0367
KI67 1 in 200 run5.ndpi,Annotation (germinal_center),0.0343
KI67 1 in 200 run5.ndpi,Annotation (germinal_center),0.0872
KI67 1 in 200 run5.ndpi,Annotation (germinal_center),0.0303
KI67 1 in 200 run5.ndpi,Annotation (germinal_center),0.0569
KI67 1 in 200 run5.ndpi,Annotation (germinal_center),0.0588
KI67 1 in 200 run5.ndpi,Annotation (germinal_center),0.0399
KI67 1 in 200 run5.ndpi,Annotation (germinal_center),0.0604
KI67 1 in 200 run5.ndpi,Annotation (germinal_center),0.029
KI67 1 in 200 run5.ndpi,Annotation (germinal_center),0.0704
KI67 1 in 200 run5.ndpi,Annotation (germinal_center),0.0599
KI67 1 in 200 run5.ndpi,Annotation (germinal_center),0.0447
KI67 1 in 200 run5.ndpi,Annotation (germinal_center),0.0513
KI67 1 in 200 run5.ndpi,Annotation (germinal_center),0.0829
KI67 1 in 200 run5.ndpi,Annotation (germinal_center),0.0915
KI67 1 in 200 run5.ndpi,Annotation (germinal_center),0.0838
KI67 1 in 200 run5.ndpi,Annotation (germinal_center),0.0655
KI67 1 in 200 run5.ndpi,Annotation (germinal_center),0.0716
KI67 1 in 200 run5.ndpi,Annotation (germinal_center),0.0561
KI67 1 in 200 run5.ndpi,Annotation (germinal_center),0.0548
KI67 1 in 200 run5.ndpi,Annotation (germinal_center),0.0495
KI67 1 in 200 run5.ndpi,Annotation (germinal_center),0.0595
KI67 1 in 200 run5.ndpi,Annotation (germinal_center),0.0884
KI67 1 in 200 run5.ndpi,Annotation (germinal_center),0.0779
KI67 1 in 200 run5.ndpi,Annotation (germinal_center),0.0483
KI67 1 in 200 run5.ndpi,Annotation (germinal_center),0.0682
KI67 1 in 200 run5.ndpi,Annotation (germinal_center),0.0513
KI67 1 in 200 run5.ndpi,Annotation (germinal_center),0.0617
KI67 1 in 200 run5.ndpi,Annotation (germinal_center),0.0516
KI67 1 in 200 run5.ndpi,Annotation (germinal_center),0.0567
KI67 1 in 200 run5.ndpi,Annotation (germinal_center),0.0571
KI67 1 in 200 run5.ndpi,Annotation (germinal_center),0.093
KI67 1 in 200 run5.ndpi,Annotation (germinal_center),0.037
KI67 1 in 200 run5.ndpi,Annotation (germinal_center),0.0915
KI67 1 in 200 run5.ndpi,Annotation (germinal_center),0.0775
KI67 1 in 200 run5.ndpi,Annotation (germinal_center),0.0469
KI67 1 in 200 run5.ndpi,Annotation (germinal_center),0.0434
KI67 1 in 200 run5.ndpi,Annotation (germinal_center),0.0619
KI67 1 in 200 run5.ndpi,Annotation (germinal_center),0.0504
KI67 1 in 200 run5.ndpi,Annotation (germinal_center),0.0481
KI67 1 in 200 run5.ndpi,Annotation (germinal_center),0.0446
KI67 1 in 200 run5.ndpi,Annotation (germinal_center),0.0797
KI67 1 in 200 run5.ndpi,Annotation (germinal_center),0.0521
KI67 1 in 200 run5.ndpi,Annotation (germinal_center),0.0528
KI67 1 in 200 run5.ndpi,Annotation (germinal_center),0.0717
KI67 1 in 200 run5.ndpi,Annotation (germinal_center),0.0264
KI67 1 in 200 run5.ndpi,Annotation (germinal_center),0.0643
KI67 1 in 200 run5.ndpi,Annotation (germinal_center),0.0613
KI67 1 in 200 run5.ndpi,Annotation (germinal_center),0.0809
KI67 1 in 200 run5.ndpi,Annotation (germinal_center),0.0349
KI67 1 in 200 run5.ndpi,Annotation (germinal_center),0.0562
KI67 1 in 200 run5.ndpi,Annotation (germinal_center),0.055
KI67 1 in 200 run5.ndpi,Annotation (germinal_center),0.0425
KI67 1 in 200 run5.ndpi,Annotation (germinal_center),0.0903
KI67 1 in 200 run5.ndpi,Annotation (germinal_center),0.1762
KI67 1 in 200 run5.ndpi,Annotation (germinal_center),0.0572
KI67 1 in 200 run5.ndpi,Annotation (germinal_center),0.0397
KI67 1 in 200 run5.ndpi,Annotation (germinal_center),0.0685
KI67 1 in 200 run5.ndpi,Annotation (germinal_center),0.049
KI67 1 in 200 run5.ndpi,Annotation (germinal_center),0.0456
KI67 1 in 200 run5.ndpi,Annotation (germinal_center),0.0796
KI67 1 in 200 run5.ndpi,Annotation (germinal_center),0.0706
KI67 1 in 200 run5.ndpi,Annotation (germinal_center),0.0701
KI67 1 in 200 run5.ndpi,Annotation (germinal_center),0.0371
KI67 1 in 200 run5.ndpi,Annotation (germinal_center),0.0456
KI67 1 in 200 run5.ndpi,Annotation (germinal_center),0.0547
KI67 1 in 200 run5.ndpi,Annotation (germinal_center),0.0641
KI67 1 in 200 run5.ndpi,Annotation (germinal_center),0.0645
KI67 1 in 200 run5.ndpi,Annotation (germinal_center),0.0674
KI67 1 in 200 run5.ndpi,Annotation (germinal_center),0.0462
KI67 1 in 200 run5.ndpi,Annotation (germinal_center),0.0534
KI67 1 in 200 run5.ndpi,Annotation (germinal_center),0.0571
KI67 1 in 200 run5.ndpi,Annotation (germinal_center),0.0483
KI67 1 in 200 run5.ndpi,Annotation (germinal_center),0.0448
KI67 1 in 200 run5.ndpi,Annotation (germinal_center),0.0311
KI67 1 in 200 run5.ndpi,Annotation (germinal_center),0.0686
KI67 1 in 200 run5.ndpi,Annotation (germinal_center),0.0327
KI67 1 in 200 run5.ndpi,Annotation (germinal_center),0.0621
KI67 1 in 200 run5.ndpi,Annotation (germinal_center),0.0663
KI67 1 in 200 run5.ndpi,Annotation (germinal_center),0.0536
KI67 1 in 200 run5.ndpi,Annotation (germinal_center),0.0324
KI67 1 in 200 run5.ndpi,Annotation (germinal_center),0.0588
KI67 1 in 200 run5.ndpi,Annotation (germinal_center),0.064
KI67 1 in 200 run5.ndpi,Annotation (germinal_center),0.0821
KI67 1 in 200 run5.ndpi,Annotation (germinal_center),0.0478
KI67 1 in 200 run5.ndpi,Annotation (germinal_center),0.058
KI67 1 in 200 run5.ndpi,Annotation (germinal_center),0.0804
KI67 1 in 200 run5.ndpi,Annotation (germinal_center),0.0797
KI67 1 in 200 run5.ndpi,Annotation (germinal_center),0.0532
KI67 1 in 200 run5.ndpi,Annotation (germinal_center),0.0819
KI67 1 in 200 run5.ndpi,Annotation (germinal_center),0.0569
KI67 1 in 200 run5.ndpi,Annotation (germinal_center),0.0527
KI67 1 in 200 run5.ndpi,Annotation (germinal_center),0.0654
KI67 1 in 200 run5.ndpi,Annotation (germinal_center),0.0716
KI67 1 in 200 run5.ndpi,Annotation (germinal_center),0.0497
KI67 1 in 200 run5.ndpi,Annotation (germinal_center),0.0649
KI67 1 in 200 run5.ndpi,Annotation (germinal_center),0.052
KI67 1 in 200 run5.ndpi,Annotation (germinal_center),0.0629
KI67 1 in 200 run5.ndpi,Annotation (germinal_center),0.043
KI67 1 in 200 run5.ndpi,Annotation (germinal_center),0.0489
KI67 1 in 200 run5.ndpi,Annotation (germinal_center),0.0402
KI67 1 in 200 run5.ndpi,Annotation (germinal_center),0.0675
KI67 1 in 200 run5.ndpi,Annotation (germinal_center),0.058
KI67 1 in 200 run5.ndpi,Annotation (germinal_center),
