Image,Parent,DAB: Mean
CaseKI67_0075.ndpi,Annotation (mantle),0.1702
CaseKI67_0075.ndpi,Annotation (mantle),0.3505
CaseKI67_0075.ndpi,Annotation (mantle),0.0439
CaseKI67_0075.ndpi,Annotation (mantle),0.0935
CaseKI67_0075.ndpi,Annotation (mantle),0.0728
CaseKI67_0075.ndpi,Annotation (mantle),0.0489
CaseKI67_0075.ndpi,Annotation (mantle),0.0443
CaseKI67_0075.ndpi,Annotation (mantle),0.4907
CaseKI67_0075.ndpi,Annotation (mantle),0.0956
CaseKI67_0075.ndpi,Annotation (mantle),0.452
CaseKI67_0075.ndpi,Annotation (mantle),0.0761
CaseKI67_0075.ndpi,Annotation (mantle),0.0404
CaseKI67_0075.ndpi,Annotation (mantle),0.0425
CaseKI67_0075.ndpi,Annotation (mantle),0.05
CaseKI67_0075.ndpi,Annotation (mantle),0.0427
CaseKI67_0075.ndpi,Annotation (mantle),0.084
CaseKI67_0075.ndpi,Annotation (mantle),1.1206
CaseKI67_0075.ndpi,Annotation (mantle),0.0748
CaseKI67_0075.ndpi,Annotation (mantle),0.0622
CaseKI67_0075.ndpi,Annotation (mantle),0.049
CaseKI67_0075.ndpi,Annotation (mantle),0.1245
CaseKI67_0075.ndpi,Annotation (mantle),1.2981
CaseKI67_0075.ndpi,Annotation (mantle),0.0621
CaseKI67_0075.ndpi,Annotation (mantle),0.0698
CaseKI67_0075.ndpi,Annotation (mantle),0.0471
CaseKI67_0075.ndpi,Annotation (mantle),0.0639
CaseKI67_0075.ndpi,Annotation (mantle),0.0408
CaseKI67_0075.ndpi,Annotation (mantle),0.0731
CaseKI67_0075.ndpi,Annotation (mantle),0.0577
CaseKI67_0075.ndpi,Annotation (mantle),0.0436
CaseKI67_0075.ndpi,Annotation (mantle),0.0532
CaseKI67_0075.ndpi,Annotation (mantle),0.7114
CaseKI67_0075.ndpi,Annotation (mantle),0.0519
CaseKI67_0075.ndpi,Annotation (mantle),0.2789
CaseKI67_0075.ndpi,Annotation (mantle),0.0441
CaseKI67_0075.ndpi,Annotation (mantle),0.0442
CaseKI67_0075.ndpi,Annotation (mantle),0.1559
CaseKI67_0075.ndpi,Annotation (mantle),0.0464
CaseKI67_0075.ndpi,Annotation (mantle),0.1176
CaseKI67_0075.ndpi,Annotation (mantle),0.0526
CaseKI67_0075.ndpi,Annotation (mantle),0.0552
CaseKI67_0075.ndpi,Annotation (mantle),0.0898
CaseKI67_0075.ndpi,Annotation (mantle),0.059
CaseKI67_0075.ndpi,Annotation (mantle),0.0505
CaseKI67_0075.ndpi,Annotation (mantle),0.0679
CaseKI67_0075.ndpi,Annotation (mantle),0.0444
CaseKI67_0075.ndpi,Annotation (mantle),0.0448
CaseKI67_0075.ndpi,Annotation (mantle),0.0365
CaseKI67_0075.ndpi,Annotation (mantle),0.0508
CaseKI67_0075.ndpi,Annotation (mantle),0.1723
CaseKI67_0075.ndpi,Annotation (mantle),0.033
CaseKI67_0075.ndpi,Annotation (mantle),0.0435
CaseKI67_0075.ndpi,Annotation (mantle),0.055
CaseKI67_0075.ndpi,Annotation (mantle),0.0415
CaseKI67_0075.ndpi,Annotation (mantle),0.0441
CaseKI67_0075.ndpi,Annotation (mantle),0.0434
CaseKI67_0075.ndpi,Annotation (mantle),0.0647
CaseKI67_0075.ndpi,Annotation (mantle),0.0745
CaseKI67_0075.ndpi,Annotation (mantle),0.0569
CaseKI67_0075.ndpi,Annotation (mantle),0.0671
CaseKI67_0075.ndpi,Annotation (mantle),0.0474
CaseKI67_0075.ndpi,Annotation (mantle),0.0419
CaseKI67_0075.ndpi,Annotation (mantle),0.0398
CaseKI67_0075.ndpi,Annotation (mantle),0.0421
CaseKI67_0075.ndpi,Annotation (mantle),0.0366
CaseKI67_0075.ndpi,Annotation (mantle),0.0519
CaseKI67_0075.ndpi,Annotation (mantle),0.1464
CaseKI67_0075.ndpi,Annotation (mantle),0.0644
CaseKI67_0075.ndpi,Annotation (mantle),0.0576
CaseKI67_0075.ndpi,Annotation (mantle),0.0443
CaseKI67_0075.ndpi,Annotation (mantle),0.0647
CaseKI67_0075.ndpi,Annotation (mantle),0.0482
CaseKI67_0075.ndpi,Annotation (mantle),0.0585
CaseKI67_0075.ndpi,Annotation (mantle),0.0617
CaseKI67_0075.ndpi,Annotation (mantle),0.0443
CaseKI67_0075.ndpi,Annotation (mantle),0.0545
CaseKI67_0075.ndpi,Annotation (mantle),1.1581
CaseKI67_0075.ndpi,Annotation (mantle),0.051
CaseKI67_0075.ndpi,Annotation (mantle),0.0547
CaseKI67_0075.ndpi,Annotation (mantle),0.0423
CaseKI67_0075.ndpi,Annotation (mantle),0.0606
CaseKI67_0075.ndpi,Annotation (mantle),0.0427
CaseKI67_0075.ndpi,Annotation (mantle),0.1139
CaseKI67_0075.ndpi,Annotation (mantle),0.0396
CaseKI67_0075.ndpi,Annotation (mantle),0.0585
CaseKI67_0075.ndpi,Annotation (mantle),0.0565
CaseKI67_0075.ndpi,Annotation (mantle),0.0429
CaseKI67_0075.ndpi,Annotation (mantle),0.1266
CaseKI67_0075.ndpi,Annotation (mantle),0.0401
CaseKI67_0075.ndpi,Annotation (mantle),0.0393
CaseKI67_0075.ndpi,Annotation (mantle),0.0399
CaseKI67_0075.ndpi,Annotation (mantle),0.1379
CaseKI67_0075.ndpi,Annotation (mantle),0.0447
CaseKI67_0075.ndpi,Annotation (mantle),0.044
CaseKI67_0075.ndpi,Annotation (mantle),0.0637
CaseKI67_0075.ndpi,Annotation (mantle),0.0355
CaseKI67_0075.ndpi,Annotation (mantle),0.0429
CaseKI67_0075.ndpi,Annotation (mantle),0.215
CaseKI67_0075.ndpi,Annotation (mantle),0.0454
CaseKI67_0075.ndpi,Annotation (mantle),0.053
CaseKI67_0075.ndpi,Annotation (mantle),0.0508
CaseKI67_0075.ndpi,Annotation (mantle),0.041
CaseKI67_0075.ndpi,Annotation (mantle),0.0524
CaseKI67_0075.ndpi,Annotation (mantle),0.0568
CaseKI67_0075.ndpi,Annotation (mantle),0.0552
CaseKI67_0075.ndpi,Annotation (mantle),0.0398
CaseKI67_0075.ndpi,Annotation (mantle),0.0641
CaseKI67_0075.ndpi,Annotation (mantle),0.2714
CaseKI67_0075.ndpi,Annotation (mantle),0.0379
CaseKI67_0075.ndpi,Annotation (mantle),0.0384
CaseKI67_0075.ndpi,Annotation (mantle),0.0463
CaseKI67_0075.ndpi,Annotation (mantle),0.0605
CaseKI67_0075.ndpi,Annotation (mantle),0.0552
CaseKI67_0075.ndpi,Annotation (mantle),0.1148
CaseKI67_0075.ndpi,Annotation (mantle),0.0418
CaseKI67_0075.ndpi,Annotation (mantle),0.0306
CaseKI67_0075.ndpi,Annotation (mantle),0.0456
CaseKI67_0075.ndpi,Annotation (mantle),0.0406
CaseKI67_0075.ndpi,Annotation (mantle),0.0551
CaseKI67_0075.ndpi,Annotation (mantle),0.0457
CaseKI67_0075.ndpi,Annotation (mantle),0.0362
CaseKI67_0075.ndpi,Annotation (mantle),0.0293
CaseKI67_0075.ndpi,Annotation (mantle),0.0402
CaseKI67_0075.ndpi,Annotation (mantle),0.0376
CaseKI67_0075.ndpi,Annotation (mantle),0.0627
CaseKI67_0075.ndpi,Annotation (mantle),0.0505
CaseKI67_0075.ndpi,Annotation (mantle),0.0281
CaseKI67_0075.ndpi,Annotation (mantle),0.0412
CaseKI67_0075.ndpi,Annotation (mantle),0.0524
CaseKI67_0075.ndpi,Annotation (mantle),0.0378
CaseKI67_0075.ndpi,Annotation (mantle),0.0505
CaseKI67_0075.ndpi,Annotation (mantle),0.0357
CaseKI67_0075.ndpi,Annotation (mantle),0.0195
CaseKI67_0075.ndpi,Annotation (mantle),0.0465
CaseKI67_0075.ndpi,Annotation (mantle),0.0816
CaseKI67_0075.ndpi,Annotation (mantle),0.0596
CaseKI67_0075.ndpi,Annotation (mantle),0.0173
CaseKI67_0075.ndpi,Annotation (mantle),
CaseKI67_0075.ndpi,Annotation (mantle),0.1884
CaseKI67_0075.ndpi,Annotation (mantle),0.1348
CaseKI67_0075.ndpi,Annotation (mantle),0.0846
CaseKI67_0075.ndpi,Annotation (mantle),0.1617
CaseKI67_0075.ndpi,Annotation (mantle),0.1447
CaseKI67_0075.ndpi,Annotation (mantle),0.1079
CaseKI67_0075.ndpi,Annotation (mantle),0.1119
CaseKI67_0075.ndpi,Annotation (mantle),1.7517
CaseKI67_0075.ndpi,Annotation (mantle),0.1157
CaseKI67_0075.ndpi,Annotation (mantle),0.6537
CaseKI67_0075.ndpi,Annotation (mantle),0.1506
CaseKI67_0075.ndpi,Annotation (mantle),0.242
CaseKI67_0075.ndpi,Annotation (mantle),0.0628
CaseKI67_0075.ndpi,Annotation (mantle),0.076
CaseKI67_0075.ndpi,Annotation (mantle),0.0643
CaseKI67_0075.ndpi,Annotation (mantle),0.061
CaseKI67_0075.ndpi,Annotation (mantle),0.0409
CaseKI67_0075.ndpi,Annotation (mantle),0.0413
CaseKI67_0075.ndpi,Annotation (mantle),0.0276
CaseKI67_0075.ndpi,Annotation (mantle),0.1323
CaseKI67_0075.ndpi,Annotation (mantle),0.0617
CaseKI67_0075.ndpi,Annotation (mantle),0.0529
CaseKI67_0075.ndpi,Annotation (mantle),0.0375
CaseKI67_0075.ndpi,Annotation (mantle),0.8619
CaseKI67_0075.ndpi,Annotation (mantle),0.0538
CaseKI67_0075.ndpi,Annotation (mantle),0.0775
CaseKI67_0075.ndpi,Annotation (mantle),0.0589
CaseKI67_0075.ndpi,Annotation (mantle),0.0433
CaseKI67_0075.ndpi,Annotation (mantle),0.0823
CaseKI67_0075.ndpi,Annotation (mantle),0.0601
CaseKI67_0075.ndpi,Annotation (mantle),0.0679
CaseKI67_0075.ndpi,Annotation (mantle),0.053
CaseKI67_0075.ndpi,Annotation (mantle),0.0446
CaseKI67_0075.ndpi,Annotation (mantle),0.033
CaseKI67_0075.ndpi,Annotation (mantle),0.0562
CaseKI67_0075.ndpi,Annotation (mantle),0.0379
CaseKI67_0075.ndpi,Annotation (mantle),0.0454
CaseKI67_0075.ndpi,Annotation (mantle),0.0611
CaseKI67_0075.ndpi,Annotation (mantle),0.0763
CaseKI67_0075.ndpi,Annotation (mantle),0.0426
CaseKI67_0075.ndpi,Annotation (mantle),0.0416
CaseKI67_0075.ndpi,Annotation (mantle),0.0565
CaseKI67_0075.ndpi,Annotation (mantle),0.0524
CaseKI67_0075.ndpi,Annotation (mantle),0.0777
CaseKI67_0075.ndpi,Annotation (mantle),0.0876
CaseKI67_0075.ndpi,Annotation (mantle),0.0864
CaseKI67_0075.ndpi,Annotation (mantle),0.064
CaseKI67_0075.ndpi,Annotation (mantle),0.0709
CaseKI67_0075.ndpi,Annotation (mantle),0.0651
CaseKI67_0075.ndpi,Annotation (mantle),0.0568
CaseKI67_0075.ndpi,Annotation (mantle),0.0719
CaseKI67_0075.ndpi,Annotation (mantle),0.0501
CaseKI67_0075.ndpi,Annotation (mantle),1.5557
CaseKI67_0075.ndpi,Annotation (mantle),0.0449
CaseKI67_0075.ndpi,Annotation (mantle),0.0569
CaseKI67_0075.ndpi,Annotation (mantle),0.0628
CaseKI67_0075.ndpi,Annotation (mantle),0.0591
CaseKI67_0075.ndpi,Annotation (mantle),0.0929
CaseKI67_0075.ndpi,Annotation (mantle),0.0976
CaseKI67_0075.ndpi,Annotation (mantle),0.0462
CaseKI67_0075.ndpi,Annotation (mantle),0.0526
CaseKI67_0075.ndpi,Annotation (mantle),0.0471
CaseKI67_0075.ndpi,Annotation (mantle),0.0881
CaseKI67_0075.ndpi,Annotation (mantle),0.0505
CaseKI67_0075.ndpi,Annotation (mantle),0.0523
CaseKI67_0075.ndpi,Annotation (mantle),0.1154
CaseKI67_0075.ndpi,Annotation (mantle),0.9395
CaseKI67_0075.ndpi,Annotation (mantle),0.053
CaseKI67_0075.ndpi,Annotation (mantle),0.0497
CaseKI67_0075.ndpi,Annotation (mantle),0.0542
CaseKI67_0075.ndpi,Annotation (mantle),0.031
CaseKI67_0075.ndpi,Annotation (mantle),0.0351
CaseKI67_0075.ndpi,Annotation (mantle),0.049
CaseKI67_0075.ndpi,Annotation (mantle),0.0458
CaseKI67_0075.ndpi,Annotation (mantle),0.0397
CaseKI67_0075.ndpi,Annotation (mantle),0.0426
CaseKI67_0075.ndpi,Annotation (mantle),0.1087
CaseKI67_0075.ndpi,Annotation (mantle),0.0387
CaseKI67_0075.ndpi,Annotation (mantle),0.0385
CaseKI67_0075.ndpi,Annotation (mantle),0.0448
CaseKI67_0075.ndpi,Annotation (mantle),0.0422
CaseKI67_0075.ndpi,Annotation (mantle),0.0765
CaseKI67_0075.ndpi,Annotation (mantle),1.0178
CaseKI67_0075.ndpi,Annotation (mantle),0.0667
CaseKI67_0075.ndpi,Annotation (mantle),0.0827
CaseKI67_0075.ndpi,Annotation (mantle),0.3541
CaseKI67_0075.ndpi,Annotation (mantle),0.0536
CaseKI67_0075.ndpi,Annotation (mantle),0.0364
CaseKI67_0075.ndpi,Annotation (mantle),0.3293
CaseKI67_0075.ndpi,Annotation (mantle),0.0653
CaseKI67_0075.ndpi,Annotation (mantle),0.0724
CaseKI67_0075.ndpi,Annotation (mantle),0.0422
CaseKI67_0075.ndpi,Annotation (mantle),0.0536
CaseKI67_0075.ndpi,Annotation (mantle),0.0348
CaseKI67_0075.ndpi,Annotation (mantle),0.0511
CaseKI67_0075.ndpi,Annotation (mantle),0.0782
CaseKI67_0075.ndpi,Annotation (mantle),0.0456
CaseKI67_0075.ndpi,Annotation (mantle),0.0632
CaseKI67_0075.ndpi,Annotation (mantle),0.0464
CaseKI67_0075.ndpi,Annotation (mantle),0.0642
CaseKI67_0075.ndpi,Annotation (mantle),0.0343
CaseKI67_0075.ndpi,Annotation (mantle),0.0513
CaseKI67_0075.ndpi,Annotation (mantle),0.0536
CaseKI67_0075.ndpi,Annotation (mantle),0.044
CaseKI67_0075.ndpi,Annotation (mantle),0.1365
CaseKI67_0075.ndpi,Annotation (mantle),0.0448
CaseKI67_0075.ndpi,Annotation (mantle),0.0459
CaseKI67_0075.ndpi,Annotation (mantle),0.062
CaseKI67_0075.ndpi,Annotation (mantle),0.0797
CaseKI67_0075.ndpi,Annotation (mantle),0.052
CaseKI67_0075.ndpi,Annotation (mantle),0.043
CaseKI67_0075.ndpi,Annotation (mantle),
CaseKI67_0075.ndpi,Annotation (mantle),0.0388
CaseKI67_0075.ndpi,Annotation (mantle),0.0821
CaseKI67_0075.ndpi,Annotation (mantle),0.0452
CaseKI67_0075.ndpi,Annotation (mantle),0.0616
CaseKI67_0075.ndpi,Annotation (mantle),0.0435
CaseKI67_0075.ndpi,Annotation (mantle),0.0572
CaseKI67_0075.ndpi,Annotation (mantle),0.0509
CaseKI67_0075.ndpi,Annotation (mantle),0.165
CaseKI67_0075.ndpi,Annotation (mantle),0.078
CaseKI67_0075.ndpi,Annotation (mantle),0.0911
CaseKI67_0075.ndpi,Annotation (mantle),0.0246
CaseKI67_0075.ndpi,Annotation (mantle),0.092
CaseKI67_0075.ndpi,Annotation (mantle),0.1394
CaseKI67_0075.ndpi,Annotation (mantle),0.0634
CaseKI67_0075.ndpi,Annotation (mantle),0.0187
CaseKI67_0075.ndpi,Annotation (mantle),0.2323
CaseKI67_0075.ndpi,Annotation (mantle),0.0614
CaseKI67_0075.ndpi,Annotation (mantle),0.0413
CaseKI67_0075.ndpi,Annotation (mantle),0.0401
CaseKI67_0075.ndpi,Annotation (mantle),1.215
CaseKI67_0075.ndpi,Annotation (mantle),0.0875
CaseKI67_0075.ndpi,Annotation (mantle),1.2764
CaseKI67_0075.ndpi,Annotation (mantle),0.1147
CaseKI67_0075.ndpi,Annotation (mantle),0.1282
CaseKI67_0075.ndpi,Annotation (mantle),0.1812
CaseKI67_0075.ndpi,Annotation (mantle),0.684
CaseKI67_0075.ndpi,Annotation (mantle),1.4475
CaseKI67_0075.ndpi,Annotation (mantle),0.1142
CaseKI67_0075.ndpi,Annotation (mantle),0.1451
CaseKI67_0075.ndpi,Annotation (mantle),1.846
CaseKI67_0075.ndpi,Annotation (mantle),0.3282
CaseKI67_0075.ndpi,Annotation (mantle),0.1227
CaseKI67_0075.ndpi,Annotation (mantle),0.121
CaseKI67_0075.ndpi,Annotation (mantle),0.1242
CaseKI67_0075.ndpi,Annotation (mantle),0.482
CaseKI67_0075.ndpi,Annotation (mantle),0.1263
CaseKI67_0075.ndpi,Annotation (mantle),0.7584
CaseKI67_0075.ndpi,Annotation (mantle),0.1944
CaseKI67_0075.ndpi,Annotation (mantle),0.2524
CaseKI67_0075.ndpi,Annotation (mantle),0.1257
CaseKI67_0075.ndpi,Annotation (mantle),0.1616
CaseKI67_0075.ndpi,Annotation (mantle),0.187
CaseKI67_0075.ndpi,Annotation (mantle),0.1361
CaseKI67_0075.ndpi,Annotation (mantle),0.0924
CaseKI67_0075.ndpi,Annotation (mantle),0.1749
CaseKI67_0075.ndpi,Annotation (mantle),0.1182
CaseKI67_0075.ndpi,Annotation (mantle),1.531
CaseKI67_0075.ndpi,Annotation (mantle),0.1945
CaseKI67_0075.ndpi,Annotation (mantle),0.182
CaseKI67_0075.ndpi,Annotation (mantle),0.0978
CaseKI67_0075.ndpi,Annotation (mantle),0.1179
CaseKI67_0075.ndpi,Annotation (mantle),0.1243
CaseKI67_0075.ndpi,Annotation (mantle),0.1039
CaseKI67_0075.ndpi,Annotation (mantle),0.1204
CaseKI67_0075.ndpi,Annotation (mantle),0.1148
CaseKI67_0075.ndpi,Annotation (mantle),1.4316
CaseKI67_0075.ndpi,Annotation (mantle),0.0907
CaseKI67_0075.ndpi,Annotation (mantle),1.7841
CaseKI67_0075.ndpi,Annotation (mantle),0.0986
CaseKI67_0075.ndpi,Annotation (mantle),1.1016
CaseKI67_0075.ndpi,Annotation (mantle),1.6176
CaseKI67_0075.ndpi,Annotation (mantle),1.7607
CaseKI67_0075.ndpi,Annotation (mantle),0.1904
CaseKI67_0075.ndpi,Annotation (mantle),0.1755
CaseKI67_0075.ndpi,Annotation (mantle),0.1391
CaseKI67_0075.ndpi,Annotation (mantle),0.1169
CaseKI67_0075.ndpi,Annotation (mantle),0.09
CaseKI67_0075.ndpi,Annotation (mantle),0.1255
CaseKI67_0075.ndpi,Annotation (mantle),0.1213
CaseKI67_0075.ndpi,Annotation (mantle),0.105
CaseKI67_0075.ndpi,Annotation (mantle),0.0865
CaseKI67_0075.ndpi,Annotation (mantle),0.0957
CaseKI67_0075.ndpi,Annotation (mantle),1.8239
CaseKI67_0075.ndpi,Annotation (mantle),1.763
CaseKI67_0075.ndpi,Annotation (mantle),0.1213
CaseKI67_0075.ndpi,Annotation (mantle),0.0688
CaseKI67_0075.ndpi,Annotation (mantle),0.1014
CaseKI67_0075.ndpi,Annotation (mantle),1.3036
CaseKI67_0075.ndpi,Annotation (mantle),0.1247
CaseKI67_0075.ndpi,Annotation (mantle),0.1109
CaseKI67_0075.ndpi,Annotation (mantle),0.131
CaseKI67_0075.ndpi,Annotation (mantle),0.1148
CaseKI67_0075.ndpi,Annotation (mantle),0.167
CaseKI67_0075.ndpi,Annotation (mantle),0.0989
CaseKI67_0075.ndpi,Annotation (mantle),0.1085
CaseKI67_0075.ndpi,Annotation (mantle),0.7083
CaseKI67_0075.ndpi,Annotation (mantle),0.0817
CaseKI67_0075.ndpi,Annotation (mantle),0.1373
CaseKI67_0075.ndpi,Annotation (mantle),0.1527
CaseKI67_0075.ndpi,Annotation (mantle),0.5167
CaseKI67_0075.ndpi,Annotation (mantle),0.1251
CaseKI67_0075.ndpi,Annotation (mantle),0.1071
CaseKI67_0075.ndpi,Annotation (mantle),0.1793
CaseKI67_0075.ndpi,Annotation (mantle),0.1687
CaseKI67_0075.ndpi,Annotation (mantle),0.092
CaseKI67_0075.ndpi,Annotation (mantle),1.2728
CaseKI67_0075.ndpi,Annotation (mantle),0.1113
CaseKI67_0075.ndpi,Annotation (mantle),1.7134
CaseKI67_0075.ndpi,Annotation (mantle),1.6626
CaseKI67_0075.ndpi,Annotation (mantle),0.1001
CaseKI67_0075.ndpi,Annotation (mantle),0.0834
CaseKI67_0075.ndpi,Annotation (mantle),0.1052
CaseKI67_0075.ndpi,Annotation (mantle),0.3365
CaseKI67_0075.ndpi,Annotation (mantle),0.2361
CaseKI67_0075.ndpi,Annotation (mantle),0.2822
CaseKI67_0075.ndpi,Annotation (mantle),1.7431
CaseKI67_0075.ndpi,Annotation (mantle),0.1223
CaseKI67_0075.ndpi,Annotation (mantle),0.0816
CaseKI67_0075.ndpi,Annotation (mantle),0.3656
CaseKI67_0075.ndpi,Annotation (mantle),0.1052
CaseKI67_0075.ndpi,Annotation (mantle),0.152
CaseKI67_0075.ndpi,Annotation (mantle),0.0886
CaseKI67_0075.ndpi,Annotation (mantle),0.1001
CaseKI67_0075.ndpi,Annotation (mantle),0.1329
CaseKI67_0075.ndpi,Annotation (mantle),0.0824
CaseKI67_0075.ndpi,Annotation (mantle),0.1216
CaseKI67_0075.ndpi,Annotation (mantle),0.1219
CaseKI67_0075.ndpi,Annotation (mantle),0.1318
CaseKI67_0075.ndpi,Annotation (mantle),0.107
CaseKI67_0075.ndpi,Annotation (mantle),0.7463
CaseKI67_0075.ndpi,Annotation (mantle),1.0314
CaseKI67_0075.ndpi,Annotation (mantle),0.1008
CaseKI67_0075.ndpi,Annotation (mantle),0.2239
CaseKI67_0075.ndpi,Annotation (mantle),0.2246
CaseKI67_0075.ndpi,Annotation (mantle),1.7901
CaseKI67_0075.ndpi,Annotation (mantle),0.1582
CaseKI67_0075.ndpi,Annotation (mantle),0.0996
CaseKI67_0075.ndpi,Annotation (mantle),0.1221
CaseKI67_0075.ndpi,Annotation (mantle),0.1427
CaseKI67_0075.ndpi,Annotation (mantle),0.1253
CaseKI67_0075.ndpi,Annotation (mantle),0.1399
CaseKI67_0075.ndpi,Annotation (mantle),0.1468
CaseKI67_0075.ndpi,Annotation (mantle),1.2743
CaseKI67_0075.ndpi,Annotation (mantle),1.6148
CaseKI67_0075.ndpi,Annotation (mantle),1.675
CaseKI67_0075.ndpi,Annotation (mantle),0.1258
CaseKI67_0075.ndpi,Annotation (mantle),0.1429
CaseKI67_0075.ndpi,Annotation (mantle),1.7934
CaseKI67_0075.ndpi,Annotation (mantle),1.2683
CaseKI67_0075.ndpi,Annotation (mantle),0.1627
CaseKI67_0075.ndpi,Annotation (mantle),0.1226
CaseKI67_0075.ndpi,Annotation (mantle),0.0705
CaseKI67_0075.ndpi,Annotation (mantle),0.0997
CaseKI67_0075.ndpi,Annotation (mantle),0.1078
CaseKI67_0075.ndpi,Annotation (mantle),0.3856
CaseKI67_0075.ndpi,Annotation (mantle),0.1459
CaseKI67_0075.ndpi,Annotation (mantle),0.1196
CaseKI67_0075.ndpi,Annotation (mantle),0.1048
CaseKI67_0075.ndpi,Annotation (mantle),0.0806
CaseKI67_0075.ndpi,Annotation (mantle),0.0765
CaseKI67_0075.ndpi,Annotation (mantle),0.1008
CaseKI67_0075.ndpi,Annotation (mantle),0.1459
CaseKI67_0075.ndpi,Annotation (mantle),0.1239
CaseKI67_0075.ndpi,Annotation (mantle),0.0775
CaseKI67_0075.ndpi,Annotation (mantle),1.5966
CaseKI67_0075.ndpi,Annotation (mantle),0.1394
CaseKI67_0075.ndpi,Annotation (mantle),0.347
CaseKI67_0075.ndpi,Annotation (mantle),0.141
CaseKI67_0075.ndpi,Annotation (mantle),0.1146
CaseKI67_0075.ndpi,Annotation (mantle),0.1185
CaseKI67_0075.ndpi,Annotation (mantle),0.7637
CaseKI67_0075.ndpi,Annotation (mantle),1.0961
CaseKI67_0075.ndpi,Annotation (mantle),0.2527
CaseKI67_0075.ndpi,Annotation (mantle),1.6908
CaseKI67_0075.ndpi,Annotation (mantle),0.2561
CaseKI67_0075.ndpi,Annotation (mantle),0.1443
CaseKI67_0075.ndpi,Annotation (mantle),1.5782
CaseKI67_0075.ndpi,Annotation (mantle),1.3831
CaseKI67_0075.ndpi,Annotation (mantle),0.14
CaseKI67_0075.ndpi,Annotation (mantle),0.1168
CaseKI67_0075.ndpi,Annotation (mantle),0.1751
CaseKI67_0075.ndpi,Annotation (mantle),0.1232
CaseKI67_0075.ndpi,Annotation (mantle),0.1021
CaseKI67_0075.ndpi,Annotation (mantle),
CaseKI67_0075.ndpi,Annotation (mantle),0.0978
CaseKI67_0075.ndpi,Annotation (mantle),1.3446
CaseKI67_0075.ndpi,Annotation (mantle),0.1295
CaseKI67_0075.ndpi,Annotation (mantle),0.1082
CaseKI67_0075.ndpi,Annotation (mantle),0.1229
CaseKI67_0075.ndpi,Annotation (mantle),0.1122
CaseKI67_0075.ndpi,Annotation (mantle),1.708
CaseKI67_0075.ndpi,Annotation (mantle),0.2128
CaseKI67_0075.ndpi,Annotation (mantle),0.0955
CaseKI67_0075.ndpi,Annotation (mantle),0.1111
CaseKI67_0075.ndpi,Annotation (mantle),1.8943
CaseKI67_0075.ndpi,Annotation (mantle),0.1009
CaseKI67_0075.ndpi,Annotation (mantle),0.1069
CaseKI67_0075.ndpi,Annotation (mantle),0.1115
CaseKI67_0075.ndpi,Annotation (mantle),0.1047
CaseKI67_0075.ndpi,Annotation (mantle),0.1138
CaseKI67_0075.ndpi,Annotation (mantle),0.1754
CaseKI67_0075.ndpi,Annotation (mantle),0.0925
CaseKI67_0075.ndpi,Annotation (mantle),1.8298
CaseKI67_0075.ndpi,Annotation (mantle),0.1377
CaseKI67_0075.ndpi,Annotation (mantle),0.1115
CaseKI67_0075.ndpi,Annotation (mantle),1.7101
CaseKI67_0075.ndpi,Annotation (mantle),0.1022
CaseKI67_0075.ndpi,Annotation (mantle),1.337
CaseKI67_0075.ndpi,Annotation (mantle),0.0809
CaseKI67_0075.ndpi,Annotation (mantle),0.1382
CaseKI67_0075.ndpi,Annotation (mantle),0.0842
CaseKI67_0075.ndpi,Annotation (mantle),0.1217
CaseKI67_0075.ndpi,Annotation (mantle),2.0809
CaseKI67_0075.ndpi,Annotation (mantle),1.3551
CaseKI67_0075.ndpi,Annotation (mantle),0.094
CaseKI67_0075.ndpi,Annotation (mantle),0.1122
CaseKI67_0075.ndpi,Annotation (mantle),0.0825
CaseKI67_0075.ndpi,Annotation (mantle),1.8636
CaseKI67_0075.ndpi,Annotation (mantle),0.1046
CaseKI67_0075.ndpi,Annotation (mantle),0.1045
CaseKI67_0075.ndpi,Annotation (mantle),0.0926
CaseKI67_0075.ndpi,Annotation (mantle),1.713
CaseKI67_0075.ndpi,Annotation (mantle),0.1068
CaseKI67_0075.ndpi,Annotation (mantle),0.1011
CaseKI67_0075.ndpi,Annotation (mantle),0.2124
CaseKI67_0075.ndpi,Annotation (mantle),0.1196
CaseKI67_0075.ndpi,Annotation (mantle),0.1212
CaseKI67_0075.ndpi,Annotation (mantle),0.102
CaseKI67_0075.ndpi,Annotation (mantle),0.1402
CaseKI67_0075.ndpi,Annotation (mantle),0.1058
CaseKI67_0075.ndpi,Annotation (mantle),0.1153
CaseKI67_0075.ndpi,Annotation (mantle),0.1936
CaseKI67_0075.ndpi,Annotation (mantle),0.097
CaseKI67_0075.ndpi,Annotation (mantle),0.2001
CaseKI67_0075.ndpi,Annotation (mantle),0.1044
CaseKI67_0075.ndpi,Annotation (mantle),0.0957
CaseKI67_0075.ndpi,Annotation (mantle),0.1144
CaseKI67_0075.ndpi,Annotation (mantle),0.1244
CaseKI67_0075.ndpi,Annotation (mantle),0.0764
CaseKI67_0075.ndpi,Annotation (mantle),0.9562
CaseKI67_0075.ndpi,Annotation (mantle),0.267
CaseKI67_0075.ndpi,Annotation (mantle),0.107
CaseKI67_0075.ndpi,Annotation (mantle),0.1476
CaseKI67_0075.ndpi,Annotation (mantle),0.1195
CaseKI67_0075.ndpi,Annotation (mantle),0.1111
CaseKI67_0075.ndpi,Annotation (mantle),0.1113
CaseKI67_0075.ndpi,Annotation (mantle),0.7464
CaseKI67_0075.ndpi,Annotation (mantle),0.0627
CaseKI67_0075.ndpi,Annotation (mantle),0.1037
CaseKI67_0075.ndpi,Annotation (mantle),0.0796
CaseKI67_0075.ndpi,Annotation (mantle),0.093
CaseKI67_0075.ndpi,Annotation (mantle),0.1299
CaseKI67_0075.ndpi,Annotation (mantle),0.1603
CaseKI67_0075.ndpi,Annotation (mantle),0.1554
CaseKI67_0075.ndpi,Annotation (mantle),0.1081
CaseKI67_0075.ndpi,Annotation (mantle),0.1846
CaseKI67_0075.ndpi,Annotation (mantle),0.1041
CaseKI67_0075.ndpi,Annotation (mantle),0.0712
CaseKI67_0075.ndpi,Annotation (mantle),1.6427
CaseKI67_0075.ndpi,Annotation (mantle),0.1227
CaseKI67_0075.ndpi,Annotation (mantle),0.0959
CaseKI67_0075.ndpi,Annotation (mantle),0.1388
CaseKI67_0075.ndpi,Annotation (mantle),0.1299
CaseKI67_0075.ndpi,Annotation (mantle),0.1163
CaseKI67_0075.ndpi,Annotation (mantle),0.3203
CaseKI67_0075.ndpi,Annotation (mantle),0.1226
CaseKI67_0075.ndpi,Annotation (mantle),0.1807
CaseKI67_0075.ndpi,Annotation (mantle),0.3077
CaseKI67_0075.ndpi,Annotation (mantle),0.1001
CaseKI67_0075.ndpi,Annotation (mantle),0.1706
CaseKI67_0075.ndpi,Annotation (mantle),1.4356
CaseKI67_0075.ndpi,Annotation (mantle),0.1066
CaseKI67_0075.ndpi,Annotation (mantle),0.3487
CaseKI67_0075.ndpi,Annotation (mantle),0.6533
CaseKI67_0075.ndpi,Annotation (mantle),0.5703
CaseKI67_0075.ndpi,Annotation (mantle),0.1169
CaseKI67_0075.ndpi,Annotation (mantle),0.1264
CaseKI67_0075.ndpi,Annotation (mantle),1.7571
CaseKI67_0075.ndpi,Annotation (mantle),0.9144
CaseKI67_0075.ndpi,Annotation (mantle),0.2013
CaseKI67_0075.ndpi,Annotation (mantle),1.0042
CaseKI67_0075.ndpi,Annotation (mantle),0.0975
CaseKI67_0075.ndpi,Annotation (mantle),0.1078
CaseKI67_0075.ndpi,Annotation (mantle),0.1458
CaseKI67_0075.ndpi,Annotation (mantle),0.0932
CaseKI67_0075.ndpi,Annotation (mantle),0.0938
CaseKI67_0075.ndpi,Annotation (mantle),0.0818
CaseKI67_0075.ndpi,Annotation (mantle),0.1243
CaseKI67_0075.ndpi,Annotation (mantle),0.1222
CaseKI67_0075.ndpi,Annotation (mantle),0.1123
CaseKI67_0075.ndpi,Annotation (mantle),0.1213
CaseKI67_0075.ndpi,Annotation (mantle),0.1019
CaseKI67_0075.ndpi,Annotation (mantle),0.1202
CaseKI67_0075.ndpi,Annotation (mantle),0.0881
CaseKI67_0075.ndpi,Annotation (mantle),0.1184
CaseKI67_0075.ndpi,Annotation (mantle),0.1444
CaseKI67_0075.ndpi,Annotation (mantle),0.1049
CaseKI67_0075.ndpi,Annotation (mantle),0.0869
CaseKI67_0075.ndpi,Annotation (mantle),0.0863
CaseKI67_0075.ndpi,Annotation (mantle),0.1389
CaseKI67_0075.ndpi,Annotation (mantle),1.6383
CaseKI67_0075.ndpi,Annotation (mantle),0.1269
CaseKI67_0075.ndpi,Annotation (mantle),0.1097
CaseKI67_0075.ndpi,Annotation (mantle),0.1291
CaseKI67_0075.ndpi,Annotation (mantle),1.3703
CaseKI67_0075.ndpi,Annotation (mantle),0.1277
CaseKI67_0075.ndpi,Annotation (mantle),1.4342
CaseKI67_0075.ndpi,Annotation (mantle),0.1076
CaseKI67_0075.ndpi,Annotation (mantle),0.1227
CaseKI67_0075.ndpi,Annotation (mantle),0.1473
CaseKI67_0075.ndpi,Annotation (mantle),0.1269
CaseKI67_0075.ndpi,Annotation (mantle),0.0934
CaseKI67_0075.ndpi,Annotation (mantle),0.0939
CaseKI67_0075.ndpi,Annotation (mantle),0.109
CaseKI67_0075.ndpi,Annotation (mantle),0.6131
CaseKI67_0075.ndpi,Annotation (mantle),0.0925
CaseKI67_0075.ndpi,Annotation (mantle),0.1308
CaseKI67_0075.ndpi,Annotation (mantle),1.6956
CaseKI67_0075.ndpi,Annotation (mantle),0.1431
CaseKI67_0075.ndpi,Annotation (mantle),0.0854
CaseKI67_0075.ndpi,Annotation (mantle),0.1307
CaseKI67_0075.ndpi,Annotation (mantle),0.144
CaseKI67_0075.ndpi,Annotation (mantle),0.0953
CaseKI67_0075.ndpi,Annotation (mantle),1.2304
CaseKI67_0075.ndpi,Annotation (mantle),0.1583
CaseKI67_0075.ndpi,Annotation (mantle),0.1816
CaseKI67_0075.ndpi,Annotation (mantle),1.6464
CaseKI67_0075.ndpi,Annotation (mantle),0.2445
CaseKI67_0075.ndpi,Annotation (mantle),0.1219
CaseKI67_0075.ndpi,Annotation (mantle),0.1678
CaseKI67_0075.ndpi,Annotation (mantle),0.1122
CaseKI67_0075.ndpi,Annotation (mantle),0.1116
CaseKI67_0075.ndpi,Annotation (mantle),0.115
CaseKI67_0075.ndpi,Annotation (mantle),1.3785
CaseKI67_0075.ndpi,Annotation (mantle),1.1822
CaseKI67_0075.ndpi,Annotation (mantle),0.1647
CaseKI67_0075.ndpi,Annotation (mantle),0.1698
CaseKI67_0075.ndpi,Annotation (mantle),
CaseKI67_0075.ndpi,Annotation (mantle),1.653
CaseKI67_0075.ndpi,Annotation (mantle),0.1563
CaseKI67_0075.ndpi,Annotation (mantle),0.1364
CaseKI67_0075.ndpi,Annotation (mantle),0.1162
CaseKI67_0075.ndpi,Annotation (mantle),1.4552
CaseKI67_0075.ndpi,Annotation (mantle),0.1104
CaseKI67_0075.ndpi,Annotation (mantle),0.1121
CaseKI67_0075.ndpi,Annotation (mantle),0.158
CaseKI67_0075.ndpi,Annotation (mantle),0.1545
CaseKI67_0075.ndpi,Annotation (mantle),0.1201
CaseKI67_0075.ndpi,Annotation (mantle),0.082
CaseKI67_0075.ndpi,Annotation (mantle),0.129
CaseKI67_0075.ndpi,Annotation (mantle),0.0901
CaseKI67_0075.ndpi,Annotation (mantle),0.1162
CaseKI67_0075.ndpi,Annotation (mantle),0.1312
CaseKI67_0075.ndpi,Annotation (mantle),0.1292
CaseKI67_0075.ndpi,Annotation (mantle),1.0156
CaseKI67_0075.ndpi,Annotation (mantle),0.1315
CaseKI67_0075.ndpi,Annotation (mantle),0.1504
CaseKI67_0075.ndpi,Annotation (mantle),0.1006
CaseKI67_0075.ndpi,Annotation (mantle),0.1041
CaseKI67_0075.ndpi,Annotation (mantle),0.1174
CaseKI67_0075.ndpi,Annotation (mantle),0.2443
CaseKI67_0075.ndpi,Annotation (mantle),0.1135
CaseKI67_0075.ndpi,Annotation (mantle),0.1407
CaseKI67_0075.ndpi,Annotation (mantle),0.1038
CaseKI67_0075.ndpi,Annotation (mantle),0.1518
CaseKI67_0075.ndpi,Annotation (mantle),0.094
CaseKI67_0075.ndpi,Annotation (mantle),0.2334
CaseKI67_0075.ndpi,Annotation (mantle),0.1165
CaseKI67_0075.ndpi,Annotation (mantle),0.1183
CaseKI67_0075.ndpi,Annotation (mantle),1.7252
CaseKI67_0075.ndpi,Annotation (mantle),0.1311
CaseKI67_0075.ndpi,Annotation (mantle),0.1065
CaseKI67_0075.ndpi,Annotation (mantle),0.1203
CaseKI67_0075.ndpi,Annotation (mantle),0.1375
CaseKI67_0075.ndpi,Annotation (mantle),0.1178
CaseKI67_0075.ndpi,Annotation (mantle),1.068
CaseKI67_0075.ndpi,Annotation (mantle),0.092
CaseKI67_0075.ndpi,Annotation (mantle),0.1152
CaseKI67_0075.ndpi,Annotation (mantle),0.0893
CaseKI67_0075.ndpi,Annotation (mantle),0.1386
CaseKI67_0075.ndpi,Annotation (mantle),0.1176
CaseKI67_0075.ndpi,Annotation (mantle),0.163
CaseKI67_0075.ndpi,Annotation (mantle),0.0791
CaseKI67_0075.ndpi,Annotation (mantle),0.109
CaseKI67_0075.ndpi,Annotation (mantle),0.1313
CaseKI67_0075.ndpi,Annotation (mantle),0.1262
CaseKI67_0075.ndpi,Annotation (mantle),0.0977
CaseKI67_0075.ndpi,Annotation (mantle),0.1051
CaseKI67_0075.ndpi,Annotation (mantle),0.1049
CaseKI67_0075.ndpi,Annotation (mantle),0.1187
CaseKI67_0075.ndpi,Annotation (mantle),0.7484
CaseKI67_0075.ndpi,Annotation (mantle),0.1277
CaseKI67_0075.ndpi,Annotation (mantle),0.1148
CaseKI67_0075.ndpi,Annotation (mantle),0.0629
CaseKI67_0075.ndpi,Annotation (mantle),0.1411
CaseKI67_0075.ndpi,Annotation (mantle),0.1108
CaseKI67_0075.ndpi,Annotation (mantle),0.0936
CaseKI67_0075.ndpi,Annotation (mantle),0.1305
CaseKI67_0075.ndpi,Annotation (mantle),0.1245
CaseKI67_0075.ndpi,Annotation (mantle),1.1573
CaseKI67_0075.ndpi,Annotation (mantle),0.5362
CaseKI67_0075.ndpi,Annotation (mantle),0.1316
CaseKI67_0075.ndpi,Annotation (mantle),0.1408
CaseKI67_0075.ndpi,Annotation (mantle),0.6529
CaseKI67_0075.ndpi,Annotation (mantle),0.1142
CaseKI67_0075.ndpi,Annotation (mantle),0.2265
CaseKI67_0075.ndpi,Annotation (mantle),0.1064
CaseKI67_0075.ndpi,Annotation (mantle),0.0558
CaseKI67_0075.ndpi,Annotation (mantle),0.0616
CaseKI67_0075.ndpi,Annotation (mantle),0.0571
CaseKI67_0075.ndpi,Annotation (mantle),0.0489
CaseKI67_0075.ndpi,Annotation (mantle),0.0966
CaseKI67_0075.ndpi,Annotation (mantle),0.0576
CaseKI67_0075.ndpi,Annotation (mantle),0.0463
CaseKI67_0075.ndpi,Annotation (mantle),0.0911
CaseKI67_0075.ndpi,Annotation (mantle),1.8756
CaseKI67_0075.ndpi,Annotation (mantle),0.1905
CaseKI67_0075.ndpi,Annotation (mantle),0.1285
CaseKI67_0075.ndpi,Annotation (mantle),0.1129
CaseKI67_0075.ndpi,Annotation (mantle),0.1211
CaseKI67_0075.ndpi,Annotation (mantle),0.0708
CaseKI67_0075.ndpi,Annotation (mantle),0.0818
CaseKI67_0075.ndpi,Annotation (mantle),0.0547
CaseKI67_0075.ndpi,Annotation (mantle),0.1269
CaseKI67_0075.ndpi,Annotation (mantle),0.1552
CaseKI67_0075.ndpi,Annotation (mantle),0.1597
CaseKI67_0075.ndpi,Annotation (mantle),0.073
CaseKI67_0075.ndpi,Annotation (mantle),0.1463
CaseKI67_0075.ndpi,Annotation (mantle),0.0821
CaseKI67_0075.ndpi,Annotation (mantle),0.0796
CaseKI67_0075.ndpi,Annotation (mantle),0.1158
CaseKI67_0075.ndpi,Annotation (germinal_center),0.071
CaseKI67_0075.ndpi,Annotation (germinal_center),0.725
CaseKI67_0075.ndpi,Annotation (germinal_center),0.054
CaseKI67_0075.ndpi,Annotation (germinal_center),1.4809
CaseKI67_0075.ndpi,Annotation (germinal_center),0.0801
CaseKI67_0075.ndpi,Annotation (germinal_center),1.2856
CaseKI67_0075.ndpi,Annotation (germinal_center),1.0338
CaseKI67_0075.ndpi,Annotation (germinal_center),
CaseKI67_0075.ndpi,Annotation (germinal_center),1.3777
CaseKI67_0075.ndpi,Annotation (germinal_center),1.1268
CaseKI67_0075.ndpi,Annotation (germinal_center),1.4491
CaseKI67_0075.ndpi,Annotation (germinal_center),1.3544
CaseKI67_0075.ndpi,Annotation (germinal_center),1.4663
CaseKI67_0075.ndpi,Annotation (germinal_center),0.963
CaseKI67_0075.ndpi,Annotation (germinal_center),0.1077
CaseKI67_0075.ndpi,Annotation (germinal_center),1.1141
CaseKI67_0075.ndpi,Annotation (germinal_center),1.4295
CaseKI67_0075.ndpi,Annotation (germinal_center),1.4312
CaseKI67_0075.ndpi,Annotation (germinal_center),1.4932
CaseKI67_0075.ndpi,Annotation (germinal_center),1.2035
CaseKI67_0075.ndpi,Annotation (germinal_center),1.1183
CaseKI67_0075.ndpi,Annotation (germinal_center),1.0742
CaseKI67_0075.ndpi,Annotation (germinal_center),1.091
CaseKI67_0075.ndpi,Annotation (germinal_center),0.9997
CaseKI67_0075.ndpi,Annotation (germinal_center),1.4561
CaseKI67_0075.ndpi,Annotation (germinal_center),1.4941
CaseKI67_0075.ndpi,Annotation (germinal_center),0.4255
CaseKI67_0075.ndpi,Annotation (germinal_center),0.5578
CaseKI67_0075.ndpi,Annotation (germinal_center),1.7544
CaseKI67_0075.ndpi,Annotation (germinal_center),1.4172
CaseKI67_0075.ndpi,Annotation (germinal_center),1.6128
CaseKI67_0075.ndpi,Annotation (germinal_center),1.6391
CaseKI67_0075.ndpi,Annotation (germinal_center),1.2492
CaseKI67_0075.ndpi,Annotation (germinal_center),
CaseKI67_0075.ndpi,Annotation (germinal_center),1.0558
CaseKI67_0075.ndpi,Annotation (germinal_center),1.6787
CaseKI67_0075.ndpi,Annotation (germinal_center),1.4037
CaseKI67_0075.ndpi,Annotation (germinal_center),1.1447
CaseKI67_0075.ndpi,Annotation (germinal_center),1.3293
CaseKI67_0075.ndpi,Annotation (germinal_center),1.3377
CaseKI67_0075.ndpi,Annotation (germinal_center),1.5593
CaseKI67_0075.ndpi,Annotation (germinal_center),1.2348
CaseKI67_0075.ndpi,Annotation (germinal_center),0.6244
CaseKI67_0075.ndpi,Annotation (germinal_center),0.0446
CaseKI67_0075.ndpi,Annotation (germinal_center),1.3917
CaseKI67_0075.ndpi,Annotation (germinal_center),0.0797
CaseKI67_0075.ndpi,Annotation (germinal_center),1.1164
CaseKI67_0075.ndpi,Annotation (germinal_center),0.0967
CaseKI67_0075.ndpi,Annotation (germinal_center),1.7145
CaseKI67_0075.ndpi,Annotation (germinal_center),1.4359
CaseKI67_0075.ndpi,Annotation (germinal_center),0.74
CaseKI67_0075.ndpi,Annotation (germinal_center),1.4755
CaseKI67_0075.ndpi,Annotation (germinal_center),1.3758
CaseKI67_0075.ndpi,Annotation (germinal_center),1.3437
CaseKI67_0075.ndpi,Annotation (germinal_center),1.6286
CaseKI67_0075.ndpi,Annotation (germinal_center),0.1746
CaseKI67_0075.ndpi,Annotation (germinal_center),1.2075
CaseKI67_0075.ndpi,Annotation (germinal_center),1.4858
CaseKI67_0075.ndpi,Annotation (germinal_center),1.4699
CaseKI67_0075.ndpi,Annotation (germinal_center),1.537
CaseKI67_0075.ndpi,Annotation (germinal_center),1.1532
CaseKI67_0075.ndpi,Annotation (germinal_center),1.035
CaseKI67_0075.ndpi,Annotation (germinal_center),1.6981
CaseKI67_0075.ndpi,Annotation (germinal_center),1.4844
CaseKI67_0075.ndpi,Annotation (germinal_center),1.0725
CaseKI67_0075.ndpi,Annotation (germinal_center),1.6265
CaseKI67_0075.ndpi,Annotation (germinal_center),1.0243
CaseKI67_0075.ndpi,Annotation (germinal_center),1.2175
CaseKI67_0075.ndpi,Annotation (germinal_center),0.2054
CaseKI67_0075.ndpi,Annotation (germinal_center),1.1873
CaseKI67_0075.ndpi,Annotation (germinal_center),1.3619
CaseKI67_0075.ndpi,Annotation (germinal_center),1.5999
CaseKI67_0075.ndpi,Annotation (germinal_center),0.1011
CaseKI67_0075.ndpi,Annotation (germinal_center),1.4907
CaseKI67_0075.ndpi,Annotation (germinal_center),1.3265
CaseKI67_0075.ndpi,Annotation (germinal_center),1.5331
CaseKI67_0075.ndpi,Annotation (germinal_center),1.2621
CaseKI67_0075.ndpi,Annotation (germinal_center),0.9855
CaseKI67_0075.ndpi,Annotation (germinal_center),1.3753
CaseKI67_0075.ndpi,Annotation (germinal_center),1.283
CaseKI67_0075.ndpi,Annotation (germinal_center),0.1323
CaseKI67_0075.ndpi,Annotation (germinal_center),0.1811
CaseKI67_0075.ndpi,Annotation (germinal_center),1.4274
CaseKI67_0075.ndpi,Annotation (germinal_center),0.0884
CaseKI67_0075.ndpi,Annotation (germinal_center),0.8066
CaseKI67_0075.ndpi,Annotation (germinal_center),0.6651
CaseKI67_0075.ndpi,Annotation (germinal_center),1.3933
CaseKI67_0075.ndpi,Annotation (germinal_center),1.4084
CaseKI67_0075.ndpi,Annotation (germinal_center),1.2208
CaseKI67_0075.ndpi,Annotation (germinal_center),1.2115
CaseKI67_0075.ndpi,Annotation (germinal_center),1.1139
CaseKI67_0075.ndpi,Annotation (germinal_center),0.0591
CaseKI67_0075.ndpi,Annotation (germinal_center),0.0826
CaseKI67_0075.ndpi,Annotation (germinal_center),1.5872
CaseKI67_0075.ndpi,Annotation (germinal_center),1.323
CaseKI67_0075.ndpi,Annotation (germinal_center),1.4481
CaseKI67_0075.ndpi,Annotation (germinal_center),1.2446
CaseKI67_0075.ndpi,Annotation (germinal_center),1.5003
CaseKI67_0075.ndpi,Annotation (germinal_center),1.3729
CaseKI67_0075.ndpi,Annotation (germinal_center),1.4143
CaseKI67_0075.ndpi,Annotation (germinal_center),1.6036
CaseKI67_0075.ndpi,Annotation (germinal_center),1.6628
CaseKI67_0075.ndpi,Annotation (germinal_center),1.1547
CaseKI67_0075.ndpi,Annotation (germinal_center),1.587
CaseKI67_0075.ndpi,Annotation (germinal_center),1.0172
CaseKI67_0075.ndpi,Annotation (germinal_center),0.1924
CaseKI67_0075.ndpi,Annotation (germinal_center),1.4903
CaseKI67_0075.ndpi,Annotation (germinal_center),0.9599
CaseKI67_0075.ndpi,Annotation (germinal_center),1.3236
CaseKI67_0075.ndpi,Annotation (germinal_center),0.9199
CaseKI67_0075.ndpi,Annotation (germinal_center),1.5065
CaseKI67_0075.ndpi,Annotation (germinal_center),1.2641
CaseKI67_0075.ndpi,Annotation (germinal_center),1.4445
CaseKI67_0075.ndpi,Annotation (germinal_center),0.1163
CaseKI67_0075.ndpi,Annotation (germinal_center),0.1017
CaseKI67_0075.ndpi,Annotation (germinal_center),0.5903
CaseKI67_0075.ndpi,Annotation (germinal_center),0.8144
CaseKI67_0075.ndpi,Annotation (germinal_center),0.8969
CaseKI67_0075.ndpi,Annotation (germinal_center),1.19
CaseKI67_0075.ndpi,Annotation (germinal_center),2.0173
CaseKI67_0075.ndpi,Annotation (germinal_center),0.0664
CaseKI67_0075.ndpi,Annotation (germinal_center),1.6628
CaseKI67_0075.ndpi,Annotation (germinal_center),1.3089
CaseKI67_0075.ndpi,Annotation (germinal_center),0.3954
CaseKI67_0075.ndpi,Annotation (germinal_center),1.2539
CaseKI67_0075.ndpi,Annotation (germinal_center),1.0205
CaseKI67_0075.ndpi,Annotation (germinal_center),1.1865
CaseKI67_0075.ndpi,Annotation (germinal_center),1.3176
CaseKI67_0075.ndpi,Annotation (germinal_center),1.5146
CaseKI67_0075.ndpi,Annotation (germinal_center),1.3397
CaseKI67_0075.ndpi,Annotation (germinal_center),1.4379
CaseKI67_0075.ndpi,Annotation (germinal_center),1.5884
CaseKI67_0075.ndpi,Annotation (germinal_center),1.4849
CaseKI67_0075.ndpi,Annotation (germinal_center),0.1469
CaseKI67_0075.ndpi,Annotation (germinal_center),1.3126
CaseKI67_0075.ndpi,Annotation (germinal_center),1.4455
CaseKI67_0075.ndpi,Annotation (germinal_center),1.4969
CaseKI67_0075.ndpi,Annotation (germinal_center),1.7234
CaseKI67_0075.ndpi,Annotation (germinal_center),1.3674
CaseKI67_0075.ndpi,Annotation (germinal_center),1.1365
CaseKI67_0075.ndpi,Annotation (germinal_center),1.1525
CaseKI67_0075.ndpi,Annotation (germinal_center),0.9314
CaseKI67_0075.ndpi,Annotation (germinal_center),1.3999
CaseKI67_0075.ndpi,Annotation (germinal_center),1.4726
CaseKI67_0075.ndpi,Annotation (germinal_center),1.3075
CaseKI67_0075.ndpi,Annotation (germinal_center),1.3013
CaseKI67_0075.ndpi,Annotation (germinal_center),1.4413
CaseKI67_0075.ndpi,Annotation (germinal_center),0.7297
CaseKI67_0075.ndpi,Annotation (germinal_center),1.2504
CaseKI67_0075.ndpi,Annotation (germinal_center),1.4671
CaseKI67_0075.ndpi,Annotation (germinal_center),1.3852
CaseKI67_0075.ndpi,Annotation (germinal_center),1.4451
CaseKI67_0075.ndpi,Annotation (germinal_center),1.3387
CaseKI67_0075.ndpi,Annotation (germinal_center),0.9874
CaseKI67_0075.ndpi,Annotation (germinal_center),1.3512
CaseKI67_0075.ndpi,Annotation (germinal_center),1.4028
CaseKI67_0075.ndpi,Annotation (germinal_center),1.368
CaseKI67_0075.ndpi,Annotation (germinal_center),0.6975
CaseKI67_0075.ndpi,Annotation (germinal_center),1.6329
CaseKI67_0075.ndpi,Annotation (germinal_center),1.5513
CaseKI67_0075.ndpi,Annotation (germinal_center),1.0089
CaseKI67_0075.ndpi,Annotation (germinal_center),1.7675
CaseKI67_0075.ndpi,Annotation (germinal_center),1.344
CaseKI67_0075.ndpi,Annotation (germinal_center),1.4205
CaseKI67_0075.ndpi,Annotation (germinal_center),1.2979
CaseKI67_0075.ndpi,Annotation (germinal_center),0.0624
CaseKI67_0075.ndpi,Annotation (germinal_center),1.8151
CaseKI67_0075.ndpi,Annotation (germinal_center),0.0843
CaseKI67_0075.ndpi,Annotation (germinal_center),1.6033
CaseKI67_0075.ndpi,Annotation (germinal_center),0.5058
CaseKI67_0075.ndpi,Annotation (germinal_center),1.3513
CaseKI67_0075.ndpi,Annotation (germinal_center),1.3556
CaseKI67_0075.ndpi,Annotation (germinal_center),1.1977
CaseKI67_0075.ndpi,Annotation (germinal_center),1.4369
CaseKI67_0075.ndpi,Annotation (germinal_center),0.9068
CaseKI67_0075.ndpi,Annotation (germinal_center),1.4532
CaseKI67_0075.ndpi,Annotation (germinal_center),0.5487
CaseKI67_0075.ndpi,Annotation (germinal_center),1.0741
CaseKI67_0075.ndpi,Annotation (germinal_center),1.6718
CaseKI67_0075.ndpi,Annotation (germinal_center),1.5335
CaseKI67_0075.ndpi,Annotation (germinal_center),1.4663
CaseKI67_0075.ndpi,Annotation (germinal_center),1.5414
CaseKI67_0075.ndpi,Annotation (germinal_center),1.7748
CaseKI67_0075.ndpi,Annotation (germinal_center),1.2839
CaseKI67_0075.ndpi,Annotation (germinal_center),0.8108
CaseKI67_0075.ndpi,Annotation (germinal_center),1.518
CaseKI67_0075.ndpi,Annotation (germinal_center),1.0966
CaseKI67_0075.ndpi,Annotation (germinal_center),1.5844
CaseKI67_0075.ndpi,Annotation (germinal_center),1.5995
CaseKI67_0075.ndpi,Annotation (germinal_center),1.4852
CaseKI67_0075.ndpi,Annotation (germinal_center),1.0028
CaseKI67_0075.ndpi,Annotation (germinal_center),1.1501
CaseKI67_0075.ndpi,Annotation (germinal_center),1.615
CaseKI67_0075.ndpi,Annotation (germinal_center),1.2812
CaseKI67_0075.ndpi,Annotation (germinal_center),1.3895
CaseKI67_0075.ndpi,Annotation (germinal_center),1.5024
CaseKI67_0075.ndpi,Annotation (germinal_center),1.3942
CaseKI67_0075.ndpi,Annotation (germinal_center),1.3434
CaseKI67_0075.ndpi,Annotation (germinal_center),1.3932
CaseKI67_0075.ndpi,Annotation (germinal_center),1.7316
CaseKI67_0075.ndpi,Annotation (germinal_center),0.9296
CaseKI67_0075.ndpi,Annotation (germinal_center),1.2367
CaseKI67_0075.ndpi,Annotation (germinal_center),0.9824
CaseKI67_0075.ndpi,Annotation (germinal_center),0.1126
CaseKI67_0075.ndpi,Annotation (germinal_center),1.3218
CaseKI67_0075.ndpi,Annotation (germinal_center),0.3806
CaseKI67_0075.ndpi,Annotation (germinal_center),1.1145
CaseKI67_0075.ndpi,Annotation (germinal_center),1.4606
CaseKI67_0075.ndpi,Annotation (germinal_center),0.9712
CaseKI67_0075.ndpi,Annotation (germinal_center),1.6991
CaseKI67_0075.ndpi,Annotation (germinal_center),1.5914
CaseKI67_0075.ndpi,Annotation (germinal_center),1.588
CaseKI67_0075.ndpi,Annotation (germinal_center),0.5321
CaseKI67_0075.ndpi,Annotation (germinal_center),1.1488
CaseKI67_0075.ndpi,Annotation (germinal_center),0.7929
CaseKI67_0075.ndpi,Annotation (germinal_center),1.2853
CaseKI67_0075.ndpi,Annotation (germinal_center),0.0483
CaseKI67_0075.ndpi,Annotation (germinal_center),0.6769
CaseKI67_0075.ndpi,Annotation (germinal_center),1.3537
CaseKI67_0075.ndpi,Annotation (germinal_center),1.3348
CaseKI67_0075.ndpi,Annotation (germinal_center),1.7738
CaseKI67_0075.ndpi,Annotation (germinal_center),0.4768
CaseKI67_0075.ndpi,Annotation (germinal_center),0.4561
CaseKI67_0075.ndpi,Annotation (germinal_center),0.7333
CaseKI67_0075.ndpi,Annotation (germinal_center),1.5689
CaseKI67_0075.ndpi,Annotation (germinal_center),1.1219
CaseKI67_0075.ndpi,Annotation (germinal_center),1.4254
CaseKI67_0075.ndpi,Annotation (germinal_center),0.8286
CaseKI67_0075.ndpi,Annotation (germinal_center),1.4446
CaseKI67_0075.ndpi,Annotation (germinal_center),0.0961
CaseKI67_0075.ndpi,Annotation (germinal_center),1.1216
CaseKI67_0075.ndpi,Annotation (germinal_center),1.2899
CaseKI67_0075.ndpi,Annotation (germinal_center),1.491
CaseKI67_0075.ndpi,Annotation (germinal_center),1.5201
CaseKI67_0075.ndpi,Annotation (germinal_center),1.4049
CaseKI67_0075.ndpi,Annotation (germinal_center),1.3516
CaseKI67_0075.ndpi,Annotation (germinal_center),1.3751
CaseKI67_0075.ndpi,Annotation (germinal_center),1.2755
CaseKI67_0075.ndpi,Annotation (germinal_center),1.5683
CaseKI67_0075.ndpi,Annotation (germinal_center),1.3532
CaseKI67_0075.ndpi,Annotation (germinal_center),0.1233
CaseKI67_0075.ndpi,Annotation (germinal_center),1.4053
CaseKI67_0075.ndpi,Annotation (germinal_center),0.0646
CaseKI67_0075.ndpi,Annotation (germinal_center),1.4359
CaseKI67_0075.ndpi,Annotation (germinal_center),1.5137
CaseKI67_0075.ndpi,Annotation (germinal_center),1.3773
CaseKI67_0075.ndpi,Annotation (germinal_center),1.27
CaseKI67_0075.ndpi,Annotation (germinal_center),1.6403
CaseKI67_0075.ndpi,Annotation (germinal_center),1.0088
CaseKI67_0075.ndpi,Annotation (germinal_center),1.9008
CaseKI67_0075.ndpi,Annotation (germinal_center),1.9913
CaseKI67_0075.ndpi,Annotation (germinal_center),1.6666
CaseKI67_0075.ndpi,Annotation (germinal_center),0.922
CaseKI67_0075.ndpi,Annotation (germinal_center),1.1314
CaseKI67_0075.ndpi,Annotation (germinal_center),1.5551
CaseKI67_0075.ndpi,Annotation (germinal_center),1.7489
CaseKI67_0075.ndpi,Annotation (germinal_center),1.5931
CaseKI67_0075.ndpi,Annotation (germinal_center),1.504
CaseKI67_0075.ndpi,Annotation (germinal_center),0.2193
CaseKI67_0075.ndpi,Annotation (germinal_center),1.2514
CaseKI67_0075.ndpi,Annotation (germinal_center),1.6903
CaseKI67_0075.ndpi,Annotation (germinal_center),1.0796
CaseKI67_0075.ndpi,Annotation (germinal_center),1.3491
CaseKI67_0075.ndpi,Annotation (germinal_center),0.0939
CaseKI67_0075.ndpi,Annotation (germinal_center),0.5146
CaseKI67_0075.ndpi,Annotation (germinal_center),1.3433
CaseKI67_0075.ndpi,Annotation (germinal_center),1.5318
CaseKI67_0075.ndpi,Annotation (germinal_center),0.0776
CaseKI67_0075.ndpi,Annotation (germinal_center),1.3006
CaseKI67_0075.ndpi,Annotation (germinal_center),1.263
CaseKI67_0075.ndpi,Annotation (germinal_center),1.4695
CaseKI67_0075.ndpi,Annotation (germinal_center),
CaseKI67_0075.ndpi,Annotation (germinal_center),1.5525
CaseKI67_0075.ndpi,Annotation (germinal_center),1.042
CaseKI67_0075.ndpi,Annotation (germinal_center),1.5471
CaseKI67_0075.ndpi,Annotation (germinal_center),1.302
CaseKI67_0075.ndpi,Annotation (germinal_center),0.0771
CaseKI67_0075.ndpi,Annotation (germinal_center),1.0642
CaseKI67_0075.ndpi,Annotation (germinal_center),1.6265
CaseKI67_0075.ndpi,Annotation (germinal_center),1.2889
CaseKI67_0075.ndpi,Annotation (germinal_center),1.3311
CaseKI67_0075.ndpi,Annotation (germinal_center),0.2372
CaseKI67_0075.ndpi,Annotation (germinal_center),1.539
CaseKI67_0075.ndpi,Annotation (germinal_center),1.305
CaseKI67_0075.ndpi,Annotation (germinal_center),1.1752
CaseKI67_0075.ndpi,Annotation (germinal_center),0.8969
CaseKI67_0075.ndpi,Annotation (germinal_center),1.3867
CaseKI67_0075.ndpi,Annotation (germinal_center),1.4267
CaseKI67_0075.ndpi,Annotation (germinal_center),1.1725
CaseKI67_0075.ndpi,Annotation (germinal_center),1.2275
CaseKI67_0075.ndpi,Annotation (germinal_center),1.5166
CaseKI67_0075.ndpi,Annotation (germinal_center),1.4794
CaseKI67_0075.ndpi,Annotation (germinal_center),1.3674
CaseKI67_0075.ndpi,Annotation (germinal_center),1.4572
CaseKI67_0075.ndpi,Annotation (germinal_center),1.1526
CaseKI67_0075.ndpi,Annotation (germinal_center),1.9645
CaseKI67_0075.ndpi,Annotation (germinal_center),1.5157
CaseKI67_0075.ndpi,Annotation (germinal_center),1.4552
CaseKI67_0075.ndpi,Annotation (germinal_center),1.1911
CaseKI67_0075.ndpi,Annotation (germinal_center),0.4782
CaseKI67_0075.ndpi,Annotation (germinal_center),1.5565
CaseKI67_0075.ndpi,Annotation (germinal_center),0.1081
CaseKI67_0075.ndpi,Annotation (germinal_center),1.4359
CaseKI67_0075.ndpi,Annotation (germinal_center),1.2407
CaseKI67_0075.ndpi,Annotation (germinal_center),1.423
CaseKI67_0075.ndpi,Annotation (germinal_center),0.0777
CaseKI67_0075.ndpi,Annotation (germinal_center),0.0702
CaseKI67_0075.ndpi,Annotation (germinal_center),1.3054
CaseKI67_0075.ndpi,Annotation (germinal_center),1.6364
CaseKI67_0075.ndpi,Annotation (germinal_center),1.2399
CaseKI67_0075.ndpi,Annotation (germinal_center),1.5728
CaseKI67_0075.ndpi,Annotation (germinal_center),1.4693
CaseKI67_0075.ndpi,Annotation (germinal_center),1.1162
CaseKI67_0075.ndpi,Annotation (germinal_center),0.4259
CaseKI67_0075.ndpi,Annotation (germinal_center),0.084
CaseKI67_0075.ndpi,Annotation (germinal_center),0.7571
CaseKI67_0075.ndpi,Annotation (germinal_center),1.3047
CaseKI67_0075.ndpi,Annotation (germinal_center),0.9029
CaseKI67_0075.ndpi,Annotation (germinal_center),1.0161
CaseKI67_0075.ndpi,Annotation (germinal_center),1.4213
CaseKI67_0075.ndpi,Annotation (germinal_center),1.3933
CaseKI67_0075.ndpi,Annotation (germinal_center),1.358
CaseKI67_0075.ndpi,Annotation (germinal_center),0.1037
CaseKI67_0075.ndpi,Annotation (germinal_center),1.2047
CaseKI67_0075.ndpi,Annotation (germinal_center),1.0198
CaseKI67_0075.ndpi,Annotation (germinal_center),1.444
CaseKI67_0075.ndpi,Annotation (germinal_center),0.8224
CaseKI67_0075.ndpi,Annotation (germinal_center),1.4417
CaseKI67_0075.ndpi,Annotation (germinal_center),0.0507
CaseKI67_0075.ndpi,Annotation (germinal_center),1.2143
CaseKI67_0075.ndpi,Annotation (germinal_center),1.6473
CaseKI67_0075.ndpi,Annotation (germinal_center),0.3693
CaseKI67_0075.ndpi,Annotation (germinal_center),0.696
CaseKI67_0075.ndpi,Annotation (germinal_center),1.1131
CaseKI67_0075.ndpi,Annotation (germinal_center),1.2615
CaseKI67_0075.ndpi,Annotation (germinal_center),1.5051
CaseKI67_0075.ndpi,Annotation (germinal_center),0.3648
CaseKI67_0075.ndpi,Annotation (germinal_center),1.1534
CaseKI67_0075.ndpi,Annotation (germinal_center),1.341
CaseKI67_0075.ndpi,Annotation (germinal_center),1.1764
CaseKI67_0075.ndpi,Annotation (germinal_center),1.0563
CaseKI67_0075.ndpi,Annotation (germinal_center),1.0314
CaseKI67_0075.ndpi,Annotation (germinal_center),1.6472
CaseKI67_0075.ndpi,Annotation (germinal_center),0.8947
CaseKI67_0075.ndpi,Annotation (germinal_center),0.1085
CaseKI67_0075.ndpi,Annotation (germinal_center),1.5056
CaseKI67_0075.ndpi,Annotation (germinal_center),1.5465
CaseKI67_0075.ndpi,Annotation (germinal_center),1.1535
CaseKI67_0075.ndpi,Annotation (germinal_center),1.2433
CaseKI67_0075.ndpi,Annotation (germinal_center),1.2637
CaseKI67_0075.ndpi,Annotation (germinal_center),1.5311
CaseKI67_0075.ndpi,Annotation (germinal_center),0.6209
CaseKI67_0075.ndpi,Annotation (germinal_center),0.3937
CaseKI67_0075.ndpi,Annotation (germinal_center),0.5135
CaseKI67_0075.ndpi,Annotation (germinal_center),1.4338
CaseKI67_0075.ndpi,Annotation (germinal_center),1.061
CaseKI67_0075.ndpi,Annotation (germinal_center),0.2955
CaseKI67_0075.ndpi,Annotation (germinal_center),1.1528
CaseKI67_0075.ndpi,Annotation (germinal_center),0.0651
CaseKI67_0075.ndpi,Annotation (germinal_center),1.0717
CaseKI67_0075.ndpi,Annotation (germinal_center),0.3435
CaseKI67_0075.ndpi,Annotation (germinal_center),1.4512
CaseKI67_0075.ndpi,Annotation (germinal_center),0.2636
CaseKI67_0075.ndpi,Annotation (germinal_center),0.9472
CaseKI67_0075.ndpi,Annotation (germinal_center),1.2678
CaseKI67_0075.ndpi,Annotation (germinal_center),1.3291
CaseKI67_0075.ndpi,Annotation (germinal_center),1.3726
CaseKI67_0075.ndpi,Annotation (germinal_center),1.2585
CaseKI67_0075.ndpi,Annotation (germinal_center),0.0938
CaseKI67_0075.ndpi,Annotation (germinal_center),0.4043
CaseKI67_0075.ndpi,Annotation (germinal_center),1.2721
CaseKI67_0075.ndpi,Annotation (germinal_center),1.278
CaseKI67_0075.ndpi,Annotation (germinal_center),1.1504
CaseKI67_0075.ndpi,Annotation (germinal_center),1.4585
CaseKI67_0075.ndpi,Annotation (germinal_center),1.1332
CaseKI67_0075.ndpi,Annotation (germinal_center),1.2259
CaseKI67_0075.ndpi,Annotation (germinal_center),1.5868
CaseKI67_0075.ndpi,Annotation (germinal_center),1.6253
CaseKI67_0075.ndpi,Annotation (germinal_center),1.1264
CaseKI67_0075.ndpi,Annotation (germinal_center),1.1481
CaseKI67_0075.ndpi,Annotation (germinal_center),0.8052
CaseKI67_0075.ndpi,Annotation (germinal_center),0.5865
CaseKI67_0075.ndpi,Annotation (germinal_center),1.3788
CaseKI67_0075.ndpi,Annotation (germinal_center),1.031
CaseKI67_0075.ndpi,Annotation (germinal_center),1.1584
CaseKI67_0075.ndpi,Annotation (germinal_center),1.2235
CaseKI67_0075.ndpi,Annotation (germinal_center),1.4132
CaseKI67_0075.ndpi,Annotation (germinal_center),1.3855
CaseKI67_0075.ndpi,Annotation (germinal_center),1.5071
CaseKI67_0075.ndpi,Annotation (germinal_center),1.381
CaseKI67_0075.ndpi,Annotation (germinal_center),1.2657
CaseKI67_0075.ndpi,Annotation (germinal_center),1.1689
CaseKI67_0075.ndpi,Annotation (germinal_center),1.3691
CaseKI67_0075.ndpi,Annotation (germinal_center),0.0587
CaseKI67_0075.ndpi,Annotation (germinal_center),1.4162
CaseKI67_0075.ndpi,Annotation (germinal_center),0.8546
CaseKI67_0075.ndpi,Annotation (germinal_center),0.0789
CaseKI67_0075.ndpi,Annotation (germinal_center),0.6331
CaseKI67_0075.ndpi,Annotation (germinal_center),1.3995
CaseKI67_0075.ndpi,Annotation (germinal_center),1.3143
CaseKI67_0075.ndpi,Annotation (germinal_center),0.8762
CaseKI67_0075.ndpi,Annotation (germinal_center),0.8946
CaseKI67_0075.ndpi,Annotation (germinal_center),0.9815
CaseKI67_0075.ndpi,Annotation (germinal_center),1.2604
CaseKI67_0075.ndpi,Annotation (germinal_center),0.4892
CaseKI67_0075.ndpi,Annotation (germinal_center),1.01
CaseKI67_0075.ndpi,Annotation (germinal_center),1.2707
CaseKI67_0075.ndpi,Annotation (germinal_center),1.1944
CaseKI67_0075.ndpi,Annotation (germinal_center),0.2782
CaseKI67_0075.ndpi,Annotation (germinal_center),1.1099
CaseKI67_0075.ndpi,Annotation (germinal_center),1.6147
CaseKI67_0075.ndpi,Annotation (germinal_center),1.3746
CaseKI67_0075.ndpi,Annotation (germinal_center),1.2739
CaseKI67_0075.ndpi,Annotation (germinal_center),1.4928
CaseKI67_0075.ndpi,Annotation (germinal_center),1.199
CaseKI67_0075.ndpi,Annotation (germinal_center),1.5244
CaseKI67_0075.ndpi,Annotation (germinal_center),1.3115
CaseKI67_0075.ndpi,Annotation (germinal_center),1.1747
CaseKI67_0075.ndpi,Annotation (germinal_center),1.519
CaseKI67_0075.ndpi,Annotation (germinal_center),0.8822
CaseKI67_0075.ndpi,Annotation (germinal_center),0.053
CaseKI67_0075.ndpi,Annotation (germinal_center),0.0633
CaseKI67_0075.ndpi,Annotation (germinal_center),0.1255
CaseKI67_0075.ndpi,Annotation (germinal_center),0.1546
CaseKI67_0075.ndpi,Annotation (germinal_center),1.4413
CaseKI67_0075.ndpi,Annotation (germinal_center),1.1721
CaseKI67_0075.ndpi,Annotation (germinal_center),0.755
CaseKI67_0075.ndpi,Annotation (germinal_center),1.1919
CaseKI67_0075.ndpi,Annotation (germinal_center),1.0489
CaseKI67_0075.ndpi,Annotation (germinal_center),1.127
CaseKI67_0075.ndpi,Annotation (germinal_center),1.3388
CaseKI67_0075.ndpi,Annotation (germinal_center),0.692
CaseKI67_0075.ndpi,Annotation (germinal_center),1.0923
CaseKI67_0075.ndpi,Annotation (germinal_center),0.1941
CaseKI67_0075.ndpi,Annotation (germinal_center),1.1571
CaseKI67_0075.ndpi,Annotation (germinal_center),1.3197
CaseKI67_0075.ndpi,Annotation (germinal_center),0.9783
CaseKI67_0075.ndpi,Annotation (germinal_center),1.3075
CaseKI67_0075.ndpi,Annotation (germinal_center),0.8416
CaseKI67_0075.ndpi,Annotation (germinal_center),0.2326
CaseKI67_0075.ndpi,Annotation (germinal_center),1.406
CaseKI67_0075.ndpi,Annotation (germinal_center),0.0863
CaseKI67_0075.ndpi,Annotation (germinal_center),1.1331
CaseKI67_0075.ndpi,Annotation (germinal_center),1.337
CaseKI67_0075.ndpi,Annotation (germinal_center),0.1279
CaseKI67_0075.ndpi,Annotation (germinal_center),0.5442
CaseKI67_0075.ndpi,Annotation (germinal_center),0.079
CaseKI67_0075.ndpi,Annotation (germinal_center),1.5539
CaseKI67_0075.ndpi,Annotation (germinal_center),0.0936
CaseKI67_0075.ndpi,Annotation (germinal_center),1.112
CaseKI67_0075.ndpi,Annotation (germinal_center),1.1332
CaseKI67_0075.ndpi,Annotation (germinal_center),1.5246
CaseKI67_0075.ndpi,Annotation (germinal_center),1.5149
CaseKI67_0075.ndpi,Annotation (germinal_center),1.2314
CaseKI67_0075.ndpi,Annotation (germinal_center),0.7766
CaseKI67_0075.ndpi,Annotation (germinal_center),1.4102
CaseKI67_0075.ndpi,Annotation (germinal_center),0.8247
CaseKI67_0075.ndpi,Annotation (germinal_center),0.9721
CaseKI67_0075.ndpi,Annotation (germinal_center),1.1335
CaseKI67_0075.ndpi,Annotation (germinal_center),1.5044
CaseKI67_0075.ndpi,Annotation (germinal_center),1.45
CaseKI67_0075.ndpi,Annotation (germinal_center),1.5221
CaseKI67_0075.ndpi,Annotation (germinal_center),1.3516
CaseKI67_0075.ndpi,Annotation (germinal_center),1.7366
CaseKI67_0075.ndpi,Annotation (germinal_center),1.5203
CaseKI67_0075.ndpi,Annotation (germinal_center),1.6124
CaseKI67_0075.ndpi,Annotation (germinal_center),0.9459
CaseKI67_0075.ndpi,Annotation (germinal_center),0.8564
CaseKI67_0075.ndpi,Annotation (germinal_center),0.6756
CaseKI67_0075.ndpi,Annotation (germinal_center),0.8591
CaseKI67_0075.ndpi,Annotation (germinal_center),1.2967
CaseKI67_0075.ndpi,Annotation (germinal_center),0.0735
CaseKI67_0075.ndpi,Annotation (germinal_center),0.3681
CaseKI67_0075.ndpi,Annotation (germinal_center),1.3671
CaseKI67_0075.ndpi,Annotation (germinal_center),0.0793
CaseKI67_0075.ndpi,Annotation (germinal_center),1.5013
CaseKI67_0075.ndpi,Annotation (germinal_center),1.4128
CaseKI67_0075.ndpi,Annotation (germinal_center),0.5967
CaseKI67_0075.ndpi,Annotation (germinal_center),0.6957
CaseKI67_0075.ndpi,Annotation (germinal_center),1.4643
CaseKI67_0075.ndpi,Annotation (germinal_center),1.3858
CaseKI67_0075.ndpi,Annotation (germinal_center),1.3365
CaseKI67_0075.ndpi,Annotation (germinal_center),1.0685
CaseKI67_0075.ndpi,Annotation (germinal_center),1.3287
CaseKI67_0075.ndpi,Annotation (germinal_center),0.0676
CaseKI67_0075.ndpi,Annotation (germinal_center),1.5824
CaseKI67_0075.ndpi,Annotation (germinal_center),1.7436
CaseKI67_0075.ndpi,Annotation (germinal_center),0.0608
CaseKI67_0075.ndpi,Annotation (germinal_center),1.6123
CaseKI67_0075.ndpi,Annotation (germinal_center),1.2383
CaseKI67_0075.ndpi,Annotation (germinal_center),1.4225
CaseKI67_0075.ndpi,Annotation (germinal_center),1.4282
CaseKI67_0075.ndpi,Annotation (germinal_center),0.054
CaseKI67_0075.ndpi,Annotation (germinal_center),1.0069
CaseKI67_0075.ndpi,Annotation (germinal_center),1.2137
CaseKI67_0075.ndpi,Annotation (germinal_center),1.2509
CaseKI67_0075.ndpi,Annotation (germinal_center),1.1689
CaseKI67_0075.ndpi,Annotation (germinal_center),1.4114
CaseKI67_0075.ndpi,Annotation (germinal_center),0.9776
CaseKI67_0075.ndpi,Annotation (germinal_center),1.5285
CaseKI67_0075.ndpi,Annotation (germinal_center),0.997
CaseKI67_0075.ndpi,Annotation (germinal_center),1.3682
CaseKI67_0075.ndpi,Annotation (germinal_center),1.3294
CaseKI67_0075.ndpi,Annotation (germinal_center),1.3227
CaseKI67_0075.ndpi,Annotation (germinal_center),1.3679
CaseKI67_0075.ndpi,Annotation (germinal_center),1.2272
CaseKI67_0075.ndpi,Annotation (germinal_center),1.3212
CaseKI67_0075.ndpi,Annotation (germinal_center),1.361
CaseKI67_0075.ndpi,Annotation (germinal_center),1.2037
CaseKI67_0075.ndpi,Annotation (germinal_center),1.3033
CaseKI67_0075.ndpi,Annotation (germinal_center),0.0575
CaseKI67_0075.ndpi,Annotation (germinal_center),1.1922
CaseKI67_0075.ndpi,Annotation (germinal_center),1.5195
CaseKI67_0075.ndpi,Annotation (germinal_center),0.1395
CaseKI67_0075.ndpi,Annotation (germinal_center),1.3761
CaseKI67_0075.ndpi,Annotation (germinal_center),1.0986
CaseKI67_0075.ndpi,Annotation (germinal_center),1.1887
CaseKI67_0075.ndpi,Annotation (germinal_center),1.1849
CaseKI67_0075.ndpi,Annotation (germinal_center),1.3356
CaseKI67_0075.ndpi,Annotation (germinal_center),1.0254
CaseKI67_0075.ndpi,Annotation (germinal_center),0.0645
CaseKI67_0075.ndpi,Annotation (germinal_center),1.1226
CaseKI67_0075.ndpi,Annotation (germinal_center),1.3196
CaseKI67_0075.ndpi,Annotation (germinal_center),1.3845
CaseKI67_0075.ndpi,Annotation (germinal_center),1.3988
CaseKI67_0075.ndpi,Annotation (germinal_center),1.5225
CaseKI67_0075.ndpi,Annotation (germinal_center),1.3479
CaseKI67_0075.ndpi,Annotation (germinal_center),1.2639
CaseKI67_0075.ndpi,Annotation (germinal_center),1.2646
CaseKI67_0075.ndpi,Annotation (germinal_center),1.6882
CaseKI67_0075.ndpi,Annotation (germinal_center),1.4519
CaseKI67_0075.ndpi,Annotation (germinal_center),1.3133
CaseKI67_0075.ndpi,Annotation (germinal_center),0.9204
CaseKI67_0075.ndpi,Annotation (germinal_center),1.5071
CaseKI67_0075.ndpi,Annotation (germinal_center),1.6641
CaseKI67_0075.ndpi,Annotation (germinal_center),1.4552
CaseKI67_0075.ndpi,Annotation (germinal_center),1.5422
CaseKI67_0075.ndpi,Annotation (germinal_center),1.3909
CaseKI67_0075.ndpi,Annotation (germinal_center),1.6166
CaseKI67_0075.ndpi,Annotation (germinal_center),1.0698
CaseKI67_0075.ndpi,Annotation (germinal_center),0.9345
CaseKI67_0075.ndpi,Annotation (germinal_center),1.4423
CaseKI67_0075.ndpi,Annotation (germinal_center),1.3326
CaseKI67_0075.ndpi,Annotation (germinal_center),1.2863
CaseKI67_0075.ndpi,Annotation (germinal_center),1.524
CaseKI67_0075.ndpi,Annotation (germinal_center),1.396
CaseKI67_0075.ndpi,Annotation (germinal_center),0.782
CaseKI67_0075.ndpi,Annotation (germinal_center),0.9379
CaseKI67_0075.ndpi,Annotation (germinal_center),1.5376
CaseKI67_0075.ndpi,Annotation (germinal_center),1.4096
CaseKI67_0075.ndpi,Annotation (germinal_center),1.4597
CaseKI67_0075.ndpi,Annotation (germinal_center),1.1615
CaseKI67_0075.ndpi,Annotation (germinal_center),0.7242
CaseKI67_0075.ndpi,Annotation (germinal_center),0.1012
CaseKI67_0075.ndpi,Annotation (germinal_center),0.9459
CaseKI67_0075.ndpi,Annotation (germinal_center),1.5049
CaseKI67_0075.ndpi,Annotation (germinal_center),1.4357
CaseKI67_0075.ndpi,Annotation (germinal_center),1.2878
CaseKI67_0075.ndpi,Annotation (germinal_center),1.2861
CaseKI67_0075.ndpi,Annotation (germinal_center),1.1009
CaseKI67_0075.ndpi,Annotation (germinal_center),1.6136
CaseKI67_0075.ndpi,Annotation (germinal_center),0.9986
CaseKI67_0075.ndpi,Annotation (germinal_center),1.3676
CaseKI67_0075.ndpi,Annotation (germinal_center),1.7908
CaseKI67_0075.ndpi,Annotation (germinal_center),0.7461
CaseKI67_0075.ndpi,Annotation (germinal_center),1.4725
CaseKI67_0075.ndpi,Annotation (germinal_center),1.3585
CaseKI67_0075.ndpi,Annotation (germinal_center),1.4686
CaseKI67_0075.ndpi,Annotation (germinal_center),1.5471
CaseKI67_0075.ndpi,Annotation (germinal_center),1.7005
CaseKI67_0075.ndpi,Annotation (germinal_center),1.4207
CaseKI67_0075.ndpi,Annotation (germinal_center),1.6025
CaseKI67_0075.ndpi,Annotation (germinal_center),1.4329
CaseKI67_0075.ndpi,Annotation (germinal_center),0.0658
CaseKI67_0075.ndpi,Annotation (germinal_center),1.5667
CaseKI67_0075.ndpi,Annotation (germinal_center),1.4665
CaseKI67_0075.ndpi,Annotation (germinal_center),1.4953
CaseKI67_0075.ndpi,Annotation (germinal_center),1.4507
CaseKI67_0075.ndpi,Annotation (germinal_center),1.5909
CaseKI67_0075.ndpi,Annotation (germinal_center),1.5396
CaseKI67_0075.ndpi,Annotation (germinal_center),1.6054
CaseKI67_0075.ndpi,Annotation (germinal_center),1.5089
CaseKI67_0075.ndpi,Annotation (germinal_center),1.2347
CaseKI67_0075.ndpi,Annotation (germinal_center),1.4085
CaseKI67_0075.ndpi,Annotation (germinal_center),1.6384
CaseKI67_0075.ndpi,Annotation (germinal_center),0.2619
CaseKI67_0075.ndpi,Annotation (germinal_center),1.3148
CaseKI67_0075.ndpi,Annotation (germinal_center),1.5644
CaseKI67_0075.ndpi,Annotation (germinal_center),1.5904
CaseKI67_0075.ndpi,Annotation (germinal_center),1.1731
CaseKI67_0075.ndpi,Annotation (germinal_center),1.6192
CaseKI67_0075.ndpi,Annotation (germinal_center),1.6767
CaseKI67_0075.ndpi,Annotation (germinal_center),1.4905
CaseKI67_0075.ndpi,Annotation (germinal_center),1.4078
CaseKI67_0075.ndpi,Annotation (germinal_center),1.6177
CaseKI67_0075.ndpi,Annotation (germinal_center),1.5507
CaseKI67_0075.ndpi,Annotation (germinal_center),1.4373
CaseKI67_0075.ndpi,Annotation (germinal_center),1.1268
CaseKI67_0075.ndpi,Annotation (germinal_center),1.1815
CaseKI67_0075.ndpi,Annotation (germinal_center),1.2241
CaseKI67_0075.ndpi,Annotation (germinal_center),1.4103
CaseKI67_0075.ndpi,Annotation (germinal_center),1.2707
CaseKI67_0075.ndpi,Annotation (germinal_center),1.0719
CaseKI67_0075.ndpi,Annotation (germinal_center),0.9335
CaseKI67_0075.ndpi,Annotation (germinal_center),1.3898
CaseKI67_0075.ndpi,Annotation (germinal_center),1.1703
CaseKI67_0075.ndpi,Annotation (germinal_center),1.4858
CaseKI67_0075.ndpi,Annotation (germinal_center),0.6682
CaseKI67_0075.ndpi,Annotation (germinal_center),1.3096
CaseKI67_0075.ndpi,Annotation (germinal_center),1.2936
CaseKI67_0075.ndpi,Annotation (germinal_center),1.2389
CaseKI67_0075.ndpi,Annotation (germinal_center),1.3047
CaseKI67_0075.ndpi,Annotation (germinal_center),1.2753
CaseKI67_0075.ndpi,Annotation (germinal_center),1.0589
CaseKI67_0075.ndpi,Annotation (germinal_center),1.5362
CaseKI67_0075.ndpi,Annotation (germinal_center),1.4568
CaseKI67_0075.ndpi,Annotation (germinal_center),1.1904
CaseKI67_0075.ndpi,Annotation (germinal_center),1.1442
CaseKI67_0075.ndpi,Annotation (germinal_center),1.4868
CaseKI67_0075.ndpi,Annotation (germinal_center),1.4874
CaseKI67_0075.ndpi,Annotation (germinal_center),1.3881
CaseKI67_0075.ndpi,Annotation (germinal_center),1.463
CaseKI67_0075.ndpi,Annotation (germinal_center),1.6682
CaseKI67_0075.ndpi,Annotation (germinal_center),1.0333
CaseKI67_0075.ndpi,Annotation (germinal_center),1.3865
CaseKI67_0075.ndpi,Annotation (germinal_center),1.4729
CaseKI67_0075.ndpi,Annotation (germinal_center),1.5783
CaseKI67_0075.ndpi,Annotation (germinal_center),1.7424
CaseKI67_0075.ndpi,Annotation (germinal_center),1.7656
CaseKI67_0075.ndpi,Annotation (germinal_center),1.5599
CaseKI67_0075.ndpi,Annotation (germinal_center),1.6469
CaseKI67_0075.ndpi,Annotation (germinal_center),1.3809
CaseKI67_0075.ndpi,Annotation (germinal_center),1.3148
CaseKI67_0075.ndpi,Annotation (germinal_center),1.0388
CaseKI67_0075.ndpi,Annotation (germinal_center),1.1835
CaseKI67_0075.ndpi,Annotation (germinal_center),1.576
CaseKI67_0075.ndpi,Annotation (germinal_center),1.219
CaseKI67_0075.ndpi,Annotation (germinal_center),1.4485
CaseKI67_0075.ndpi,Annotation (germinal_center),1.3027
CaseKI67_0075.ndpi,Annotation (germinal_center),1.2176
CaseKI67_0075.ndpi,Annotation (germinal_center),1.7766
CaseKI67_0075.ndpi,Annotation (germinal_center),1.3183
CaseKI67_0075.ndpi,Annotation (germinal_center),1.5555
CaseKI67_0075.ndpi,Annotation (germinal_center),1.6649
CaseKI67_0075.ndpi,Annotation (germinal_center),1.5231
CaseKI67_0075.ndpi,Annotation (germinal_center),1.4693
CaseKI67_0075.ndpi,Annotation (germinal_center),1.4021
CaseKI67_0075.ndpi,Annotation (germinal_center),1.537
CaseKI67_0075.ndpi,Annotation (germinal_center),1.0374
CaseKI67_0075.ndpi,Annotation (germinal_center),1.5528
CaseKI67_0075.ndpi,Annotation (germinal_center),1.613
CaseKI67_0075.ndpi,Annotation (germinal_center),1.3655
CaseKI67_0075.ndpi,Annotation (germinal_center),1.3595
CaseKI67_0075.ndpi,Annotation (germinal_center),1.7081
CaseKI67_0075.ndpi,Annotation (germinal_center),1.4487
CaseKI67_0075.ndpi,Annotation (germinal_center),0.9766
CaseKI67_0075.ndpi,Annotation (germinal_center),0.9182
CaseKI67_0075.ndpi,Annotation (germinal_center),1.4327
CaseKI67_0075.ndpi,Annotation (germinal_center),1.6565
CaseKI67_0075.ndpi,Annotation (germinal_center),1.2249
CaseKI67_0075.ndpi,Annotation (germinal_center),1.0513
CaseKI67_0075.ndpi,Annotation (germinal_center),1.3258
CaseKI67_0075.ndpi,Annotation (germinal_center),0.1784
CaseKI67_0075.ndpi,Annotation (germinal_center),1.2698
CaseKI67_0075.ndpi,Annotation (germinal_center),1.3694
CaseKI67_0075.ndpi,Annotation (germinal_center),1.3841
CaseKI67_0075.ndpi,Annotation (germinal_center),1.646
CaseKI67_0075.ndpi,Annotation (germinal_center),1.1634
CaseKI67_0075.ndpi,Annotation (germinal_center),1.3693
CaseKI67_0075.ndpi,Annotation (germinal_center),1.7801
CaseKI67_0075.ndpi,Annotation (germinal_center),1.3531
CaseKI67_0075.ndpi,Annotation (germinal_center),1.6062
CaseKI67_0075.ndpi,Annotation (germinal_center),1.4847
CaseKI67_0075.ndpi,Annotation (germinal_center),1.4495
CaseKI67_0075.ndpi,Annotation (germinal_center),1.4834
CaseKI67_0075.ndpi,Annotation (germinal_center),1.3946
CaseKI67_0075.ndpi,Annotation (germinal_center),1.5188
CaseKI67_0075.ndpi,Annotation (germinal_center),1.3208
CaseKI67_0075.ndpi,Annotation (germinal_center),1.3458
CaseKI67_0075.ndpi,Annotation (germinal_center),1.2381
CaseKI67_0075.ndpi,Annotation (germinal_center),1.273
CaseKI67_0075.ndpi,Annotation (germinal_center),0.1997
CaseKI67_0075.ndpi,Annotation (germinal_center),1.3337
CaseKI67_0075.ndpi,Annotation (germinal_center),1.0383
CaseKI67_0075.ndpi,Annotation (germinal_center),1.3797
CaseKI67_0075.ndpi,Annotation (germinal_center),1.4791
CaseKI67_0075.ndpi,Annotation (germinal_center),1.3891
CaseKI67_0075.ndpi,Annotation (germinal_center),1.0703
CaseKI67_0075.ndpi,Annotation (germinal_center),1.3746
CaseKI67_0075.ndpi,Annotation (germinal_center),1.3755
CaseKI67_0075.ndpi,Annotation (germinal_center),0.8514
CaseKI67_0075.ndpi,Annotation (germinal_center),1.471
CaseKI67_0075.ndpi,Annotation (germinal_center),1.2984
CaseKI67_0075.ndpi,Annotation (germinal_center),1.4584
CaseKI67_0075.ndpi,Annotation (germinal_center),1.1955
CaseKI67_0075.ndpi,Annotation (germinal_center),1.4691
CaseKI67_0075.ndpi,Annotation (germinal_center),1.3281
CaseKI67_0075.ndpi,Annotation (germinal_center),1.3338
CaseKI67_0075.ndpi,Annotation (germinal_center),1.5175
CaseKI67_0075.ndpi,Annotation (germinal_center),1.1957
CaseKI67_0075.ndpi,Annotation (germinal_center),1.2442
CaseKI67_0075.ndpi,Annotation (germinal_center),1.4876
CaseKI67_0075.ndpi,Annotation (germinal_center),1.4241
CaseKI67_0075.ndpi,Annotation (germinal_center),1.4244
CaseKI67_0075.ndpi,Annotation (germinal_center),0.0943
CaseKI67_0075.ndpi,Annotation (germinal_center),1.5096
CaseKI67_0075.ndpi,Annotation (germinal_center),1.6024
CaseKI67_0075.ndpi,Annotation (germinal_center),1.2198
CaseKI67_0075.ndpi,Annotation (germinal_center),1.5783
CaseKI67_0075.ndpi,Annotation (germinal_center),1.4948
CaseKI67_0075.ndpi,Annotation (germinal_center),1.5951
CaseKI67_0075.ndpi,Annotation (germinal_center),1.7
CaseKI67_0075.ndpi,Annotation (germinal_center),0.1997
CaseKI67_0075.ndpi,Annotation (germinal_center),1.2893
CaseKI67_0075.ndpi,Annotation (germinal_center),1.6764
CaseKI67_0075.ndpi,Annotation (germinal_center),1.3017
CaseKI67_0075.ndpi,Annotation (germinal_center),1.335
CaseKI67_0075.ndpi,Annotation (germinal_center),1.3056
CaseKI67_0075.ndpi,Annotation (germinal_center),1.3579
CaseKI67_0075.ndpi,Annotation (germinal_center),1.1482
CaseKI67_0075.ndpi,Annotation (germinal_center),1.8284
CaseKI67_0075.ndpi,Annotation (germinal_center),1.5348
CaseKI67_0075.ndpi,Annotation (germinal_center),1.5868
CaseKI67_0075.ndpi,Annotation (germinal_center),1.4287
CaseKI67_0075.ndpi,Annotation (germinal_center),1.8912
CaseKI67_0075.ndpi,Annotation (germinal_center),1.9006
CaseKI67_0075.ndpi,Annotation (germinal_center),1.2961
CaseKI67_0075.ndpi,Annotation (germinal_center),1.7431
CaseKI67_0075.ndpi,Annotation (germinal_center),0.0618
CaseKI67_0075.ndpi,Annotation (germinal_center),1.5778
CaseKI67_0075.ndpi,Annotation (germinal_center),1.6136
CaseKI67_0075.ndpi,Annotation (germinal_center),1.3343
CaseKI67_0075.ndpi,Annotation (germinal_center),1.3357
CaseKI67_0075.ndpi,Annotation (germinal_center),1.3535
CaseKI67_0075.ndpi,Annotation (germinal_center),1.0143
CaseKI67_0075.ndpi,Annotation (germinal_center),1.0074
CaseKI67_0075.ndpi,Annotation (germinal_center),1.3937
CaseKI67_0075.ndpi,Annotation (germinal_center),1.3421
CaseKI67_0075.ndpi,Annotation (germinal_center),1.4089
CaseKI67_0075.ndpi,Annotation (germinal_center),1.0597
CaseKI67_0075.ndpi,Annotation (germinal_center),1.6995
CaseKI67_0075.ndpi,Annotation (germinal_center),1.5858
CaseKI67_0075.ndpi,Annotation (germinal_center),1.6478
CaseKI67_0075.ndpi,Annotation (germinal_center),1.6137
CaseKI67_0075.ndpi,Annotation (germinal_center),0.7421
CaseKI67_0075.ndpi,Annotation (germinal_center),1.6694
CaseKI67_0075.ndpi,Annotation (germinal_center),1.8003
CaseKI67_0075.ndpi,Annotation (germinal_center),1.4231
CaseKI67_0075.ndpi,Annotation (germinal_center),1.6356
CaseKI67_0075.ndpi,Annotation (germinal_center),1.1442
CaseKI67_0075.ndpi,Annotation (germinal_center),1.2914
CaseKI67_0075.ndpi,Annotation (germinal_center),1.7579
CaseKI67_0075.ndpi,Annotation (germinal_center),1.637
CaseKI67_0075.ndpi,Annotation (germinal_center),1.6416
CaseKI67_0075.ndpi,Annotation (germinal_center),1.3637
CaseKI67_0075.ndpi,Annotation (germinal_center),1.4428
CaseKI67_0075.ndpi,Annotation (germinal_center),1.4155
CaseKI67_0075.ndpi,Annotation (germinal_center),1.3849
CaseKI67_0075.ndpi,Annotation (germinal_center),1.7805
CaseKI67_0075.ndpi,Annotation (germinal_center),0.0882
CaseKI67_0075.ndpi,Annotation (germinal_center),1.6374
CaseKI67_0075.ndpi,Annotation (germinal_center),1.4655
CaseKI67_0075.ndpi,Annotation (germinal_center),1.3921
CaseKI67_0075.ndpi,Annotation (germinal_center),1.6785
CaseKI67_0075.ndpi,Annotation (germinal_center),1.6488
CaseKI67_0075.ndpi,Annotation (germinal_center),1.3598
CaseKI67_0075.ndpi,Annotation (germinal_center),1.8525
CaseKI67_0075.ndpi,Annotation (germinal_center),1.1742
CaseKI67_0075.ndpi,Annotation (germinal_center),1.2758
CaseKI67_0075.ndpi,Annotation (germinal_center),1.2772
CaseKI67_0075.ndpi,Annotation (germinal_center),1.1853
CaseKI67_0075.ndpi,Annotation (germinal_center),1.6928
CaseKI67_0075.ndpi,Annotation (germinal_center),1.7835
CaseKI67_0075.ndpi,Annotation (germinal_center),0.1127
CaseKI67_0075.ndpi,Annotation (germinal_center),1.195
CaseKI67_0075.ndpi,Annotation (germinal_center),1.5223
CaseKI67_0075.ndpi,Annotation (germinal_center),1.583
CaseKI67_0075.ndpi,Annotation (germinal_center),1.5975
CaseKI67_0075.ndpi,Annotation (germinal_center),0.1676
CaseKI67_0075.ndpi,Annotation (germinal_center),1.851
CaseKI67_0075.ndpi,Annotation (germinal_center),1.1328
CaseKI67_0075.ndpi,Annotation (germinal_center),1.2978
CaseKI67_0075.ndpi,Annotation (germinal_center),1.8339
CaseKI67_0075.ndpi,Annotation (germinal_center),0.8992
CaseKI67_0075.ndpi,Annotation (germinal_center),1.5166
CaseKI67_0075.ndpi,Annotation (germinal_center),1.5643
CaseKI67_0075.ndpi,Annotation (germinal_center),1.5868
CaseKI67_0075.ndpi,Annotation (germinal_center),1.4956
CaseKI67_0075.ndpi,Annotation (germinal_center),1.5153
CaseKI67_0075.ndpi,Annotation (germinal_center),1.6569
CaseKI67_0075.ndpi,Annotation (germinal_center),1.4819
CaseKI67_0075.ndpi,Annotation (germinal_center),1.3488
CaseKI67_0075.ndpi,Annotation (germinal_center),1.3572
CaseKI67_0075.ndpi,Annotation (germinal_center),1.4359
CaseKI67_0075.ndpi,Annotation (germinal_center),1.5193
CaseKI67_0075.ndpi,Annotation (germinal_center),0.8374
CaseKI67_0075.ndpi,Annotation (germinal_center),1.4725
CaseKI67_0075.ndpi,Annotation (germinal_center),1.5575
CaseKI67_0075.ndpi,Annotation (germinal_center),1.1818
CaseKI67_0075.ndpi,Annotation (germinal_center),1.5585
CaseKI67_0075.ndpi,Annotation (germinal_center),1.4884
CaseKI67_0075.ndpi,Annotation (germinal_center),1.5253
CaseKI67_0075.ndpi,Annotation (germinal_center),1.0583
CaseKI67_0075.ndpi,Annotation (germinal_center),1.6836
CaseKI67_0075.ndpi,Annotation (germinal_center),1.3008
CaseKI67_0075.ndpi,Annotation (germinal_center),1.4591
CaseKI67_0075.ndpi,Annotation (germinal_center),1.0703
CaseKI67_0075.ndpi,Annotation (germinal_center),1.4158
CaseKI67_0075.ndpi,Annotation (germinal_center),0.7386
CaseKI67_0075.ndpi,Annotation (germinal_center),1.1322
CaseKI67_0075.ndpi,Annotation (germinal_center),1.1863
CaseKI67_0075.ndpi,Annotation (germinal_center),0.0852
CaseKI67_0075.ndpi,Annotation (germinal_center),0.913
CaseKI67_0075.ndpi,Annotation (germinal_center),0.9933
CaseKI67_0075.ndpi,Annotation (germinal_center),0.5607
CaseKI67_0075.ndpi,Annotation (germinal_center),0.0617
CaseKI67_0075.ndpi,Annotation (germinal_center),0.1076
CaseKI67_0075.ndpi,Annotation (germinal_center),0.0703
CaseKI67_0075.ndpi,Annotation (germinal_center),1.2006
CaseKI67_0075.ndpi,Annotation (germinal_center),0.2948
CaseKI67_0075.ndpi,Annotation (germinal_center),0.3151
CaseKI67_0075.ndpi,Annotation (germinal_center),0.9347
CaseKI67_0075.ndpi,Annotation (germinal_center),0.0656
CaseKI67_0075.ndpi,Annotation (germinal_center),1.5222
CaseKI67_0075.ndpi,Annotation (germinal_center),0.1787
CaseKI67_0075.ndpi,Annotation (germinal_center),0.0752
CaseKI67_0075.ndpi,Annotation (germinal_center),1.2094
CaseKI67_0075.ndpi,Annotation (germinal_center),0.4186
CaseKI67_0075.ndpi,Annotation (germinal_center),1.718
CaseKI67_0075.ndpi,Annotation (germinal_center),1.3949
CaseKI67_0075.ndpi,Annotation (germinal_center),1.0816
CaseKI67_0075.ndpi,Annotation (germinal_center),0.845
CaseKI67_0075.ndpi,Annotation (germinal_center),1.8132
CaseKI67_0075.ndpi,Annotation (germinal_center),0.6884
CaseKI67_0075.ndpi,Annotation (germinal_center),1.5695
CaseKI67_0075.ndpi,Annotation (germinal_center),0.0567
CaseKI67_0075.ndpi,Annotation (germinal_center),1.3445
CaseKI67_0075.ndpi,Annotation (germinal_center),0.0872
CaseKI67_0075.ndpi,Annotation (germinal_center),1.5344
CaseKI67_0075.ndpi,Annotation (germinal_center),1.6118
CaseKI67_0075.ndpi,Annotation (germinal_center),1.4069
CaseKI67_0075.ndpi,Annotation (germinal_center),1.2034
CaseKI67_0075.ndpi,Annotation (germinal_center),1.2876
CaseKI67_0075.ndpi,Annotation (germinal_center),1.4227
CaseKI67_0075.ndpi,Annotation (germinal_center),1.2127
CaseKI67_0075.ndpi,Annotation (germinal_center),1.5596
CaseKI67_0075.ndpi,Annotation (germinal_center),0.0725
CaseKI67_0075.ndpi,Annotation (germinal_center),1.5204
CaseKI67_0075.ndpi,Annotation (germinal_center),1.5371
CaseKI67_0075.ndpi,Annotation (germinal_center),1.4624
CaseKI67_0075.ndpi,Annotation (germinal_center),1.1527
CaseKI67_0075.ndpi,Annotation (germinal_center),1.4806
CaseKI67_0075.ndpi,Annotation (germinal_center),0.0739
CaseKI67_0075.ndpi,Annotation (germinal_center),1.4451
CaseKI67_0075.ndpi,Annotation (germinal_center),0.0784
CaseKI67_0075.ndpi,Annotation (germinal_center),1.4503
CaseKI67_0075.ndpi,Annotation (germinal_center),0.904
CaseKI67_0075.ndpi,Annotation (germinal_center),1.3236
CaseKI67_0075.ndpi,Annotation (germinal_center),0.0881
CaseKI67_0075.ndpi,Annotation (germinal_center),1.5466
CaseKI67_0075.ndpi,Annotation (germinal_center),1.3757
CaseKI67_0075.ndpi,Annotation (germinal_center),1.8088
CaseKI67_0075.ndpi,Annotation (germinal_center),1.2981
CaseKI67_0075.ndpi,Annotation (germinal_center),1.676
CaseKI67_0075.ndpi,Annotation (germinal_center),1.0843
CaseKI67_0075.ndpi,Annotation (germinal_center),1.6633
CaseKI67_0075.ndpi,Annotation (germinal_center),1.0383
CaseKI67_0075.ndpi,Annotation (germinal_center),0.0685
CaseKI67_0075.ndpi,Annotation (germinal_center),1.03
CaseKI67_0075.ndpi,Annotation (germinal_center),1.339
CaseKI67_0075.ndpi,Annotation (germinal_center),1.6132
CaseKI67_0075.ndpi,Annotation (germinal_center),1.5923
CaseKI67_0075.ndpi,Annotation (germinal_center),1.5036
CaseKI67_0075.ndpi,Annotation (germinal_center),1.3762
CaseKI67_0075.ndpi,Annotation (germinal_center),1.8686
CaseKI67_0075.ndpi,Annotation (germinal_center),1.7697
CaseKI67_0075.ndpi,Annotation (germinal_center),1.6058
CaseKI67_0075.ndpi,Annotation (germinal_center),1.167
CaseKI67_0075.ndpi,Annotation (germinal_center),0.0688
CaseKI67_0075.ndpi,Annotation (germinal_center),1.5631
CaseKI67_0075.ndpi,Annotation (germinal_center),1.1198
CaseKI67_0075.ndpi,Annotation (germinal_center),0.1883
CaseKI67_0075.ndpi,Annotation (germinal_center),1.0109
CaseKI67_0075.ndpi,Annotation (germinal_center),0.049
CaseKI67_0075.ndpi,Annotation (germinal_center),1.3569
CaseKI67_0075.ndpi,Annotation (germinal_center),1.0302
CaseKI67_0075.ndpi,Annotation (germinal_center),1.39
CaseKI67_0075.ndpi,Annotation (germinal_center),0.0709
CaseKI67_0075.ndpi,Annotation (germinal_center),1.4981
CaseKI67_0075.ndpi,Annotation (germinal_center),0.3908
CaseKI67_0075.ndpi,Annotation (germinal_center),0.7584
CaseKI67_0075.ndpi,Annotation (germinal_center),0.0356
CaseKI67_0075.ndpi,Annotation (germinal_center),1.288
CaseKI67_0075.ndpi,Annotation (germinal_center),1.2744
CaseKI67_0075.ndpi,Annotation (germinal_center),1.0387
CaseKI67_0075.ndpi,Annotation (germinal_center),0.067
CaseKI67_0075.ndpi,Annotation (germinal_center),1.846
CaseKI67_0075.ndpi,Annotation (germinal_center),1.0097
CaseKI67_0075.ndpi,Annotation (germinal_center),1.4116
CaseKI67_0075.ndpi,Annotation (germinal_center),1.4039
CaseKI67_0075.ndpi,Annotation (germinal_center),1.4449
CaseKI67_0075.ndpi,Annotation (germinal_center),0.0621
CaseKI67_0075.ndpi,Annotation (germinal_center),1.5186
CaseKI67_0075.ndpi,Annotation (germinal_center),1.5165
CaseKI67_0075.ndpi,Annotation (germinal_center),1.7388
CaseKI67_0075.ndpi,Annotation (germinal_center),1.3411
CaseKI67_0075.ndpi,Annotation (germinal_center),1.5014
CaseKI67_0075.ndpi,Annotation (germinal_center),0.1226
CaseKI67_0075.ndpi,Annotation (germinal_center),1.2881
CaseKI67_0075.ndpi,Annotation (germinal_center),0.4456
CaseKI67_0075.ndpi,Annotation (germinal_center),1.5059
CaseKI67_0075.ndpi,Annotation (germinal_center),0.1149
CaseKI67_0075.ndpi,Annotation (germinal_center),1.5221
CaseKI67_0075.ndpi,Annotation (germinal_center),1.1397
CaseKI67_0075.ndpi,Annotation (germinal_center),1.3222
CaseKI67_0075.ndpi,Annotation (germinal_center),0.7246
CaseKI67_0075.ndpi,Annotation (germinal_center),1.1308
CaseKI67_0075.ndpi,Annotation (germinal_center),1.5745
CaseKI67_0075.ndpi,Annotation (germinal_center),1.2157
CaseKI67_0075.ndpi,Annotation (germinal_center),0.6229
CaseKI67_0075.ndpi,Annotation (germinal_center),1.1306
CaseKI67_0075.ndpi,Annotation (germinal_center),0.6711
CaseKI67_0075.ndpi,Annotation (germinal_center),0.512
CaseKI67_0075.ndpi,Annotation (germinal_center),0.7689
CaseKI67_0075.ndpi,Annotation (germinal_center),0.3238
CaseKI67_0075.ndpi,Annotation (germinal_center),0.11
CaseKI67_0075.ndpi,Annotation (germinal_center),1.4503
CaseKI67_0075.ndpi,Annotation (germinal_center),0.5626
CaseKI67_0075.ndpi,Annotation (germinal_center),1.7012
CaseKI67_0075.ndpi,Annotation (germinal_center),0.0644
CaseKI67_0075.ndpi,Annotation (germinal_center),1.3668
CaseKI67_0075.ndpi,Annotation (germinal_center),0.8147
CaseKI67_0075.ndpi,Annotation (germinal_center),1.5613
CaseKI67_0075.ndpi,Annotation (germinal_center),0.1844
CaseKI67_0075.ndpi,Annotation (germinal_center),1.027
CaseKI67_0075.ndpi,Annotation (germinal_center),0.2547
CaseKI67_0075.ndpi,Annotation (germinal_center),1.4286
CaseKI67_0075.ndpi,Annotation (germinal_center),1.2297
CaseKI67_0075.ndpi,Annotation (germinal_center),1.261
CaseKI67_0075.ndpi,Annotation (germinal_center),1.0215
CaseKI67_0075.ndpi,Annotation (germinal_center),0.2804
CaseKI67_0075.ndpi,Annotation (germinal_center),1.4336
CaseKI67_0075.ndpi,Annotation (germinal_center),1.1976
CaseKI67_0075.ndpi,Annotation (germinal_center),1.4371
CaseKI67_0075.ndpi,Annotation (germinal_center),0.0514
CaseKI67_0075.ndpi,Annotation (germinal_center),0.8944
CaseKI67_0075.ndpi,Annotation (germinal_center),0.9253
CaseKI67_0075.ndpi,Annotation (germinal_center),1.385
CaseKI67_0075.ndpi,Annotation (germinal_center),1.2364
CaseKI67_0075.ndpi,Annotation (germinal_center),1.3189
CaseKI67_0075.ndpi,Annotation (germinal_center),0.4992
CaseKI67_0075.ndpi,Annotation (germinal_center),0.646
CaseKI67_0075.ndpi,Annotation (germinal_center),0.9896
CaseKI67_0075.ndpi,Annotation (germinal_center),1.4143
CaseKI67_0075.ndpi,Annotation (germinal_center),0.3006
CaseKI67_0075.ndpi,Annotation (germinal_center),0.0875
CaseKI67_0075.ndpi,Annotation (germinal_center),0.7228
CaseKI67_0075.ndpi,Annotation (germinal_center),0.6855
CaseKI67_0075.ndpi,Annotation (germinal_center),0.2886
CaseKI67_0075.ndpi,Annotation (germinal_center),0.6053
CaseKI67_0075.ndpi,Annotation (germinal_center),1.3238
CaseKI67_0075.ndpi,Annotation (germinal_center),1.2451
CaseKI67_0075.ndpi,Annotation (germinal_center),0.7346
CaseKI67_0075.ndpi,Annotation (germinal_center),0.9028
CaseKI67_0075.ndpi,Annotation (germinal_center),0.8257
CaseKI67_0075.ndpi,Annotation (germinal_center),1.3316
CaseKI67_0075.ndpi,Annotation (germinal_center),1.3643
CaseKI67_0075.ndpi,Annotation (germinal_center),1.4316
CaseKI67_0075.ndpi,Annotation (germinal_center),1.4213
CaseKI67_0075.ndpi,Annotation (germinal_center),1.4164
CaseKI67_0075.ndpi,Annotation (germinal_center),1.4042
CaseKI67_0075.ndpi,Annotation (germinal_center),1.4682
CaseKI67_0075.ndpi,Annotation (germinal_center),0.0712
CaseKI67_0075.ndpi,Annotation (germinal_center),0.2784
CaseKI67_0075.ndpi,Annotation (germinal_center),1.2585
CaseKI67_0075.ndpi,Annotation (germinal_center),1.3413
CaseKI67_0075.ndpi,Annotation (germinal_center),1.2964
CaseKI67_0075.ndpi,Annotation (germinal_center),1.4375
CaseKI67_0075.ndpi,Annotation (germinal_center),0.045
CaseKI67_0075.ndpi,Annotation (germinal_center),1.3163
CaseKI67_0075.ndpi,Annotation (germinal_center),0.9646
CaseKI67_0075.ndpi,Annotation (germinal_center),1.705
CaseKI67_0075.ndpi,Annotation (germinal_center),0.8172
CaseKI67_0075.ndpi,Annotation (germinal_center),0.8455
CaseKI67_0075.ndpi,Annotation (germinal_center),0.2885
CaseKI67_0075.ndpi,Annotation (germinal_center),1.4085
CaseKI67_0075.ndpi,Annotation (germinal_center),1.3658
CaseKI67_0075.ndpi,Annotation (germinal_center),0.8053
CaseKI67_0075.ndpi,Annotation (germinal_center),0.0877
CaseKI67_0075.ndpi,Annotation (germinal_center),0.0501
CaseKI67_0075.ndpi,Annotation (germinal_center),1.1763
CaseKI67_0075.ndpi,Annotation (germinal_center),0.2508
CaseKI67_0075.ndpi,Annotation (germinal_center),1.731
CaseKI67_0075.ndpi,Annotation (germinal_center),1.4454
CaseKI67_0075.ndpi,Annotation (germinal_center),0.0611
CaseKI67_0075.ndpi,Annotation (germinal_center),1.1905
CaseKI67_0075.ndpi,Annotation (germinal_center),0.2203
CaseKI67_0075.ndpi,Annotation (germinal_center),1.448
CaseKI67_0075.ndpi,Annotation (germinal_center),1.3747
CaseKI67_0075.ndpi,Annotation (germinal_center),0.9378
CaseKI67_0075.ndpi,Annotation (germinal_center),1.1538
CaseKI67_0075.ndpi,Annotation (germinal_center),0.075
CaseKI67_0075.ndpi,Annotation (germinal_center),0.6034
CaseKI67_0075.ndpi,Annotation (germinal_center),0.2447
CaseKI67_0075.ndpi,Annotation (germinal_center),1.4705
CaseKI67_0075.ndpi,Annotation (germinal_center),1.0612
CaseKI67_0075.ndpi,Annotation (germinal_center),0.0687
CaseKI67_0075.ndpi,Annotation (germinal_center),1.4762
CaseKI67_0075.ndpi,Annotation (germinal_center),0.7861
CaseKI67_0075.ndpi,Annotation (germinal_center),1.0346
CaseKI67_0075.ndpi,Annotation (germinal_center),1.1894
CaseKI67_0075.ndpi,Annotation (germinal_center),1.3425
CaseKI67_0075.ndpi,Annotation (germinal_center),0.0668
CaseKI67_0075.ndpi,Annotation (germinal_center),1.3891
CaseKI67_0075.ndpi,Annotation (germinal_center),1.2742
CaseKI67_0075.ndpi,Annotation (germinal_center),1.4886
CaseKI67_0075.ndpi,Annotation (germinal_center),1.2522
CaseKI67_0075.ndpi,Annotation (germinal_center),1.1631
CaseKI67_0075.ndpi,Annotation (germinal_center),1.0915
CaseKI67_0075.ndpi,Annotation (germinal_center),1.6214
CaseKI67_0075.ndpi,Annotation (germinal_center),1.6903
CaseKI67_0075.ndpi,Annotation (germinal_center),1.3124
CaseKI67_0075.ndpi,Annotation (germinal_center),1.446
CaseKI67_0075.ndpi,Annotation (germinal_center),1.4388
CaseKI67_0075.ndpi,Annotation (germinal_center),1.6035
CaseKI67_0075.ndpi,Annotation (germinal_center),1.6703
CaseKI67_0075.ndpi,Annotation (germinal_center),1.418
CaseKI67_0075.ndpi,Annotation (germinal_center),0.0694
CaseKI67_0075.ndpi,Annotation (germinal_center),1.5918
CaseKI67_0075.ndpi,Annotation (germinal_center),1.6802
CaseKI67_0075.ndpi,Annotation (germinal_center),1.3071
CaseKI67_0075.ndpi,Annotation (germinal_center),1.1627
CaseKI67_0075.ndpi,Annotation (germinal_center),1.0604
CaseKI67_0075.ndpi,Annotation (germinal_center),0.8508
CaseKI67_0075.ndpi,Annotation (germinal_center),1.5317
CaseKI67_0075.ndpi,Annotation (germinal_center),0.6704
CaseKI67_0075.ndpi,Annotation (germinal_center),0.1065
CaseKI67_0075.ndpi,Annotation (germinal_center),1.434
CaseKI67_0075.ndpi,Annotation (germinal_center),1.4906
CaseKI67_0075.ndpi,Annotation (germinal_center),1.3939
CaseKI67_0075.ndpi,Annotation (germinal_center),1.2261
CaseKI67_0075.ndpi,Annotation (germinal_center),1.1465
CaseKI67_0075.ndpi,Annotation (germinal_center),1.4902
CaseKI67_0075.ndpi,Annotation (germinal_center),0.972
CaseKI67_0075.ndpi,Annotation (germinal_center),1.451
CaseKI67_0075.ndpi,Annotation (germinal_center),1.3919
CaseKI67_0075.ndpi,Annotation (germinal_center),1.4568
CaseKI67_0075.ndpi,Annotation (germinal_center),1.4819
CaseKI67_0075.ndpi,Annotation (germinal_center),0.4516
CaseKI67_0075.ndpi,Annotation (germinal_center),1.7202
CaseKI67_0075.ndpi,Annotation (germinal_center),0.875
CaseKI67_0075.ndpi,Annotation (germinal_center),1.0942
CaseKI67_0075.ndpi,Annotation (germinal_center),0.6687
CaseKI67_0075.ndpi,Annotation (germinal_center),1.3549
CaseKI67_0075.ndpi,Annotation (germinal_center),1.1051
CaseKI67_0075.ndpi,Annotation (germinal_center),1.3775
CaseKI67_0075.ndpi,Annotation (germinal_center),0.6044
CaseKI67_0075.ndpi,Annotation (germinal_center),1.4569
CaseKI67_0075.ndpi,Annotation (germinal_center),0.7959
CaseKI67_0075.ndpi,Annotation (germinal_center),1.4425
CaseKI67_0075.ndpi,Annotation (germinal_center),1.3092
CaseKI67_0075.ndpi,Annotation (germinal_center),1.5183
CaseKI67_0075.ndpi,Annotation (germinal_center),1.3394
CaseKI67_0075.ndpi,Annotation (germinal_center),1.5912
CaseKI67_0075.ndpi,Annotation (germinal_center),1.0547
CaseKI67_0075.ndpi,Annotation (germinal_center),0.1041
CaseKI67_0075.ndpi,Annotation (germinal_center),1.2391
CaseKI67_0075.ndpi,Annotation (germinal_center),0.8512
CaseKI67_0075.ndpi,Annotation (germinal_center),1.4619
CaseKI67_0075.ndpi,Annotation (germinal_center),1.5422
CaseKI67_0075.ndpi,Annotation (germinal_center),0.627
CaseKI67_0075.ndpi,Annotation (germinal_center),1.7215
CaseKI67_0075.ndpi,Annotation (germinal_center),1.2289
CaseKI67_0075.ndpi,Annotation (germinal_center),0.0808
CaseKI67_0075.ndpi,Annotation (germinal_center),1.1871
CaseKI67_0075.ndpi,Annotation (germinal_center),1.3563
CaseKI67_0075.ndpi,Annotation (germinal_center),1.3775
CaseKI67_0075.ndpi,Annotation (germinal_center),1.5678
CaseKI67_0075.ndpi,Annotation (germinal_center),0.9808
CaseKI67_0075.ndpi,Annotation (germinal_center),1.2838
CaseKI67_0075.ndpi,Annotation (germinal_center),1.5375
CaseKI67_0075.ndpi,Annotation (germinal_center),1.5785
CaseKI67_0075.ndpi,Annotation (germinal_center),1.4748
CaseKI67_0075.ndpi,Annotation (germinal_center),1.3101
CaseKI67_0075.ndpi,Annotation (germinal_center),1.5096
CaseKI67_0075.ndpi,Annotation (germinal_center),0.066
CaseKI67_0075.ndpi,Annotation (germinal_center),1.2166
CaseKI67_0075.ndpi,Annotation (germinal_center),1.4228
CaseKI67_0075.ndpi,Annotation (germinal_center),1.2501
CaseKI67_0075.ndpi,Annotation (germinal_center),1.3066
CaseKI67_0075.ndpi,Annotation (germinal_center),0.1264
CaseKI67_0075.ndpi,Annotation (germinal_center),0.0494
CaseKI67_0075.ndpi,Annotation (germinal_center),1.049
CaseKI67_0075.ndpi,Annotation (germinal_center),0.9232
CaseKI67_0075.ndpi,Annotation (germinal_center),0.0774
CaseKI67_0075.ndpi,Annotation (germinal_center),0.0632
CaseKI67_0075.ndpi,Annotation (germinal_center),0.075
CaseKI67_0075.ndpi,Annotation (germinal_center),1.307
CaseKI67_0075.ndpi,Annotation (germinal_center),1.0505
CaseKI67_0075.ndpi,Annotation (germinal_center),1.0839
CaseKI67_0075.ndpi,Annotation (germinal_center),1.4171
CaseKI67_0075.ndpi,Annotation (germinal_center),1.4903
CaseKI67_0075.ndpi,Annotation (germinal_center),1.4765
CaseKI67_0075.ndpi,Annotation (germinal_center),1.2246
CaseKI67_0075.ndpi,Annotation (germinal_center),0.9099
CaseKI67_0075.ndpi,Annotation (germinal_center),1.4233
CaseKI67_0075.ndpi,Annotation (germinal_center),1.2742
CaseKI67_0075.ndpi,Annotation (germinal_center),1.358
CaseKI67_0075.ndpi,Annotation (germinal_center),1.2509
CaseKI67_0075.ndpi,Annotation (germinal_center),1.6277
CaseKI67_0075.ndpi,Annotation (germinal_center),1.2925
CaseKI67_0075.ndpi,Annotation (germinal_center),1.3439
CaseKI67_0075.ndpi,Annotation (germinal_center),1.2885
CaseKI67_0075.ndpi,Annotation (germinal_center),1.5558
CaseKI67_0075.ndpi,Annotation (germinal_center),1.5522
CaseKI67_0075.ndpi,Annotation (germinal_center),0.0688
CaseKI67_0075.ndpi,Annotation (germinal_center),1.5685
CaseKI67_0075.ndpi,Annotation (germinal_center),1.5413
CaseKI67_0075.ndpi,Annotation (germinal_center),1.153
CaseKI67_0075.ndpi,Annotation (germinal_center),1.2763
CaseKI67_0075.ndpi,Annotation (germinal_center),0.1501
CaseKI67_0075.ndpi,Annotation (germinal_center),1.375
CaseKI67_0075.ndpi,Annotation (germinal_center),1.2039
CaseKI67_0075.ndpi,Annotation (germinal_center),1.2764
CaseKI67_0075.ndpi,Annotation (germinal_center),1.8346
CaseKI67_0075.ndpi,Annotation (germinal_center),0.0845
CaseKI67_0075.ndpi,Annotation (germinal_center),1.29
CaseKI67_0075.ndpi,Annotation (germinal_center),1.6514
CaseKI67_0075.ndpi,Annotation (germinal_center),1.5742
CaseKI67_0075.ndpi,Annotation (germinal_center),0.0934
CaseKI67_0075.ndpi,Annotation (germinal_center),1.4002
CaseKI67_0075.ndpi,Annotation (germinal_center),1.4597
CaseKI67_0075.ndpi,Annotation (germinal_center),0.0826
CaseKI67_0075.ndpi,Annotation (germinal_center),1.2398
CaseKI67_0075.ndpi,Annotation (germinal_center),1.5274
CaseKI67_0075.ndpi,Annotation (germinal_center),1.6466
CaseKI67_0075.ndpi,Annotation (germinal_center),1.7123
CaseKI67_0075.ndpi,Annotation (germinal_center),1.2065
CaseKI67_0075.ndpi,Annotation (germinal_center),1.2873
CaseKI67_0075.ndpi,Annotation (germinal_center),1.4251
CaseKI67_0075.ndpi,Annotation (germinal_center),1.2542
CaseKI67_0075.ndpi,Annotation (germinal_center),0.8836
CaseKI67_0075.ndpi,Annotation (germinal_center),1.6103
CaseKI67_0075.ndpi,Annotation (germinal_center),1.6716
CaseKI67_0075.ndpi,Annotation (germinal_center),1.2783
CaseKI67_0075.ndpi,Annotation (germinal_center),1.42
CaseKI67_0075.ndpi,Annotation (germinal_center),1.1097
CaseKI67_0075.ndpi,Annotation (germinal_center),1.1184
CaseKI67_0075.ndpi,Annotation (germinal_center),1.5959
CaseKI67_0075.ndpi,Annotation (germinal_center),1.5531
CaseKI67_0075.ndpi,Annotation (germinal_center),1.3218
CaseKI67_0075.ndpi,Annotation (germinal_center),0.1443
CaseKI67_0075.ndpi,Annotation (germinal_center),1.573
CaseKI67_0075.ndpi,Annotation (germinal_center),0.9774
CaseKI67_0075.ndpi,Annotation (germinal_center),1.2924
CaseKI67_0075.ndpi,Annotation (germinal_center),1.1134
CaseKI67_0075.ndpi,Annotation (germinal_center),1.282
CaseKI67_0075.ndpi,Annotation (germinal_center),1.442
CaseKI67_0075.ndpi,Annotation (germinal_center),0.1384
CaseKI67_0075.ndpi,Annotation (germinal_center),1.472
CaseKI67_0075.ndpi,Annotation (germinal_center),1.7398
CaseKI67_0075.ndpi,Annotation (germinal_center),1.3791
CaseKI67_0075.ndpi,Annotation (germinal_center),1.2698
CaseKI67_0075.ndpi,Annotation (germinal_center),1.2148
CaseKI67_0075.ndpi,Annotation (germinal_center),1.5438
CaseKI67_0075.ndpi,Annotation (germinal_center),1.3973
CaseKI67_0075.ndpi,Annotation (germinal_center),1.617
CaseKI67_0075.ndpi,Annotation (germinal_center),1.4364
CaseKI67_0075.ndpi,Annotation (germinal_center),1.1445
CaseKI67_0075.ndpi,Annotation (germinal_center),1.5107
CaseKI67_0075.ndpi,Annotation (germinal_center),1.3573
CaseKI67_0075.ndpi,Annotation (germinal_center),1.1573
CaseKI67_0075.ndpi,Annotation (germinal_center),1.6358
CaseKI67_0075.ndpi,Annotation (germinal_center),1.1116
CaseKI67_0075.ndpi,Annotation (germinal_center),1.5949
CaseKI67_0075.ndpi,Annotation (germinal_center),1.5244
CaseKI67_0075.ndpi,Annotation (germinal_center),1.6442
CaseKI67_0075.ndpi,Annotation (germinal_center),1.3146
CaseKI67_0075.ndpi,Annotation (germinal_center),1.269
CaseKI67_0075.ndpi,Annotation (germinal_center),1.4449
CaseKI67_0075.ndpi,Annotation (germinal_center),1.345
CaseKI67_0075.ndpi,Annotation (germinal_center),1.461
CaseKI67_0075.ndpi,Annotation (germinal_center),1.4406
CaseKI67_0075.ndpi,Annotation (germinal_center),1.357
CaseKI67_0075.ndpi,Annotation (germinal_center),0.0806
CaseKI67_0075.ndpi,Annotation (germinal_center),1.1499
CaseKI67_0075.ndpi,Annotation (germinal_center),1.5112
CaseKI67_0075.ndpi,Annotation (germinal_center),1.4162
CaseKI67_0075.ndpi,Annotation (germinal_center),1.0711
CaseKI67_0075.ndpi,Annotation (germinal_center),0.9518
CaseKI67_0075.ndpi,Annotation (germinal_center),1.4959
CaseKI67_0075.ndpi,Annotation (germinal_center),1.2277
CaseKI67_0075.ndpi,Annotation (germinal_center),1.3495
CaseKI67_0075.ndpi,Annotation (germinal_center),1.3182
CaseKI67_0075.ndpi,Annotation (germinal_center),1.0748
CaseKI67_0075.ndpi,Annotation (germinal_center),1.9116
CaseKI67_0075.ndpi,Annotation (germinal_center),1.4542
CaseKI67_0075.ndpi,Annotation (germinal_center),1.475
CaseKI67_0075.ndpi,Annotation (germinal_center),1.046
CaseKI67_0075.ndpi,Annotation (germinal_center),1.5084
CaseKI67_0075.ndpi,Annotation (germinal_center),1.4444
CaseKI67_0075.ndpi,Annotation (germinal_center),1.5607
CaseKI67_0075.ndpi,Annotation (germinal_center),0.9465
CaseKI67_0075.ndpi,Annotation (germinal_center),1.4695
CaseKI67_0075.ndpi,Annotation (germinal_center),0.0568
CaseKI67_0075.ndpi,Annotation (germinal_center),1.2741
CaseKI67_0075.ndpi,Annotation (germinal_center),1.1016
CaseKI67_0075.ndpi,Annotation (germinal_center),1.4908
CaseKI67_0075.ndpi,Annotation (germinal_center),1.4229
CaseKI67_0075.ndpi,Annotation (germinal_center),1.6288
CaseKI67_0075.ndpi,Annotation (germinal_center),1.2793
CaseKI67_0075.ndpi,Annotation (germinal_center),1.4761
CaseKI67_0075.ndpi,Annotation (germinal_center),1.0532
CaseKI67_0075.ndpi,Annotation (germinal_center),1.3918
CaseKI67_0075.ndpi,Annotation (germinal_center),1.4304
CaseKI67_0075.ndpi,Annotation (germinal_center),1.5582
CaseKI67_0075.ndpi,Annotation (germinal_center),1.2933
CaseKI67_0075.ndpi,Annotation (germinal_center),1.3742
CaseKI67_0075.ndpi,Annotation (germinal_center),1.4097
CaseKI67_0075.ndpi,Annotation (germinal_center),1.1319
CaseKI67_0075.ndpi,Annotation (germinal_center),1.5907
CaseKI67_0075.ndpi,Annotation (germinal_center),1.6204
CaseKI67_0075.ndpi,Annotation (germinal_center),1.5213
CaseKI67_0075.ndpi,Annotation (germinal_center),1.5095
CaseKI67_0075.ndpi,Annotation (germinal_center),1.0716
CaseKI67_0075.ndpi,Annotation (germinal_center),1.694
CaseKI67_0075.ndpi,Annotation (germinal_center),1.5591
CaseKI67_0075.ndpi,Annotation (germinal_center),1.2302
CaseKI67_0075.ndpi,Annotation (germinal_center),1.1882
CaseKI67_0075.ndpi,Annotation (germinal_center),1.4186
CaseKI67_0075.ndpi,Annotation (germinal_center),1.2751
CaseKI67_0075.ndpi,Annotation (germinal_center),1.4895
CaseKI67_0075.ndpi,Annotation (germinal_center),1.4636
CaseKI67_0075.ndpi,Annotation (germinal_center),1.1201
CaseKI67_0075.ndpi,Annotation (germinal_center),1.3553
CaseKI67_0075.ndpi,Annotation (germinal_center),0.0547
CaseKI67_0075.ndpi,Annotation (germinal_center),1.0522
CaseKI67_0075.ndpi,Annotation (germinal_center),1.2244
CaseKI67_0075.ndpi,Annotation (germinal_center),1.2462
CaseKI67_0075.ndpi,Annotation (germinal_center),1.6686
CaseKI67_0075.ndpi,Annotation (germinal_center),1.475
CaseKI67_0075.ndpi,Annotation (germinal_center),1.2337
CaseKI67_0075.ndpi,Annotation (germinal_center),1.6872
CaseKI67_0075.ndpi,Annotation (germinal_center),1.4426
CaseKI67_0075.ndpi,Annotation (germinal_center),1.3395
CaseKI67_0075.ndpi,Annotation (germinal_center),1.0201
CaseKI67_0075.ndpi,Annotation (germinal_center),1.2239
CaseKI67_0075.ndpi,Annotation (germinal_center),1.5605
CaseKI67_0075.ndpi,Annotation (germinal_center),1.2566
CaseKI67_0075.ndpi,Annotation (germinal_center),1.7157
CaseKI67_0075.ndpi,Annotation (germinal_center),1.7043
CaseKI67_0075.ndpi,Annotation (germinal_center),1.5062
CaseKI67_0075.ndpi,Annotation (germinal_center),1.3174
CaseKI67_0075.ndpi,Annotation (germinal_center),1.5314
CaseKI67_0075.ndpi,Annotation (germinal_center),1.1029
CaseKI67_0075.ndpi,Annotation (germinal_center),1.1757
CaseKI67_0075.ndpi,Annotation (germinal_center),0.1978
CaseKI67_0075.ndpi,Annotation (germinal_center),0.0931
CaseKI67_0075.ndpi,Annotation (germinal_center),1.0226
CaseKI67_0075.ndpi,Annotation (germinal_center),1.0979
CaseKI67_0075.ndpi,Annotation (germinal_center),1.5875
CaseKI67_0075.ndpi,Annotation (germinal_center),1.0799
CaseKI67_0075.ndpi,Annotation (germinal_center),1.3795
CaseKI67_0075.ndpi,Annotation (germinal_center),1.0513
CaseKI67_0075.ndpi,Annotation (germinal_center),1.3046
CaseKI67_0075.ndpi,Annotation (germinal_center),1.2618
CaseKI67_0075.ndpi,Annotation (germinal_center),1.2903
CaseKI67_0075.ndpi,Annotation (germinal_center),1.5829
CaseKI67_0075.ndpi,Annotation (germinal_center),0.0724
CaseKI67_0075.ndpi,Annotation (germinal_center),1.6314
CaseKI67_0075.ndpi,Annotation (germinal_center),1.561
CaseKI67_0075.ndpi,Annotation (germinal_center),1.6798
CaseKI67_0075.ndpi,Annotation (germinal_center),1.1625
CaseKI67_0075.ndpi,Annotation (germinal_center),1.1734
CaseKI67_0075.ndpi,Annotation (germinal_center),1.4776
CaseKI67_0075.ndpi,Annotation (germinal_center),1.2547
CaseKI67_0075.ndpi,Annotation (germinal_center),1.7637
CaseKI67_0075.ndpi,Annotation (germinal_center),1.4676
CaseKI67_0075.ndpi,Annotation (germinal_center),1.3391
CaseKI67_0075.ndpi,Annotation (germinal_center),1.3551
CaseKI67_0075.ndpi,Annotation (germinal_center),1.0879
CaseKI67_0075.ndpi,Annotation (germinal_center),1.0813
CaseKI67_0075.ndpi,Annotation (germinal_center),1.3006
CaseKI67_0075.ndpi,Annotation (germinal_center),1.2511
CaseKI67_0075.ndpi,Annotation (germinal_center),1.3233
CaseKI67_0075.ndpi,Annotation (germinal_center),1.5488
CaseKI67_0075.ndpi,Annotation (germinal_center),1.3149
CaseKI67_0075.ndpi,Annotation (germinal_center),0.9886
CaseKI67_0075.ndpi,Annotation (germinal_center),1.3612
CaseKI67_0075.ndpi,Annotation (germinal_center),1.3072
CaseKI67_0075.ndpi,Annotation (germinal_center),1.3266
CaseKI67_0075.ndpi,Annotation (germinal_center),1.5688
CaseKI67_0075.ndpi,Annotation (germinal_center),1.4068
CaseKI67_0075.ndpi,Annotation (germinal_center),1.2054
CaseKI67_0075.ndpi,Annotation (germinal_center),1.3358
CaseKI67_0075.ndpi,Annotation (germinal_center),0.9676
CaseKI67_0075.ndpi,Annotation (germinal_center),1.5261
CaseKI67_0075.ndpi,Annotation (germinal_center),1.4716
CaseKI67_0075.ndpi,Annotation (germinal_center),1.3065
CaseKI67_0075.ndpi,Annotation (germinal_center),0.5842
CaseKI67_0075.ndpi,Annotation (germinal_center),1.2974
CaseKI67_0075.ndpi,Annotation (germinal_center),1.259
CaseKI67_0075.ndpi,Annotation (germinal_center),1.1728
CaseKI67_0075.ndpi,Annotation (germinal_center),1.2489
CaseKI67_0075.ndpi,Annotation (germinal_center),0.9133
CaseKI67_0075.ndpi,Annotation (germinal_center),1.4524
CaseKI67_0075.ndpi,Annotation (germinal_center),1.3661
CaseKI67_0075.ndpi,Annotation (germinal_center),1.5173
CaseKI67_0075.ndpi,Annotation (germinal_center),1.3747
CaseKI67_0075.ndpi,Annotation (germinal_center),0.8182
CaseKI67_0075.ndpi,Annotation (germinal_center),1.3841
CaseKI67_0075.ndpi,Annotation (germinal_center),1.3448
CaseKI67_0075.ndpi,Annotation (germinal_center),1.5939
CaseKI67_0075.ndpi,Annotation (germinal_center),1.592
CaseKI67_0075.ndpi,Annotation (germinal_center),1.6787
CaseKI67_0075.ndpi,Annotation (germinal_center),1.3562
CaseKI67_0075.ndpi,Annotation (germinal_center),1.5599
CaseKI67_0075.ndpi,Annotation (germinal_center),1.4934
CaseKI67_0075.ndpi,Annotation (germinal_center),1.646
CaseKI67_0075.ndpi,Annotation (germinal_center),1.5037
CaseKI67_0075.ndpi,Annotation (germinal_center),1.7703
CaseKI67_0075.ndpi,Annotation (germinal_center),1.3007
CaseKI67_0075.ndpi,Annotation (germinal_center),1.3281
CaseKI67_0075.ndpi,Annotation (germinal_center),1.4423
CaseKI67_0075.ndpi,Annotation (germinal_center),1.4034
CaseKI67_0075.ndpi,Annotation (germinal_center),1.6136
CaseKI67_0075.ndpi,Annotation (germinal_center),1.6212
CaseKI67_0075.ndpi,Annotation (germinal_center),1.5627
CaseKI67_0075.ndpi,Annotation (germinal_center),1.4143
CaseKI67_0075.ndpi,Annotation (germinal_center),1.2549
CaseKI67_0075.ndpi,Annotation (germinal_center),1.6694
CaseKI67_0075.ndpi,Annotation (germinal_center),1.3225
CaseKI67_0075.ndpi,Annotation (germinal_center),1.1522
CaseKI67_0075.ndpi,Annotation (germinal_center),1.0144
CaseKI67_0075.ndpi,Annotation (germinal_center),0.9701
CaseKI67_0075.ndpi,Annotation (germinal_center),1.2
CaseKI67_0075.ndpi,Annotation (germinal_center),1.2655
CaseKI67_0075.ndpi,Annotation (germinal_center),0.1295
CaseKI67_0075.ndpi,Annotation (germinal_center),1.4491
CaseKI67_0075.ndpi,Annotation (germinal_center),1.886
CaseKI67_0075.ndpi,Annotation (germinal_center),0.5149
CaseKI67_0075.ndpi,Annotation (germinal_center),1.8218
CaseKI67_0075.ndpi,Annotation (germinal_center),1.7818
CaseKI67_0075.ndpi,Annotation (germinal_center),0.8637
CaseKI67_0075.ndpi,Annotation (germinal_center),1.1155
CaseKI67_0075.ndpi,Annotation (germinal_center),1.8206
CaseKI67_0075.ndpi,Annotation (germinal_center),0.9172
CaseKI67_0075.ndpi,Annotation (germinal_center),1.3247
CaseKI67_0075.ndpi,Annotation (germinal_center),1.1206
CaseKI67_0075.ndpi,Annotation (germinal_center),1.4553
CaseKI67_0075.ndpi,Annotation (germinal_center),1.6508
CaseKI67_0075.ndpi,Annotation (germinal_center),1.4015
CaseKI67_0075.ndpi,Annotation (germinal_center),1.7368
CaseKI67_0075.ndpi,Annotation (germinal_center),1.7245
CaseKI67_0075.ndpi,Annotation (germinal_center),1.2288
CaseKI67_0075.ndpi,Annotation (germinal_center),1.3599
CaseKI67_0075.ndpi,Annotation (germinal_center),1.1758
CaseKI67_0075.ndpi,Annotation (germinal_center),1.7091
CaseKI67_0075.ndpi,Annotation (germinal_center),0.9296
CaseKI67_0075.ndpi,Annotation (germinal_center),1.6298
CaseKI67_0075.ndpi,Annotation (germinal_center),1.5729
CaseKI67_0075.ndpi,Annotation (germinal_center),1.3177
CaseKI67_0075.ndpi,Annotation (germinal_center),1.5329
CaseKI67_0075.ndpi,Annotation (germinal_center),1.2702
CaseKI67_0075.ndpi,Annotation (germinal_center),1.5694
CaseKI67_0075.ndpi,Annotation (germinal_center),1.4272
CaseKI67_0075.ndpi,Annotation (germinal_center),0.7788
CaseKI67_0075.ndpi,Annotation (germinal_center),1.6759
CaseKI67_0075.ndpi,Annotation (germinal_center),1.5323
CaseKI67_0075.ndpi,Annotation (germinal_center),0.0774
CaseKI67_0075.ndpi,Annotation (germinal_center),1.263
CaseKI67_0075.ndpi,Annotation (germinal_center),1.6036
CaseKI67_0075.ndpi,Annotation (germinal_center),1.0874
CaseKI67_0075.ndpi,Annotation (germinal_center),0.1084
CaseKI67_0075.ndpi,Annotation (germinal_center),1.3296
CaseKI67_0075.ndpi,Annotation (germinal_center),1.6745
CaseKI67_0075.ndpi,Annotation (germinal_center),1.7288
CaseKI67_0075.ndpi,Annotation (germinal_center),1.2405
CaseKI67_0075.ndpi,Annotation (germinal_center),1.0423
CaseKI67_0075.ndpi,Annotation (germinal_center),1.5526
CaseKI67_0075.ndpi,Annotation (germinal_center),1.4752
CaseKI67_0075.ndpi,Annotation (germinal_center),1.4273
CaseKI67_0075.ndpi,Annotation (germinal_center),1.2718
CaseKI67_0075.ndpi,Annotation (germinal_center),1.1313
CaseKI67_0075.ndpi,Annotation (germinal_center),1.3211
CaseKI67_0075.ndpi,Annotation (germinal_center),1.455
CaseKI67_0075.ndpi,Annotation (germinal_center),1.4913
CaseKI67_0075.ndpi,Annotation (germinal_center),1.1643
CaseKI67_0075.ndpi,Annotation (germinal_center),1.5345
CaseKI67_0075.ndpi,Annotation (germinal_center),0.8934
CaseKI67_0075.ndpi,Annotation (germinal_center),1.5004
CaseKI67_0075.ndpi,Annotation (germinal_center),1.4149
CaseKI67_0075.ndpi,Annotation (germinal_center),1.3777
CaseKI67_0075.ndpi,Annotation (germinal_center),1.5115
CaseKI67_0075.ndpi,Annotation (germinal_center),1.4711
CaseKI67_0075.ndpi,Annotation (germinal_center),1.5005
CaseKI67_0075.ndpi,Annotation (germinal_center),1.5911
CaseKI67_0075.ndpi,Annotation (germinal_center),1.3491
CaseKI67_0075.ndpi,Annotation (germinal_center),1.3401
CaseKI67_0075.ndpi,Annotation (germinal_center),1.3409
CaseKI67_0075.ndpi,Annotation (germinal_center),1.2861
CaseKI67_0075.ndpi,Annotation (germinal_center),0.9159
CaseKI67_0075.ndpi,Annotation (germinal_center),1.5071
CaseKI67_0075.ndpi,Annotation (germinal_center),1.3719
CaseKI67_0075.ndpi,Annotation (germinal_center),1.349
CaseKI67_0075.ndpi,Annotation (germinal_center),1.4168
CaseKI67_0075.ndpi,Annotation (germinal_center),1.2578
CaseKI67_0075.ndpi,Annotation (germinal_center),1.3469
CaseKI67_0075.ndpi,Annotation (germinal_center),1.4396
CaseKI67_0075.ndpi,Annotation (germinal_center),1.323
CaseKI67_0075.ndpi,Annotation (germinal_center),0.9014
CaseKI67_0075.ndpi,Annotation (germinal_center),1.3946
CaseKI67_0075.ndpi,Annotation (germinal_center),1.0645
CaseKI67_0075.ndpi,Annotation (germinal_center),0.9998
CaseKI67_0075.ndpi,Annotation (germinal_center),1.3458
CaseKI67_0075.ndpi,Annotation (germinal_center),1.5136
CaseKI67_0075.ndpi,Annotation (germinal_center),1.6251
CaseKI67_0075.ndpi,Annotation (germinal_center),1.4611
CaseKI67_0075.ndpi,Annotation (germinal_center),1.371
CaseKI67_0075.ndpi,Annotation (germinal_center),1.1841
CaseKI67_0075.ndpi,Annotation (germinal_center),1.5325
CaseKI67_0075.ndpi,Annotation (germinal_center),0.0777
CaseKI67_0075.ndpi,Annotation (germinal_center),1.0907
CaseKI67_0075.ndpi,Annotation (germinal_center),0.7738
CaseKI67_0075.ndpi,Annotation (germinal_center),1.5197
CaseKI67_0075.ndpi,Annotation (germinal_center),1.9619
CaseKI67_0075.ndpi,Annotation (germinal_center),0.1323
CaseKI67_0075.ndpi,Annotation (germinal_center),1.2596
CaseKI67_0075.ndpi,Annotation (germinal_center),0.0718
CaseKI67_0075.ndpi,Annotation (germinal_center),0.0821
CaseKI67_0075.ndpi,Annotation (germinal_center),0.4044
CaseKI67_0075.ndpi,Annotation (germinal_center),0.0659
CaseKI67_0075.ndpi,Annotation (germinal_center),0.0417
CaseKI67_0075.ndpi,Annotation (germinal_center),0.6205
CaseKI67_0075.ndpi,Annotation (germinal_center),0.0758
CaseKI67_0075.ndpi,Annotation (germinal_center),0.9451
CaseKI67_0075.ndpi,Annotation (germinal_center),1.474
CaseKI67_0075.ndpi,Annotation (germinal_center),0.1401
CaseKI67_0075.ndpi,Annotation (germinal_center),0.4649
CaseKI67_0075.ndpi,Annotation (germinal_center),0.6532
CaseKI67_0075.ndpi,Annotation (germinal_center),0.6227
CaseKI67_0075.ndpi,Annotation (germinal_center),0.4568
CaseKI67_0075.ndpi,Annotation (germinal_center),0.0973
CaseKI67_0075.ndpi,Annotation (germinal_center),0.9884
CaseKI67_0075.ndpi,Annotation (germinal_center),1.4448
CaseKI67_0075.ndpi,Annotation (germinal_center),0.1766
CaseKI67_0075.ndpi,Annotation (germinal_center),1.1906
CaseKI67_0075.ndpi,Annotation (germinal_center),0.8121
CaseKI67_0075.ndpi,Annotation (germinal_center),1.1844
CaseKI67_0075.ndpi,Annotation (germinal_center),1.6044
CaseKI67_0075.ndpi,Annotation (germinal_center),0.1956
CaseKI67_0075.ndpi,Annotation (germinal_center),1.0488
CaseKI67_0075.ndpi,Annotation (germinal_center),1.1111
CaseKI67_0075.ndpi,Annotation (germinal_center),1.416
CaseKI67_0075.ndpi,Annotation (germinal_center),0.0679
CaseKI67_0075.ndpi,Annotation (germinal_center),0.8991
CaseKI67_0075.ndpi,Annotation (germinal_center),0.8952
CaseKI67_0075.ndpi,Annotation (germinal_center),0.2831
CaseKI67_0075.ndpi,Annotation (germinal_center),0.5366
CaseKI67_0075.ndpi,Annotation (germinal_center),1.4742
CaseKI67_0075.ndpi,Annotation (germinal_center),0.4003
CaseKI67_0075.ndpi,Annotation (germinal_center),1.2439
CaseKI67_0075.ndpi,Annotation (germinal_center),0.3625
CaseKI67_0075.ndpi,Annotation (germinal_center),0.5602
CaseKI67_0075.ndpi,Annotation (germinal_center),0.9284
CaseKI67_0075.ndpi,Annotation (germinal_center),0.7407
CaseKI67_0075.ndpi,Annotation (germinal_center),0.1419
CaseKI67_0075.ndpi,Annotation (germinal_center),0.0958
CaseKI67_0075.ndpi,Annotation (germinal_center),1.5055
CaseKI67_0075.ndpi,Annotation (germinal_center),1.6351
CaseKI67_0075.ndpi,Annotation (germinal_center),0.2115
CaseKI67_0075.ndpi,Annotation (germinal_center),0.6675
CaseKI67_0075.ndpi,Annotation (germinal_center),1.1441
CaseKI67_0075.ndpi,Annotation (germinal_center),1.7117
CaseKI67_0075.ndpi,Annotation (germinal_center),1.5914
CaseKI67_0075.ndpi,Annotation (germinal_center),1.306
CaseKI67_0075.ndpi,Annotation (germinal_center),1.2942
CaseKI67_0075.ndpi,Annotation (germinal_center),1.3534
CaseKI67_0075.ndpi,Annotation (germinal_center),1.2559
CaseKI67_0075.ndpi,Annotation (germinal_center),1.2675
CaseKI67_0075.ndpi,Annotation (germinal_center),0.3464
CaseKI67_0075.ndpi,Annotation (germinal_center),1.2274
CaseKI67_0075.ndpi,Annotation (germinal_center),1.6026
CaseKI67_0075.ndpi,Annotation (germinal_center),0.1116
CaseKI67_0075.ndpi,Annotation (germinal_center),1.1369
CaseKI67_0075.ndpi,Annotation (germinal_center),1.5547
CaseKI67_0075.ndpi,Annotation (germinal_center),0.4109
CaseKI67_0075.ndpi,Annotation (germinal_center),1.0922
CaseKI67_0075.ndpi,Annotation (germinal_center),0.9745
CaseKI67_0075.ndpi,Annotation (germinal_center),1.4229
CaseKI67_0075.ndpi,Annotation (germinal_center),1.2514
CaseKI67_0075.ndpi,Annotation (germinal_center),1.1475
CaseKI67_0075.ndpi,Annotation (germinal_center),1.3987
CaseKI67_0075.ndpi,Annotation (germinal_center),1.3129
CaseKI67_0075.ndpi,Annotation (germinal_center),1.3944
CaseKI67_0075.ndpi,Annotation (germinal_center),1.4359
CaseKI67_0075.ndpi,Annotation (germinal_center),1.2431
CaseKI67_0075.ndpi,Annotation (germinal_center),1.1385
CaseKI67_0075.ndpi,Annotation (germinal_center),1.1575
CaseKI67_0075.ndpi,Annotation (germinal_center),1.2011
CaseKI67_0075.ndpi,Annotation (germinal_center),1.1806
CaseKI67_0075.ndpi,Annotation (germinal_center),1.6423
CaseKI67_0075.ndpi,Annotation (germinal_center),1.197
CaseKI67_0075.ndpi,Annotation (germinal_center),1.4268
CaseKI67_0075.ndpi,Annotation (germinal_center),0.983
CaseKI67_0075.ndpi,Annotation (germinal_center),0.3811
CaseKI67_0075.ndpi,Annotation (germinal_center),0.0806
CaseKI67_0075.ndpi,Annotation (germinal_center),0.9404
CaseKI67_0075.ndpi,Annotation (germinal_center),1.1097
CaseKI67_0075.ndpi,Annotation (germinal_center),1.3657
CaseKI67_0075.ndpi,Annotation (germinal_center),0.2047
CaseKI67_0075.ndpi,Annotation (germinal_center),0.544
CaseKI67_0075.ndpi,Annotation (germinal_center),1.1841
CaseKI67_0075.ndpi,Annotation (germinal_center),0.1597
CaseKI67_0075.ndpi,Annotation (germinal_center),0.0997
CaseKI67_0075.ndpi,Annotation (germinal_center),1.1211
CaseKI67_0075.ndpi,Annotation (germinal_center),1.3538
CaseKI67_0075.ndpi,Annotation (germinal_center),1.3525
CaseKI67_0075.ndpi,Annotation (germinal_center),1.3038
CaseKI67_0075.ndpi,Annotation (germinal_center),1.0498
CaseKI67_0075.ndpi,Annotation (germinal_center),1.1121
CaseKI67_0075.ndpi,Annotation (germinal_center),1.1899
CaseKI67_0075.ndpi,Annotation (germinal_center),0.7359
CaseKI67_0075.ndpi,Annotation (germinal_center),0.3095
CaseKI67_0075.ndpi,Annotation (germinal_center),1.5618
CaseKI67_0075.ndpi,Annotation (germinal_center),1.1343
CaseKI67_0075.ndpi,Annotation (germinal_center),1.2667
CaseKI67_0075.ndpi,Annotation (germinal_center),0.8962
CaseKI67_0075.ndpi,Annotation (germinal_center),0.7078
CaseKI67_0075.ndpi,Annotation (germinal_center),1.3814
CaseKI67_0075.ndpi,Annotation (germinal_center),1.2494
CaseKI67_0075.ndpi,Annotation (germinal_center),1.1387
CaseKI67_0075.ndpi,Annotation (germinal_center),0.1157
CaseKI67_0075.ndpi,Annotation (germinal_center),1.1246
CaseKI67_0075.ndpi,Annotation (germinal_center),1.1279
CaseKI67_0075.ndpi,Annotation (germinal_center),1.0026
CaseKI67_0075.ndpi,Annotation (germinal_center),0.9883
CaseKI67_0075.ndpi,Annotation (germinal_center),0.9614
CaseKI67_0075.ndpi,Annotation (germinal_center),1.0351
CaseKI67_0075.ndpi,Annotation (germinal_center),1.2772
CaseKI67_0075.ndpi,Annotation (germinal_center),0.6386
CaseKI67_0075.ndpi,Annotation (germinal_center),0.6406
CaseKI67_0075.ndpi,Annotation (germinal_center),1.0608
CaseKI67_0075.ndpi,Annotation (germinal_center),1.0215
CaseKI67_0075.ndpi,Annotation (germinal_center),1.1345
CaseKI67_0075.ndpi,Annotation (germinal_center),1.5253
CaseKI67_0075.ndpi,Annotation (germinal_center),1.172
CaseKI67_0075.ndpi,Annotation (germinal_center),1.2115
CaseKI67_0075.ndpi,Annotation (germinal_center),0.3691
CaseKI67_0075.ndpi,Annotation (germinal_center),1.3728
CaseKI67_0075.ndpi,Annotation (germinal_center),1.1143
CaseKI67_0075.ndpi,Annotation (germinal_center),0.6902
CaseKI67_0075.ndpi,Annotation (germinal_center),1.0247
CaseKI67_0075.ndpi,Annotation (germinal_center),1.1214
CaseKI67_0075.ndpi,Annotation (germinal_center),1.2728
CaseKI67_0075.ndpi,Annotation (germinal_center),1.4511
CaseKI67_0075.ndpi,Annotation (germinal_center),0.3144
CaseKI67_0075.ndpi,Annotation (germinal_center),1.1581
CaseKI67_0075.ndpi,Annotation (germinal_center),0.1774
CaseKI67_0075.ndpi,Annotation (germinal_center),0.9545
CaseKI67_0075.ndpi,Annotation (germinal_center),1.333
CaseKI67_0075.ndpi,Annotation (germinal_center),1.2107
CaseKI67_0075.ndpi,Annotation (germinal_center),1.0339
CaseKI67_0075.ndpi,Annotation (germinal_center),0.9415
CaseKI67_0075.ndpi,Annotation (germinal_center),1.1723
CaseKI67_0075.ndpi,Annotation (germinal_center),0.9388
CaseKI67_0075.ndpi,Annotation (germinal_center),0.0587
CaseKI67_0075.ndpi,Annotation (germinal_center),0.8048
CaseKI67_0075.ndpi,Annotation (germinal_center),1.1643
CaseKI67_0075.ndpi,Annotation (germinal_center),0.0699
CaseKI67_0075.ndpi,Annotation (germinal_center),1.1991
CaseKI67_0075.ndpi,Annotation (germinal_center),0.5204
CaseKI67_0075.ndpi,Annotation (germinal_center),0.0805
CaseKI67_0075.ndpi,Annotation (germinal_center),0.7718
CaseKI67_0075.ndpi,Annotation (germinal_center),1.2742
CaseKI67_0075.ndpi,Annotation (germinal_center),1.355
CaseKI67_0075.ndpi,Annotation (germinal_center),1.5355
CaseKI67_0075.ndpi,Annotation (germinal_center),0.0629
CaseKI67_0075.ndpi,Annotation (germinal_center),1.4066
CaseKI67_0075.ndpi,Annotation (germinal_center),0.6875
CaseKI67_0075.ndpi,Annotation (germinal_center),1.1756
CaseKI67_0075.ndpi,Annotation (germinal_center),1.2126
CaseKI67_0075.ndpi,Annotation (germinal_center),1.2243
CaseKI67_0075.ndpi,Annotation (germinal_center),0.9868
CaseKI67_0075.ndpi,Annotation (germinal_center),0.1353
CaseKI67_0075.ndpi,Annotation (germinal_center),0.0653
CaseKI67_0075.ndpi,Annotation (germinal_center),1.2001
CaseKI67_0075.ndpi,Annotation (germinal_center),0.7958
CaseKI67_0075.ndpi,Annotation (germinal_center),1.0571
CaseKI67_0075.ndpi,Annotation (germinal_center),1.2132
CaseKI67_0075.ndpi,Annotation (germinal_center),0.086
CaseKI67_0075.ndpi,Annotation (germinal_center),0.6377
CaseKI67_0075.ndpi,Annotation (germinal_center),1.0523
CaseKI67_0075.ndpi,Annotation (germinal_center),0.1954
CaseKI67_0075.ndpi,Annotation (germinal_center),0.7201
CaseKI67_0075.ndpi,Annotation (germinal_center),0.806
CaseKI67_0075.ndpi,Annotation (germinal_center),0.0606
CaseKI67_0075.ndpi,Annotation (germinal_center),1.1329
CaseKI67_0075.ndpi,Annotation (germinal_center),1.3944
CaseKI67_0075.ndpi,Annotation (germinal_center),0.6683
CaseKI67_0075.ndpi,Annotation (germinal_center),0.0767
CaseKI67_0075.ndpi,Annotation (germinal_center),0.1113
CaseKI67_0075.ndpi,Annotation (germinal_center),0.3938
CaseKI67_0075.ndpi,Annotation (germinal_center),0.0996
CaseKI67_0075.ndpi,Annotation (germinal_center),1.6149
CaseKI67_0075.ndpi,Annotation (germinal_center),1.6224
CaseKI67_0075.ndpi,Annotation (germinal_center),0.0645
CaseKI67_0075.ndpi,Annotation (germinal_center),0.7841
CaseKI67_0075.ndpi,Annotation (germinal_center),1.3166
CaseKI67_0075.ndpi,Annotation (germinal_center),1.3954
CaseKI67_0075.ndpi,Annotation (germinal_center),1.5465
CaseKI67_0075.ndpi,Annotation (germinal_center),0.0603
CaseKI67_0075.ndpi,Annotation (germinal_center),1.3344
CaseKI67_0075.ndpi,Annotation (germinal_center),1.0006
CaseKI67_0075.ndpi,Annotation (germinal_center),0.8775
CaseKI67_0075.ndpi,Annotation (germinal_center),1.2557
CaseKI67_0075.ndpi,Annotation (germinal_center),1.2721
CaseKI67_0075.ndpi,Annotation (germinal_center),0.0819
CaseKI67_0075.ndpi,Annotation (germinal_center),0.3079
CaseKI67_0075.ndpi,Annotation (germinal_center),1.0808
CaseKI67_0075.ndpi,Annotation (germinal_center),0.0938
CaseKI67_0075.ndpi,Annotation (germinal_center),1.5438
CaseKI67_0075.ndpi,Annotation (germinal_center),1.4257
CaseKI67_0075.ndpi,Annotation (germinal_center),1.2597
CaseKI67_0075.ndpi,Annotation (germinal_center),1.1462
CaseKI67_0075.ndpi,Annotation (germinal_center),0.9816
CaseKI67_0075.ndpi,Annotation (germinal_center),0.0797
CaseKI67_0075.ndpi,Annotation (germinal_center),0.2128
CaseKI67_0075.ndpi,Annotation (germinal_center),1.1031
CaseKI67_0075.ndpi,Annotation (germinal_center),0.9303
CaseKI67_0075.ndpi,Annotation (germinal_center),0.0941
CaseKI67_0075.ndpi,Annotation (germinal_center),0.4092
CaseKI67_0075.ndpi,Annotation (germinal_center),1.6594
CaseKI67_0075.ndpi,Annotation (germinal_center),0.9947
CaseKI67_0075.ndpi,Annotation (germinal_center),0.934
CaseKI67_0075.ndpi,Annotation (germinal_center),0.8596
CaseKI67_0075.ndpi,Annotation (germinal_center),0.7385
CaseKI67_0075.ndpi,Annotation (germinal_center),0.4947
CaseKI67_0075.ndpi,Annotation (germinal_center),0.9354
CaseKI67_0075.ndpi,Annotation (germinal_center),1.0878
CaseKI67_0075.ndpi,Annotation (germinal_center),0.1787
CaseKI67_0075.ndpi,Annotation (germinal_center),0.1793
CaseKI67_0075.ndpi,Annotation (germinal_center),1.0589
CaseKI67_0075.ndpi,Annotation (germinal_center),1.1768
CaseKI67_0075.ndpi,Annotation (germinal_center),1.1092
CaseKI67_0075.ndpi,Annotation (germinal_center),0.0729
CaseKI67_0075.ndpi,Annotation (germinal_center),1.0791
CaseKI67_0075.ndpi,Annotation (germinal_center),1.2489
CaseKI67_0075.ndpi,Annotation (germinal_center),1.3332
CaseKI67_0075.ndpi,Annotation (germinal_center),1.3425
CaseKI67_0075.ndpi,Annotation (germinal_center),1.0207
CaseKI67_0075.ndpi,Annotation (germinal_center),1.2014
CaseKI67_0075.ndpi,Annotation (germinal_center),0.4759
CaseKI67_0075.ndpi,Annotation (germinal_center),0.7761
CaseKI67_0075.ndpi,Annotation (germinal_center),1.2544
CaseKI67_0075.ndpi,Annotation (germinal_center),1.3121
CaseKI67_0075.ndpi,Annotation (germinal_center),1.2104
CaseKI67_0075.ndpi,Annotation (germinal_center),1.1775
CaseKI67_0075.ndpi,Annotation (germinal_center),1.2352
CaseKI67_0075.ndpi,Annotation (germinal_center),1.168
CaseKI67_0075.ndpi,Annotation (germinal_center),0.9843
CaseKI67_0075.ndpi,Annotation (germinal_center),0.5957
CaseKI67_0075.ndpi,Annotation (germinal_center),1.0038
CaseKI67_0075.ndpi,Annotation (germinal_center),0.0553
CaseKI67_0075.ndpi,Annotation (germinal_center),1.2766
CaseKI67_0075.ndpi,Annotation (germinal_center),1.198
CaseKI67_0075.ndpi,Annotation (germinal_center),1.135
CaseKI67_0075.ndpi,Annotation (germinal_center),0.9531
CaseKI67_0075.ndpi,Annotation (germinal_center),1.1061
CaseKI67_0075.ndpi,Annotation (germinal_center),1.0053
CaseKI67_0075.ndpi,Annotation (germinal_center),1.1563
CaseKI67_0075.ndpi,Annotation (germinal_center),0.8276
CaseKI67_0075.ndpi,Annotation (germinal_center),0.4299
CaseKI67_0075.ndpi,Annotation (germinal_center),1.1505
CaseKI67_0075.ndpi,Annotation (germinal_center),0.9117
CaseKI67_0075.ndpi,Annotation (germinal_center),1.0066
CaseKI67_0075.ndpi,Annotation (germinal_center),0.8817
CaseKI67_0075.ndpi,Annotation (germinal_center),1.3218
CaseKI67_0075.ndpi,Annotation (germinal_center),0.8609
CaseKI67_0075.ndpi,Annotation (germinal_center),0.0835
CaseKI67_0075.ndpi,Annotation (germinal_center),0.78
CaseKI67_0075.ndpi,Annotation (germinal_center),0.9996
CaseKI67_0075.ndpi,Annotation (germinal_center),1.3038
CaseKI67_0075.ndpi,Annotation (germinal_center),0.8565
CaseKI67_0075.ndpi,Annotation (germinal_center),1.1731
CaseKI67_0075.ndpi,Annotation (germinal_center),0.3565
CaseKI67_0075.ndpi,Annotation (germinal_center),1.4725
CaseKI67_0075.ndpi,Annotation (germinal_center),1.4369
CaseKI67_0075.ndpi,Annotation (germinal_center),1.0861
CaseKI67_0075.ndpi,Annotation (germinal_center),1.1864
CaseKI67_0075.ndpi,Annotation (germinal_center),1.2575
CaseKI67_0075.ndpi,Annotation (germinal_center),0.4332
CaseKI67_0075.ndpi,Annotation (germinal_center),1.4594
CaseKI67_0075.ndpi,Annotation (germinal_center),0.8225
CaseKI67_0075.ndpi,Annotation (germinal_center),1.4479
CaseKI67_0075.ndpi,Annotation (germinal_center),1.2803
CaseKI67_0075.ndpi,Annotation (germinal_center),1.3349
CaseKI67_0075.ndpi,Annotation (germinal_center),1.3781
CaseKI67_0075.ndpi,Annotation (germinal_center),0.8716
CaseKI67_0075.ndpi,Annotation (germinal_center),1.5451
CaseKI67_0075.ndpi,Annotation (germinal_center),0.9248
CaseKI67_0075.ndpi,Annotation (germinal_center),0.6905
CaseKI67_0075.ndpi,Annotation (germinal_center),1.2216
CaseKI67_0075.ndpi,Annotation (germinal_center),1.4595
CaseKI67_0075.ndpi,Annotation (germinal_center),1.2336
CaseKI67_0075.ndpi,Annotation (germinal_center),1.2604
CaseKI67_0075.ndpi,Annotation (germinal_center),0.6263
CaseKI67_0075.ndpi,Annotation (germinal_center),1.0425
CaseKI67_0075.ndpi,Annotation (germinal_center),0.7361
CaseKI67_0075.ndpi,Annotation (germinal_center),1.1351
CaseKI67_0075.ndpi,Annotation (germinal_center),0.1182
CaseKI67_0075.ndpi,Annotation (germinal_center),1.1468
CaseKI67_0075.ndpi,Annotation (germinal_center),1.416
CaseKI67_0075.ndpi,Annotation (germinal_center),1.5113
CaseKI67_0075.ndpi,Annotation (germinal_center),0.0943
CaseKI67_0075.ndpi,Annotation (germinal_center),1.5775
CaseKI67_0075.ndpi,Annotation (germinal_center),1.1606
CaseKI67_0075.ndpi,Annotation (germinal_center),1.1382
CaseKI67_0075.ndpi,Annotation (germinal_center),1.2095
CaseKI67_0075.ndpi,Annotation (germinal_center),1.3052
CaseKI67_0075.ndpi,Annotation (germinal_center),1.4634
CaseKI67_0075.ndpi,Annotation (germinal_center),1.1531
CaseKI67_0075.ndpi,Annotation (germinal_center),1.2567
CaseKI67_0075.ndpi,Annotation (germinal_center),1.6108
CaseKI67_0075.ndpi,Annotation (germinal_center),1.2608
CaseKI67_0075.ndpi,Annotation (germinal_center),1.0521
CaseKI67_0075.ndpi,Annotation (germinal_center),1.5707
CaseKI67_0075.ndpi,Annotation (germinal_center),1.133
CaseKI67_0075.ndpi,Annotation (germinal_center),1.2412
CaseKI67_0075.ndpi,Annotation (germinal_center),1.2727
CaseKI67_0075.ndpi,Annotation (germinal_center),1.3416
CaseKI67_0075.ndpi,Annotation (germinal_center),1.0251
CaseKI67_0075.ndpi,Annotation (germinal_center),1.2341
CaseKI67_0075.ndpi,Annotation (germinal_center),1.1379
CaseKI67_0075.ndpi,Annotation (germinal_center),1.5685
CaseKI67_0075.ndpi,Annotation (germinal_center),1.3
CaseKI67_0075.ndpi,Annotation (germinal_center),1.3749
CaseKI67_0075.ndpi,Annotation (germinal_center),1.5648
CaseKI67_0075.ndpi,Annotation (germinal_center),0.2351
CaseKI67_0075.ndpi,Annotation (germinal_center),1.4682
CaseKI67_0075.ndpi,Annotation (germinal_center),1.3105
CaseKI67_0075.ndpi,Annotation (germinal_center),1.3889
CaseKI67_0075.ndpi,Annotation (germinal_center),1.4504
CaseKI67_0075.ndpi,Annotation (germinal_center),0.7675
CaseKI67_0075.ndpi,Annotation (germinal_center),0.9171
CaseKI67_0075.ndpi,Annotation (germinal_center),1.1786
CaseKI67_0075.ndpi,Annotation (germinal_center),1.278
CaseKI67_0075.ndpi,Annotation (germinal_center),1.5354
CaseKI67_0075.ndpi,Annotation (germinal_center),1.3935
CaseKI67_0075.ndpi,Annotation (germinal_center),1.491
CaseKI67_0075.ndpi,Annotation (germinal_center),1.4831
CaseKI67_0075.ndpi,Annotation (germinal_center),0.796
CaseKI67_0075.ndpi,Annotation (germinal_center),0.0966
CaseKI67_0075.ndpi,Annotation (germinal_center),1.1729
CaseKI67_0075.ndpi,Annotation (germinal_center),1.3372
CaseKI67_0075.ndpi,Annotation (germinal_center),1.2819
CaseKI67_0075.ndpi,Annotation (germinal_center),1.5891
CaseKI67_0075.ndpi,Annotation (germinal_center),1.2451
CaseKI67_0075.ndpi,Annotation (germinal_center),1.1792
CaseKI67_0075.ndpi,Annotation (germinal_center),1.1443
CaseKI67_0075.ndpi,Annotation (germinal_center),0.9224
CaseKI67_0075.ndpi,Annotation (germinal_center),1.7453
CaseKI67_0075.ndpi,Annotation (germinal_center),0.7079
CaseKI67_0075.ndpi,Annotation (germinal_center),1.1899
CaseKI67_0075.ndpi,Annotation (germinal_center),1.4516
CaseKI67_0075.ndpi,Annotation (germinal_center),1.1699
CaseKI67_0075.ndpi,Annotation (germinal_center),1.7046
CaseKI67_0075.ndpi,Annotation (germinal_center),1.5175
CaseKI67_0075.ndpi,Annotation (germinal_center),1.4358
CaseKI67_0075.ndpi,Annotation (germinal_center),1.39
CaseKI67_0075.ndpi,Annotation (germinal_center),0.8377
CaseKI67_0075.ndpi,Annotation (germinal_center),1.5631
CaseKI67_0075.ndpi,Annotation (germinal_center),1.0163
CaseKI67_0075.ndpi,Annotation (germinal_center),1.1735
CaseKI67_0075.ndpi,Annotation (germinal_center),1.4831
CaseKI67_0075.ndpi,Annotation (germinal_center),1.3812
CaseKI67_0075.ndpi,Annotation (germinal_center),1.4046
CaseKI67_0075.ndpi,Annotation (germinal_center),1.3944
CaseKI67_0075.ndpi,Annotation (germinal_center),1.5247
CaseKI67_0075.ndpi,Annotation (germinal_center),1.1434
CaseKI67_0075.ndpi,Annotation (germinal_center),1.3542
CaseKI67_0075.ndpi,Annotation (germinal_center),1.0366
CaseKI67_0075.ndpi,Annotation (germinal_center),0.8879
CaseKI67_0075.ndpi,Annotation (germinal_center),1.1252
CaseKI67_0075.ndpi,Annotation (germinal_center),1.2597
CaseKI67_0075.ndpi,Annotation (germinal_center),1.2183
CaseKI67_0075.ndpi,Annotation (germinal_center),1.1912
CaseKI67_0075.ndpi,Annotation (germinal_center),1.04
CaseKI67_0075.ndpi,Annotation (germinal_center),1.3798
CaseKI67_0075.ndpi,Annotation (germinal_center),0.9861
CaseKI67_0075.ndpi,Annotation (germinal_center),1.3459
CaseKI67_0075.ndpi,Annotation (germinal_center),1.0894
CaseKI67_0075.ndpi,Annotation (germinal_center),1.4621
CaseKI67_0075.ndpi,Annotation (germinal_center),1.3429
CaseKI67_0075.ndpi,Annotation (germinal_center),1.1823
CaseKI67_0075.ndpi,Annotation (germinal_center),1.4152
CaseKI67_0075.ndpi,Annotation (germinal_center),1.4038
CaseKI67_0075.ndpi,Annotation (germinal_center),1.3711
CaseKI67_0075.ndpi,Annotation (germinal_center),1.5939
CaseKI67_0075.ndpi,Annotation (germinal_center),1.4016
CaseKI67_0075.ndpi,Annotation (germinal_center),1.2196
CaseKI67_0075.ndpi,Annotation (germinal_center),1.3896
CaseKI67_0075.ndpi,Annotation (germinal_center),0.8435
CaseKI67_0075.ndpi,Annotation (germinal_center),1.1937
CaseKI67_0075.ndpi,Annotation (germinal_center),1.1639
CaseKI67_0075.ndpi,Annotation (germinal_center),0.4144
CaseKI67_0075.ndpi,Annotation (germinal_center),1.387
CaseKI67_0075.ndpi,Annotation (germinal_center),1.3654
CaseKI67_0075.ndpi,Annotation (germinal_center),0.9133
CaseKI67_0075.ndpi,Annotation (germinal_center),1.0974
CaseKI67_0075.ndpi,Annotation (germinal_center),1.483
CaseKI67_0075.ndpi,Annotation (germinal_center),0.9982
CaseKI67_0075.ndpi,Annotation (germinal_center),0.9655
CaseKI67_0075.ndpi,Annotation (germinal_center),0.7837
CaseKI67_0075.ndpi,Annotation (germinal_center),1.4232
CaseKI67_0075.ndpi,Annotation (germinal_center),1.5111
CaseKI67_0075.ndpi,Annotation (germinal_center),1.6814
CaseKI67_0075.ndpi,Annotation (germinal_center),1.492
CaseKI67_0075.ndpi,Annotation (germinal_center),1.2525
CaseKI67_0075.ndpi,Annotation (germinal_center),1.1305
CaseKI67_0075.ndpi,Annotation (germinal_center),1.5186
CaseKI67_0075.ndpi,Annotation (germinal_center),1.3598
CaseKI67_0075.ndpi,Annotation (germinal_center),0.7679
CaseKI67_0075.ndpi,Annotation (germinal_center),1.4202
CaseKI67_0075.ndpi,Annotation (germinal_center),1.146
CaseKI67_0075.ndpi,Annotation (germinal_center),1.3553
CaseKI67_0075.ndpi,Annotation (germinal_center),1.5959
CaseKI67_0075.ndpi,Annotation (germinal_center),1.1504
CaseKI67_0075.ndpi,Annotation (germinal_center),1.2135
CaseKI67_0075.ndpi,Annotation (germinal_center),1.245
CaseKI67_0075.ndpi,Annotation (germinal_center),1.5932
CaseKI67_0075.ndpi,Annotation (germinal_center),1.4176
CaseKI67_0075.ndpi,Annotation (germinal_center),1.3248
CaseKI67_0075.ndpi,Annotation (germinal_center),0.9367
CaseKI67_0075.ndpi,Annotation (germinal_center),1.2873
CaseKI67_0075.ndpi,Annotation (germinal_center),1.2215
CaseKI67_0075.ndpi,Annotation (germinal_center),1.2828
CaseKI67_0075.ndpi,Annotation (germinal_center),1.1387
CaseKI67_0075.ndpi,Annotation (germinal_center),1.2646
CaseKI67_0075.ndpi,Annotation (germinal_center),1.3028
CaseKI67_0075.ndpi,Annotation (germinal_center),1.256
CaseKI67_0075.ndpi,Annotation (germinal_center),1.8072
CaseKI67_0075.ndpi,Annotation (germinal_center),0.5875
CaseKI67_0075.ndpi,Annotation (germinal_center),1.4039
CaseKI67_0075.ndpi,Annotation (germinal_center),1.2419
CaseKI67_0075.ndpi,Annotation (germinal_center),1.1191
CaseKI67_0075.ndpi,Annotation (germinal_center),1.7198
CaseKI67_0075.ndpi,Annotation (germinal_center),0.7842
CaseKI67_0075.ndpi,Annotation (germinal_center),1.4833
CaseKI67_0075.ndpi,Annotation (germinal_center),1.3753
CaseKI67_0075.ndpi,Annotation (germinal_center),1.5197
CaseKI67_0075.ndpi,Annotation (germinal_center),1.3587
CaseKI67_0075.ndpi,Annotation (germinal_center),1.0717
CaseKI67_0075.ndpi,Annotation (germinal_center),1.1127
CaseKI67_0075.ndpi,Annotation (germinal_center),1.2442
CaseKI67_0075.ndpi,Annotation (germinal_center),1.0509
CaseKI67_0075.ndpi,Annotation (germinal_center),1.4714
CaseKI67_0075.ndpi,Annotation (germinal_center),1.4626
CaseKI67_0075.ndpi,Annotation (germinal_center),1.224
CaseKI67_0075.ndpi,Annotation (germinal_center),0.9463
CaseKI67_0075.ndpi,Annotation (germinal_center),1.5989
CaseKI67_0075.ndpi,Annotation (germinal_center),1.2685
CaseKI67_0075.ndpi,Annotation (germinal_center),0.9072
CaseKI67_0075.ndpi,Annotation (germinal_center),1.0205
CaseKI67_0075.ndpi,Annotation (germinal_center),1.4547
CaseKI67_0075.ndpi,Annotation (germinal_center),1.5437
CaseKI67_0075.ndpi,Annotation (germinal_center),0.3171
CaseKI67_0075.ndpi,Annotation (germinal_center),1.5314
CaseKI67_0075.ndpi,Annotation (germinal_center),1.6463
CaseKI67_0075.ndpi,Annotation (germinal_center),1.4827
CaseKI67_0075.ndpi,Annotation (germinal_center),1.4958
CaseKI67_0075.ndpi,Annotation (germinal_center),1.2095
CaseKI67_0075.ndpi,Annotation (germinal_center),1.2482
CaseKI67_0075.ndpi,Annotation (germinal_center),1.4124
CaseKI67_0075.ndpi,Annotation (germinal_center),0.9956
CaseKI67_0075.ndpi,Annotation (germinal_center),1.4716
CaseKI67_0075.ndpi,Annotation (germinal_center),1.5528
CaseKI67_0075.ndpi,Annotation (germinal_center),1.0937
CaseKI67_0075.ndpi,Annotation (germinal_center),1.3958
CaseKI67_0075.ndpi,Annotation (germinal_center),1.188
CaseKI67_0075.ndpi,Annotation (germinal_center),1.4174
CaseKI67_0075.ndpi,Annotation (germinal_center),1.1468
CaseKI67_0075.ndpi,Annotation (germinal_center),1.4026
CaseKI67_0075.ndpi,Annotation (germinal_center),1.4655
CaseKI67_0075.ndpi,Annotation (germinal_center),1.4594
CaseKI67_0075.ndpi,Annotation (germinal_center),1.171
CaseKI67_0075.ndpi,Annotation (germinal_center),1.017
CaseKI67_0075.ndpi,Annotation (germinal_center),0.9931
CaseKI67_0075.ndpi,Annotation (germinal_center),1.4098
CaseKI67_0075.ndpi,Annotation (germinal_center),1.3969
CaseKI67_0075.ndpi,Annotation (germinal_center),1.3825
CaseKI67_0075.ndpi,Annotation (germinal_center),1.5072
CaseKI67_0075.ndpi,Annotation (germinal_center),1.1759
CaseKI67_0075.ndpi,Annotation (germinal_center),1.3156
CaseKI67_0075.ndpi,Annotation (germinal_center),1.1229
CaseKI67_0075.ndpi,Annotation (germinal_center),1.2388
CaseKI67_0075.ndpi,Annotation (germinal_center),1.1348
CaseKI67_0075.ndpi,Annotation (germinal_center),1.2089
CaseKI67_0075.ndpi,Annotation (germinal_center),1.4197
CaseKI67_0075.ndpi,Annotation (germinal_center),1.0502
CaseKI67_0075.ndpi,Annotation (germinal_center),0.105
CaseKI67_0075.ndpi,Annotation (germinal_center),0.8956
CaseKI67_0075.ndpi,Annotation (germinal_center),1.3805
CaseKI67_0075.ndpi,Annotation (germinal_center),1.1418
CaseKI67_0075.ndpi,Annotation (germinal_center),1.2987
CaseKI67_0075.ndpi,Annotation (germinal_center),1.3817
CaseKI67_0075.ndpi,Annotation (germinal_center),1.4364
CaseKI67_0075.ndpi,Annotation (germinal_center),1.3016
CaseKI67_0075.ndpi,Annotation (germinal_center),1.2104
CaseKI67_0075.ndpi,Annotation (germinal_center),0.1556
CaseKI67_0075.ndpi,Annotation (germinal_center),1.4135
CaseKI67_0075.ndpi,Annotation (germinal_center),1.2206
CaseKI67_0075.ndpi,Annotation (germinal_center),1.534
CaseKI67_0075.ndpi,Annotation (germinal_center),0.0737
CaseKI67_0075.ndpi,Annotation (germinal_center),1.1567
CaseKI67_0075.ndpi,Annotation (germinal_center),1.4547
CaseKI67_0075.ndpi,Annotation (germinal_center),1.6232
CaseKI67_0075.ndpi,Annotation (germinal_center),1.4255
CaseKI67_0075.ndpi,Annotation (germinal_center),0.7615
CaseKI67_0075.ndpi,Annotation (germinal_center),1.6411
CaseKI67_0075.ndpi,Annotation (germinal_center),1.2479
CaseKI67_0075.ndpi,Annotation (germinal_center),1.7976
CaseKI67_0075.ndpi,Annotation (germinal_center),1.2245
CaseKI67_0075.ndpi,Annotation (germinal_center),1.2075
CaseKI67_0075.ndpi,Annotation (germinal_center),1.305
CaseKI67_0075.ndpi,Annotation (germinal_center),1.0646
CaseKI67_0075.ndpi,Annotation (germinal_center),1.5034
CaseKI67_0075.ndpi,Annotation (germinal_center),1.4644
CaseKI67_0075.ndpi,Annotation (germinal_center),0.5671
CaseKI67_0075.ndpi,Annotation (germinal_center),1.1816
CaseKI67_0075.ndpi,Annotation (germinal_center),1.241
CaseKI67_0075.ndpi,Annotation (germinal_center),1.5834
CaseKI67_0075.ndpi,Annotation (germinal_center),1.4427
CaseKI67_0075.ndpi,Annotation (germinal_center),1.6268
CaseKI67_0075.ndpi,Annotation (germinal_center),1.0496
CaseKI67_0075.ndpi,Annotation (germinal_center),1.1826
CaseKI67_0075.ndpi,Annotation (germinal_center),1.8425
CaseKI67_0075.ndpi,Annotation (germinal_center),1.6164
CaseKI67_0075.ndpi,Annotation (germinal_center),1.3366
CaseKI67_0075.ndpi,Annotation (germinal_center),1.7632
CaseKI67_0075.ndpi,Annotation (germinal_center),1.2879
CaseKI67_0075.ndpi,Annotation (germinal_center),1.4501
CaseKI67_0075.ndpi,Annotation (germinal_center),1.2997
CaseKI67_0075.ndpi,Annotation (germinal_center),1.5263
CaseKI67_0075.ndpi,Annotation (germinal_center),1.3729
CaseKI67_0075.ndpi,Annotation (germinal_center),1.5992
CaseKI67_0075.ndpi,Annotation (germinal_center),1.4154
CaseKI67_0075.ndpi,Annotation (germinal_center),1.3501
CaseKI67_0075.ndpi,Annotation (germinal_center),1.2494
CaseKI67_0075.ndpi,Annotation (germinal_center),1.363
CaseKI67_0075.ndpi,Annotation (germinal_center),1.4618
CaseKI67_0075.ndpi,Annotation (germinal_center),1.395
CaseKI67_0075.ndpi,Annotation (germinal_center),1.6391
CaseKI67_0075.ndpi,Annotation (germinal_center),1.295
CaseKI67_0075.ndpi,Annotation (germinal_center),1.7214
CaseKI67_0075.ndpi,Annotation (germinal_center),1.1195
CaseKI67_0075.ndpi,Annotation (germinal_center),1.1069
CaseKI67_0075.ndpi,Annotation (germinal_center),1.3779
CaseKI67_0075.ndpi,Annotation (germinal_center),1.1715
CaseKI67_0075.ndpi,Annotation (germinal_center),1.3363
CaseKI67_0075.ndpi,Annotation (germinal_center),1.2822
CaseKI67_0075.ndpi,Annotation (germinal_center),1.3748
CaseKI67_0075.ndpi,Annotation (germinal_center),1.2858
CaseKI67_0075.ndpi,Annotation (germinal_center),1.3749
CaseKI67_0075.ndpi,Annotation (germinal_center),1.4976
CaseKI67_0075.ndpi,Annotation (germinal_center),1.3139
CaseKI67_0075.ndpi,Annotation (germinal_center),1.6648
CaseKI67_0075.ndpi,Annotation (germinal_center),0.9675
CaseKI67_0075.ndpi,Annotation (germinal_center),1.63
CaseKI67_0075.ndpi,Annotation (germinal_center),1.5851
CaseKI67_0075.ndpi,Annotation (germinal_center),0.0942
CaseKI67_0075.ndpi,Annotation (germinal_center),1.5048
CaseKI67_0075.ndpi,Annotation (germinal_center),1.5373
CaseKI67_0075.ndpi,Annotation (germinal_center),1.4978
CaseKI67_0075.ndpi,Annotation (germinal_center),1.2035
CaseKI67_0075.ndpi,Annotation (germinal_center),1.0779
CaseKI67_0075.ndpi,Annotation (germinal_center),1.5211
CaseKI67_0075.ndpi,Annotation (germinal_center),1.0701
CaseKI67_0075.ndpi,Annotation (germinal_center),1.5608
CaseKI67_0075.ndpi,Annotation (germinal_center),1.3732
CaseKI67_0075.ndpi,Annotation (germinal_center),1.3827
CaseKI67_0075.ndpi,Annotation (germinal_center),0.271
CaseKI67_0075.ndpi,Annotation (germinal_center),1.4953
CaseKI67_0075.ndpi,Annotation (germinal_center),1.3072
CaseKI67_0075.ndpi,Annotation (germinal_center),1.6005
CaseKI67_0075.ndpi,Annotation (germinal_center),1.5338
CaseKI67_0075.ndpi,Annotation (germinal_center),1.1198
CaseKI67_0075.ndpi,Annotation (germinal_center),1.1155
CaseKI67_0075.ndpi,Annotation (germinal_center),0.9704
CaseKI67_0075.ndpi,Annotation (germinal_center),1.457
CaseKI67_0075.ndpi,Annotation (germinal_center),1.0773
CaseKI67_0075.ndpi,Annotation (germinal_center),1.1124
CaseKI67_0075.ndpi,Annotation (germinal_center),1.2489
CaseKI67_0075.ndpi,Annotation (germinal_center),0.9901
CaseKI67_0075.ndpi,Annotation (germinal_center),1.2181
CaseKI67_0075.ndpi,Annotation (germinal_center),1.0663
CaseKI67_0075.ndpi,Annotation (germinal_center),1.4836
CaseKI67_0075.ndpi,Annotation (germinal_center),1.503
CaseKI67_0075.ndpi,Annotation (germinal_center),1.1469
CaseKI67_0075.ndpi,Annotation (germinal_center),1.4288
CaseKI67_0075.ndpi,Annotation (germinal_center),1.5689
CaseKI67_0075.ndpi,Annotation (germinal_center),1.354
CaseKI67_0075.ndpi,Annotation (germinal_center),1.2564
CaseKI67_0075.ndpi,Annotation (germinal_center),1.1413
CaseKI67_0075.ndpi,Annotation (germinal_center),1.1053
CaseKI67_0075.ndpi,Annotation (germinal_center),1.6062
CaseKI67_0075.ndpi,Annotation (germinal_center),1.6864
CaseKI67_0075.ndpi,Annotation (germinal_center),0.0863
CaseKI67_0075.ndpi,Annotation (germinal_center),1.5665
CaseKI67_0075.ndpi,Annotation (germinal_center),1.4057
CaseKI67_0075.ndpi,Annotation (germinal_center),1.7312
CaseKI67_0075.ndpi,Annotation (germinal_center),1.5734
CaseKI67_0075.ndpi,Annotation (germinal_center),1.2188
CaseKI67_0075.ndpi,Annotation (germinal_center),1.4714
CaseKI67_0075.ndpi,Annotation (germinal_center),1.2899
CaseKI67_0075.ndpi,Annotation (germinal_center),1.901
CaseKI67_0075.ndpi,Annotation (germinal_center),1.0852
CaseKI67_0075.ndpi,Annotation (germinal_center),1.3261
CaseKI67_0075.ndpi,Annotation (germinal_center),1.654
CaseKI67_0075.ndpi,Annotation (germinal_center),1.4472
CaseKI67_0075.ndpi,Annotation (germinal_center),1.2503
CaseKI67_0075.ndpi,Annotation (germinal_center),1.6549
CaseKI67_0075.ndpi,Annotation (germinal_center),1.7455
CaseKI67_0075.ndpi,Annotation (germinal_center),1.4294
CaseKI67_0075.ndpi,Annotation (germinal_center),1.423
CaseKI67_0075.ndpi,Annotation (germinal_center),1.771
CaseKI67_0075.ndpi,Annotation (germinal_center),1.346
CaseKI67_0075.ndpi,Annotation (germinal_center),1.5993
CaseKI67_0075.ndpi,Annotation (germinal_center),1.4352
CaseKI67_0075.ndpi,Annotation (germinal_center),1.5845
CaseKI67_0075.ndpi,Annotation (germinal_center),1.377
CaseKI67_0075.ndpi,Annotation (germinal_center),1.8096
CaseKI67_0075.ndpi,Annotation (germinal_center),1.5725
CaseKI67_0075.ndpi,Annotation (germinal_center),0.863
CaseKI67_0075.ndpi,Annotation (germinal_center),1.4864
CaseKI67_0075.ndpi,Annotation (germinal_center),1.221
CaseKI67_0075.ndpi,Annotation (germinal_center),1.1591
CaseKI67_0075.ndpi,Annotation (germinal_center),1.7414
CaseKI67_0075.ndpi,Annotation (germinal_center),1.2872
CaseKI67_0075.ndpi,Annotation (germinal_center),0.4793
CaseKI67_0075.ndpi,Annotation (germinal_center),0.9394
CaseKI67_0075.ndpi,Annotation (germinal_center),0.8671
CaseKI67_0075.ndpi,Annotation (germinal_center),0.1463
CaseKI67_0075.ndpi,Annotation (germinal_center),0.5395
CaseKI67_0075.ndpi,Annotation (germinal_center),0.8229
CaseKI67_0075.ndpi,Annotation (germinal_center),1.4333
CaseKI67_0075.ndpi,Annotation (germinal_center),1.4521
CaseKI67_0075.ndpi,Annotation (germinal_center),0.0774
CaseKI67_0075.ndpi,Annotation (germinal_center),0.7753
CaseKI67_0075.ndpi,Annotation (germinal_center),0.1013
CaseKI67_0075.ndpi,Annotation (germinal_center),1.4023
CaseKI67_0075.ndpi,Annotation (germinal_center),0.511
CaseKI67_0075.ndpi,Annotation (germinal_center),0.1016
CaseKI67_0075.ndpi,Annotation (germinal_center),0.4288
CaseKI67_0075.ndpi,Annotation (germinal_center),0.0813
CaseKI67_0075.ndpi,Annotation (germinal_center),0.1203
CaseKI67_0075.ndpi,Annotation (germinal_center),1.3278
CaseKI67_0075.ndpi,Annotation (germinal_center),0.7283
CaseKI67_0075.ndpi,Annotation (germinal_center),0.1304
CaseKI67_0075.ndpi,Annotation (germinal_center),1.3828
CaseKI67_0075.ndpi,Annotation (germinal_center),1.4835
CaseKI67_0075.ndpi,Annotation (germinal_center),1.5847
CaseKI67_0075.ndpi,Annotation (germinal_center),1.5262
CaseKI67_0075.ndpi,Annotation (germinal_center),1.1059
CaseKI67_0075.ndpi,Annotation (germinal_center),0.0964
CaseKI67_0075.ndpi,Annotation (germinal_center),1.1943
CaseKI67_0075.ndpi,Annotation (germinal_center),1.3738
CaseKI67_0075.ndpi,Annotation (germinal_center),1.4017
CaseKI67_0075.ndpi,Annotation (germinal_center),1.0162
CaseKI67_0075.ndpi,Annotation (germinal_center),1.3482
CaseKI67_0075.ndpi,Annotation (germinal_center),0.6546
CaseKI67_0075.ndpi,Annotation (germinal_center),1.0262
CaseKI67_0075.ndpi,Annotation (germinal_center),1.1299
CaseKI67_0075.ndpi,Annotation (germinal_center),1.1234
CaseKI67_0075.ndpi,Annotation (germinal_center),0.0865
CaseKI67_0075.ndpi,Annotation (germinal_center),0.0923
CaseKI67_0075.ndpi,Annotation (germinal_center),0.09
CaseKI67_0075.ndpi,Annotation (germinal_center),0.0773
CaseKI67_0075.ndpi,Annotation (germinal_center),1.1484
CaseKI67_0075.ndpi,Annotation (germinal_center),1.3891
CaseKI67_0075.ndpi,Annotation (germinal_center),1.2191
CaseKI67_0075.ndpi,Annotation (germinal_center),1.2903
CaseKI67_0075.ndpi,Annotation (germinal_center),1.311
CaseKI67_0075.ndpi,Annotation (germinal_center),1.3489
CaseKI67_0075.ndpi,Annotation (germinal_center),1.3013
CaseKI67_0075.ndpi,Annotation (germinal_center),0.0875
CaseKI67_0075.ndpi,Annotation (germinal_center),0.9861
CaseKI67_0075.ndpi,Annotation (germinal_center),0.0614
CaseKI67_0075.ndpi,Annotation (germinal_center),1.1418
CaseKI67_0075.ndpi,Annotation (germinal_center),1.5302
CaseKI67_0075.ndpi,Annotation (germinal_center),1.2547
CaseKI67_0075.ndpi,Annotation (germinal_center),0.9334
CaseKI67_0075.ndpi,Annotation (germinal_center),0.7419
CaseKI67_0075.ndpi,Annotation (germinal_center),1.3543
CaseKI67_0075.ndpi,Annotation (germinal_center),1.1006
CaseKI67_0075.ndpi,Annotation (germinal_center),1.068
CaseKI67_0075.ndpi,Annotation (germinal_center),1.4646
CaseKI67_0075.ndpi,Annotation (germinal_center),0.2741
CaseKI67_0075.ndpi,Annotation (germinal_center),1.2325
CaseKI67_0075.ndpi,Annotation (germinal_center),1.3721
CaseKI67_0075.ndpi,Annotation (germinal_center),0.8657
CaseKI67_0075.ndpi,Annotation (germinal_center),0.663
CaseKI67_0075.ndpi,Annotation (germinal_center),0.0791
CaseKI67_0075.ndpi,Annotation (germinal_center),0.0488
CaseKI67_0075.ndpi,Annotation (germinal_center),0.2169
CaseKI67_0075.ndpi,Annotation (germinal_center),0.4578
CaseKI67_0075.ndpi,Annotation (germinal_center),0.0697
CaseKI67_0075.ndpi,Annotation (germinal_center),0.181
CaseKI67_0075.ndpi,Annotation (germinal_center),0.7726
CaseKI67_0075.ndpi,Annotation (germinal_center),1.4513
CaseKI67_0075.ndpi,Annotation (germinal_center),0.8341
CaseKI67_0075.ndpi,Annotation (germinal_center),0.4952
CaseKI67_0075.ndpi,Annotation (germinal_center),1.185
CaseKI67_0075.ndpi,Annotation (germinal_center),1.5474
CaseKI67_0075.ndpi,Annotation (germinal_center),1.102
CaseKI67_0075.ndpi,Annotation (germinal_center),1.6728
CaseKI67_0075.ndpi,Annotation (germinal_center),1.0855
CaseKI67_0075.ndpi,Annotation (germinal_center),1.477
CaseKI67_0075.ndpi,Annotation (germinal_center),0.4724
CaseKI67_0075.ndpi,Annotation (germinal_center),1.2563
CaseKI67_0075.ndpi,Annotation (germinal_center),0.1395
CaseKI67_0075.ndpi,Annotation (germinal_center),1.3185
CaseKI67_0075.ndpi,Annotation (germinal_center),0.8436
CaseKI67_0075.ndpi,Annotation (germinal_center),1.6915
CaseKI67_0075.ndpi,Annotation (germinal_center),1.1413
CaseKI67_0075.ndpi,Annotation (germinal_center),0.1097
CaseKI67_0075.ndpi,Annotation (germinal_center),0.9332
CaseKI67_0075.ndpi,Annotation (germinal_center),1.6833
CaseKI67_0075.ndpi,Annotation (germinal_center),1.6303
CaseKI67_0075.ndpi,Annotation (germinal_center),1.0396
CaseKI67_0075.ndpi,Annotation (germinal_center),1.2305
CaseKI67_0075.ndpi,Annotation (germinal_center),1.3178
CaseKI67_0075.ndpi,Annotation (germinal_center),1.6271
CaseKI67_0075.ndpi,Annotation (germinal_center),1.136
CaseKI67_0075.ndpi,Annotation (germinal_center),0.4271
CaseKI67_0075.ndpi,Annotation (germinal_center),1.4172
CaseKI67_0075.ndpi,Annotation (germinal_center),0.7187
CaseKI67_0075.ndpi,Annotation (germinal_center),1.5517
CaseKI67_0075.ndpi,Annotation (germinal_center),0.0813
CaseKI67_0075.ndpi,Annotation (germinal_center),0.0946
CaseKI67_0075.ndpi,Annotation (germinal_center),1.3564
CaseKI67_0075.ndpi,Annotation (germinal_center),0.0778
CaseKI67_0075.ndpi,Annotation (germinal_center),1.0598
CaseKI67_0075.ndpi,Annotation (germinal_center),0.86
CaseKI67_0075.ndpi,Annotation (germinal_center),0.549
CaseKI67_0075.ndpi,Annotation (germinal_center),1.4812
CaseKI67_0075.ndpi,Annotation (germinal_center),0.1723
CaseKI67_0075.ndpi,Annotation (germinal_center),1.257
CaseKI67_0075.ndpi,Annotation (germinal_center),1.5648
CaseKI67_0075.ndpi,Annotation (germinal_center),0.4233
CaseKI67_0075.ndpi,Annotation (germinal_center),1.4981
CaseKI67_0075.ndpi,Annotation (germinal_center),1.7264
CaseKI67_0075.ndpi,Annotation (germinal_center),1.3218
CaseKI67_0075.ndpi,Annotation (germinal_center),1.2017
CaseKI67_0075.ndpi,Annotation (germinal_center),1.4431
CaseKI67_0075.ndpi,Annotation (germinal_center),1.1604
CaseKI67_0075.ndpi,Annotation (germinal_center),0.064
CaseKI67_0075.ndpi,Annotation (germinal_center),1.4987
CaseKI67_0075.ndpi,Annotation (germinal_center),0.7542
CaseKI67_0075.ndpi,Annotation (germinal_center),0.2079
CaseKI67_0075.ndpi,Annotation (germinal_center),1.2336
CaseKI67_0075.ndpi,Annotation (germinal_center),1.4635
CaseKI67_0075.ndpi,Annotation (germinal_center),1.4959
CaseKI67_0075.ndpi,Annotation (germinal_center),1.4437
CaseKI67_0075.ndpi,Annotation (germinal_center),1.264
CaseKI67_0075.ndpi,Annotation (germinal_center),0.0754
CaseKI67_0075.ndpi,Annotation (germinal_center),1.1756
CaseKI67_0075.ndpi,Annotation (germinal_center),1.6469
CaseKI67_0075.ndpi,Annotation (germinal_center),1.1433
CaseKI67_0075.ndpi,Annotation (germinal_center),1.4548
CaseKI67_0075.ndpi,Annotation (germinal_center),0.6198
CaseKI67_0075.ndpi,Annotation (germinal_center),0.5082
CaseKI67_0075.ndpi,Annotation (germinal_center),1.4962
CaseKI67_0075.ndpi,Annotation (germinal_center),0.9656
CaseKI67_0075.ndpi,Annotation (germinal_center),0.8117
CaseKI67_0075.ndpi,Annotation (germinal_center),0.9843
CaseKI67_0075.ndpi,Annotation (germinal_center),1.0581
CaseKI67_0075.ndpi,Annotation (germinal_center),1.031
CaseKI67_0075.ndpi,Annotation (germinal_center),1.062
CaseKI67_0075.ndpi,Annotation (germinal_center),1.3103
CaseKI67_0075.ndpi,Annotation (germinal_center),1.5029
CaseKI67_0075.ndpi,Annotation (germinal_center),0.7977
CaseKI67_0075.ndpi,Annotation (germinal_center),1.4509
CaseKI67_0075.ndpi,Annotation (germinal_center),1.5833
CaseKI67_0075.ndpi,Annotation (germinal_center),1.4335
CaseKI67_0075.ndpi,Annotation (germinal_center),1.3958
CaseKI67_0075.ndpi,Annotation (germinal_center),1.1334
CaseKI67_0075.ndpi,Annotation (germinal_center),1.2357
CaseKI67_0075.ndpi,Annotation (germinal_center),0.6575
CaseKI67_0075.ndpi,Annotation (germinal_center),1.989
CaseKI67_0075.ndpi,Annotation (germinal_center),1.2719
CaseKI67_0075.ndpi,Annotation (germinal_center),1.6179
CaseKI67_0075.ndpi,Annotation (germinal_center),1.3847
CaseKI67_0075.ndpi,Annotation (germinal_center),1.3109
CaseKI67_0075.ndpi,Annotation (germinal_center),1.0842
CaseKI67_0075.ndpi,Annotation (germinal_center),1.4609
CaseKI67_0075.ndpi,Annotation (germinal_center),1.0375
CaseKI67_0075.ndpi,Annotation (germinal_center),0.7896
CaseKI67_0075.ndpi,Annotation (germinal_center),1.5858
CaseKI67_0075.ndpi,Annotation (germinal_center),0.0568
CaseKI67_0075.ndpi,Annotation (germinal_center),1.6274
CaseKI67_0075.ndpi,Annotation (germinal_center),0.0614
CaseKI67_0075.ndpi,Annotation (germinal_center),1.3004
CaseKI67_0075.ndpi,Annotation (germinal_center),1.1233
CaseKI67_0075.ndpi,Annotation (germinal_center),0.6388
CaseKI67_0075.ndpi,Annotation (germinal_center),0.0868
CaseKI67_0075.ndpi,Annotation (germinal_center),1.4426
CaseKI67_0075.ndpi,Annotation (germinal_center),1.5029
CaseKI67_0075.ndpi,Annotation (germinal_center),1.7317
CaseKI67_0075.ndpi,Annotation (germinal_center),1.418
CaseKI67_0075.ndpi,Annotation (germinal_center),1.1946
CaseKI67_0075.ndpi,Annotation (germinal_center),0.097
CaseKI67_0075.ndpi,Annotation (germinal_center),0.0799
CaseKI67_0075.ndpi,Annotation (germinal_center),1.2505
CaseKI67_0075.ndpi,Annotation (germinal_center),0.0913
CaseKI67_0075.ndpi,Annotation (germinal_center),1.3993
CaseKI67_0075.ndpi,Annotation (germinal_center),1.5912
CaseKI67_0075.ndpi,Annotation (germinal_center),1.1423
CaseKI67_0075.ndpi,Annotation (germinal_center),1.2852
CaseKI67_0075.ndpi,Annotation (germinal_center),0.4291
CaseKI67_0075.ndpi,Annotation (germinal_center),1.2347
CaseKI67_0075.ndpi,Annotation (germinal_center),1.0478
CaseKI67_0075.ndpi,Annotation (germinal_center),1.6895
CaseKI67_0075.ndpi,Annotation (germinal_center),1.1931
CaseKI67_0075.ndpi,Annotation (germinal_center),1.4957
CaseKI67_0075.ndpi,Annotation (germinal_center),1.3211
CaseKI67_0075.ndpi,Annotation (germinal_center),0.8568
CaseKI67_0075.ndpi,Annotation (germinal_center),1.4539
CaseKI67_0075.ndpi,Annotation (germinal_center),1.0647
CaseKI67_0075.ndpi,Annotation (germinal_center),0.3144
CaseKI67_0075.ndpi,Annotation (germinal_center),1.0726
CaseKI67_0075.ndpi,Annotation (germinal_center),0.0879
CaseKI67_0075.ndpi,Annotation (germinal_center),1.0803
CaseKI67_0075.ndpi,Annotation (germinal_center),1.6285
CaseKI67_0075.ndpi,Annotation (germinal_center),1.7212
CaseKI67_0075.ndpi,Annotation (germinal_center),0.6179
CaseKI67_0075.ndpi,Annotation (germinal_center),1.2051
CaseKI67_0075.ndpi,Annotation (germinal_center),1.395
CaseKI67_0075.ndpi,Annotation (germinal_center),0.2723
CaseKI67_0075.ndpi,Annotation (germinal_center),1.3863
CaseKI67_0075.ndpi,Annotation (germinal_center),1.5542
CaseKI67_0075.ndpi,Annotation (germinal_center),0.8416
CaseKI67_0075.ndpi,Annotation (germinal_center),1.4353
CaseKI67_0075.ndpi,Annotation (germinal_center),1.1131
CaseKI67_0075.ndpi,Annotation (germinal_center),0.8101
CaseKI67_0075.ndpi,Annotation (germinal_center),1.4981
CaseKI67_0075.ndpi,Annotation (germinal_center),1.2119
CaseKI67_0075.ndpi,Annotation (germinal_center),1.7541
CaseKI67_0075.ndpi,Annotation (germinal_center),1.0067
CaseKI67_0075.ndpi,Annotation (germinal_center),1.4954
CaseKI67_0075.ndpi,Annotation (germinal_center),1.3484
CaseKI67_0075.ndpi,Annotation (germinal_center),1.1656
CaseKI67_0075.ndpi,Annotation (germinal_center),1.1455
CaseKI67_0075.ndpi,Annotation (germinal_center),1.2751
CaseKI67_0075.ndpi,Annotation (germinal_center),1.2869
CaseKI67_0075.ndpi,Annotation (germinal_center),1.2743
CaseKI67_0075.ndpi,Annotation (germinal_center),1.4777
CaseKI67_0075.ndpi,Annotation (germinal_center),1.3196
CaseKI67_0075.ndpi,Annotation (germinal_center),1.3437
CaseKI67_0075.ndpi,Annotation (germinal_center),1.4274
CaseKI67_0075.ndpi,Annotation (germinal_center),0.1602
CaseKI67_0075.ndpi,Annotation (germinal_center),1.5642
CaseKI67_0075.ndpi,Annotation (germinal_center),0.6369
CaseKI67_0075.ndpi,Annotation (germinal_center),1.463
CaseKI67_0075.ndpi,Annotation (germinal_center),1.565
CaseKI67_0075.ndpi,Annotation (germinal_center),1.2586
CaseKI67_0075.ndpi,Annotation (germinal_center),1.328
CaseKI67_0075.ndpi,Annotation (germinal_center),1.1842
CaseKI67_0075.ndpi,Annotation (germinal_center),1.6432
CaseKI67_0075.ndpi,Annotation (germinal_center),1.427
CaseKI67_0075.ndpi,Annotation (germinal_center),1.0802
CaseKI67_0075.ndpi,Annotation (germinal_center),1.2745
CaseKI67_0075.ndpi,Annotation (germinal_center),1.1676
CaseKI67_0075.ndpi,Annotation (germinal_center),1.7605
CaseKI67_0075.ndpi,Annotation (germinal_center),1.4832
CaseKI67_0075.ndpi,Annotation (germinal_center),1.3735
CaseKI67_0075.ndpi,Annotation (germinal_center),1.4644
CaseKI67_0075.ndpi,Annotation (germinal_center),0.4615
CaseKI67_0075.ndpi,Annotation (germinal_center),1.3474
CaseKI67_0075.ndpi,Annotation (germinal_center),1.0369
CaseKI67_0075.ndpi,Annotation (germinal_center),1.7214
CaseKI67_0075.ndpi,Annotation (germinal_center),1.4736
CaseKI67_0075.ndpi,Annotation (germinal_center),1.4808
CaseKI67_0075.ndpi,Annotation (germinal_center),1.2229
CaseKI67_0075.ndpi,Annotation (germinal_center),1.5595
CaseKI67_0075.ndpi,Annotation (germinal_center),1.552
CaseKI67_0075.ndpi,Annotation (germinal_center),1.9347
CaseKI67_0075.ndpi,Annotation (germinal_center),1.6017
CaseKI67_0075.ndpi,Annotation (germinal_center),0.6724
CaseKI67_0075.ndpi,Annotation (germinal_center),1.5309
CaseKI67_0075.ndpi,Annotation (germinal_center),1.8192
CaseKI67_0075.ndpi,Annotation (germinal_center),1.4199
CaseKI67_0075.ndpi,Annotation (germinal_center),1.2035
CaseKI67_0075.ndpi,Annotation (germinal_center),1.1342
CaseKI67_0075.ndpi,Annotation (germinal_center),1.3112
CaseKI67_0075.ndpi,Annotation (germinal_center),1.5445
CaseKI67_0075.ndpi,Annotation (germinal_center),1.6524
CaseKI67_0075.ndpi,Annotation (germinal_center),1.6302
CaseKI67_0075.ndpi,Annotation (germinal_center),1.7107
CaseKI67_0075.ndpi,Annotation (germinal_center),1.1715
CaseKI67_0075.ndpi,Annotation (germinal_center),1.6934
CaseKI67_0075.ndpi,Annotation (germinal_center),1.3885
CaseKI67_0075.ndpi,Annotation (germinal_center),1.4281
CaseKI67_0075.ndpi,Annotation (germinal_center),1.6408
CaseKI67_0075.ndpi,Annotation (germinal_center),1.3391
CaseKI67_0075.ndpi,Annotation (germinal_center),1.7886
CaseKI67_0075.ndpi,Annotation (germinal_center),1.4985
CaseKI67_0075.ndpi,Annotation (germinal_center),1.5443
CaseKI67_0075.ndpi,Annotation (germinal_center),1.2765
CaseKI67_0075.ndpi,Annotation (germinal_center),1.2448
CaseKI67_0075.ndpi,Annotation (germinal_center),1.5934
CaseKI67_0075.ndpi,Annotation (germinal_center),1.6311
CaseKI67_0075.ndpi,Annotation (germinal_center),1.4665
CaseKI67_0075.ndpi,Annotation (germinal_center),1.3211
CaseKI67_0075.ndpi,Annotation (germinal_center),1.4165
CaseKI67_0075.ndpi,Annotation (germinal_center),1.2268
CaseKI67_0075.ndpi,Annotation (germinal_center),1.2772
CaseKI67_0075.ndpi,Annotation (germinal_center),1.8926
CaseKI67_0075.ndpi,Annotation (germinal_center),1.6887
CaseKI67_0075.ndpi,Annotation (germinal_center),1.3337
CaseKI67_0075.ndpi,Annotation (germinal_center),1.7186
CaseKI67_0075.ndpi,Annotation (germinal_center),1.4212
CaseKI67_0075.ndpi,Annotation (germinal_center),1.4082
CaseKI67_0075.ndpi,Annotation (germinal_center),1.3697
CaseKI67_0075.ndpi,Annotation (germinal_center),1.3178
CaseKI67_0075.ndpi,Annotation (germinal_center),1.2733
CaseKI67_0075.ndpi,Annotation (germinal_center),1.2694
CaseKI67_0075.ndpi,Annotation (germinal_center),1.5809
CaseKI67_0075.ndpi,Annotation (germinal_center),1.5426
CaseKI67_0075.ndpi,Annotation (germinal_center),1.5186
CaseKI67_0075.ndpi,Annotation (germinal_center),1.4976
CaseKI67_0075.ndpi,Annotation (germinal_center),1.056
CaseKI67_0075.ndpi,Annotation (germinal_center),1.4241
CaseKI67_0075.ndpi,Annotation (germinal_center),1.5438
CaseKI67_0075.ndpi,Annotation (germinal_center),1.7149
CaseKI67_0075.ndpi,Annotation (germinal_center),1.5397
CaseKI67_0075.ndpi,Annotation (germinal_center),1.5679
CaseKI67_0075.ndpi,Annotation (germinal_center),1.3961
CaseKI67_0075.ndpi,Annotation (germinal_center),1.2119
CaseKI67_0075.ndpi,Annotation (germinal_center),0.0876
CaseKI67_0075.ndpi,Annotation (germinal_center),1.8095
CaseKI67_0075.ndpi,Annotation (germinal_center),1.5705
CaseKI67_0075.ndpi,Annotation (germinal_center),1.5923
CaseKI67_0075.ndpi,Annotation (germinal_center),1.3235
CaseKI67_0075.ndpi,Annotation (germinal_center),1.0624
CaseKI67_0075.ndpi,Annotation (germinal_center),0.6779
CaseKI67_0075.ndpi,Annotation (germinal_center),1.7477
CaseKI67_0075.ndpi,Annotation (germinal_center),1.716
CaseKI67_0075.ndpi,Annotation (germinal_center),1.2061
CaseKI67_0075.ndpi,Annotation (germinal_center),1.451
CaseKI67_0075.ndpi,Annotation (germinal_center),1.7348
CaseKI67_0075.ndpi,Annotation (germinal_center),1.3136
CaseKI67_0075.ndpi,Annotation (germinal_center),1.3677
CaseKI67_0075.ndpi,Annotation (germinal_center),1.6072
CaseKI67_0075.ndpi,Annotation (germinal_center),0.7122
CaseKI67_0075.ndpi,Annotation (germinal_center),1.3489
CaseKI67_0075.ndpi,Annotation (germinal_center),1.0873
CaseKI67_0075.ndpi,Annotation (germinal_center),1.5772
CaseKI67_0075.ndpi,Annotation (germinal_center),1.241
CaseKI67_0075.ndpi,Annotation (germinal_center),1.5892
CaseKI67_0075.ndpi,Annotation (germinal_center),1.4864
CaseKI67_0075.ndpi,Annotation (germinal_center),1.5242
CaseKI67_0075.ndpi,Annotation (germinal_center),1.3011
CaseKI67_0075.ndpi,Annotation (germinal_center),1.3956
CaseKI67_0075.ndpi,Annotation (germinal_center),1.4913
CaseKI67_0075.ndpi,Annotation (germinal_center),1.4429
CaseKI67_0075.ndpi,Annotation (germinal_center),1.6731
CaseKI67_0075.ndpi,Annotation (germinal_center),1.3225
CaseKI67_0075.ndpi,Annotation (germinal_center),1.1581
CaseKI67_0075.ndpi,Annotation (germinal_center),1.6227
CaseKI67_0075.ndpi,Annotation (germinal_center),1.463
CaseKI67_0075.ndpi,Annotation (germinal_center),1.8227
CaseKI67_0075.ndpi,Annotation (germinal_center),1.7374
CaseKI67_0075.ndpi,Annotation (germinal_center),1.4442
CaseKI67_0075.ndpi,Annotation (germinal_center),1.6898
CaseKI67_0075.ndpi,Annotation (germinal_center),1.5319
CaseKI67_0075.ndpi,Annotation (germinal_center),0.9846
CaseKI67_0075.ndpi,Annotation (germinal_center),1.6824
CaseKI67_0075.ndpi,Annotation (germinal_center),1.1473
CaseKI67_0075.ndpi,Annotation (germinal_center),1.3398
CaseKI67_0075.ndpi,Annotation (germinal_center),1.6708
CaseKI67_0075.ndpi,Annotation (germinal_center),1.4072
CaseKI67_0075.ndpi,Annotation (germinal_center),1.5184
CaseKI67_0075.ndpi,Annotation (germinal_center),1.8735
CaseKI67_0075.ndpi,Annotation (germinal_center),1.3461
CaseKI67_0075.ndpi,Annotation (germinal_center),1.4497
CaseKI67_0075.ndpi,Annotation (germinal_center),1.0999
CaseKI67_0075.ndpi,Annotation (germinal_center),1.5689
CaseKI67_0075.ndpi,Annotation (germinal_center),1.7009
CaseKI67_0075.ndpi,Annotation (germinal_center),1.3007
CaseKI67_0075.ndpi,Annotation (germinal_center),1.5492
CaseKI67_0075.ndpi,Annotation (germinal_center),1.7061
CaseKI67_0075.ndpi,Annotation (germinal_center),1.589
CaseKI67_0075.ndpi,Annotation (germinal_center),1.5492
CaseKI67_0075.ndpi,Annotation (germinal_center),1.2048
CaseKI67_0075.ndpi,Annotation (germinal_center),1.0925
CaseKI67_0075.ndpi,Annotation (germinal_center),0.8907
CaseKI67_0075.ndpi,Annotation (germinal_center),1.5195
CaseKI67_0075.ndpi,Annotation (germinal_center),1.9532
CaseKI67_0075.ndpi,Annotation (germinal_center),1.4835
CaseKI67_0075.ndpi,Annotation (germinal_center),1.5155
CaseKI67_0075.ndpi,Annotation (germinal_center),1.2688
CaseKI67_0075.ndpi,Annotation (germinal_center),1.2047
CaseKI67_0075.ndpi,Annotation (germinal_center),1.2663
CaseKI67_0075.ndpi,Annotation (germinal_center),1.1422
CaseKI67_0075.ndpi,Annotation (germinal_center),1.7201
CaseKI67_0075.ndpi,Annotation (germinal_center),1.0824
CaseKI67_0075.ndpi,Annotation (germinal_center),1.5272
CaseKI67_0075.ndpi,Annotation (germinal_center),0.6882
CaseKI67_0075.ndpi,Annotation (germinal_center),1.6577
CaseKI67_0075.ndpi,Annotation (germinal_center),1.6974
CaseKI67_0075.ndpi,Annotation (germinal_center),1.605
CaseKI67_0075.ndpi,Annotation (germinal_center),1.6191
CaseKI67_0075.ndpi,Annotation (germinal_center),1.4152
CaseKI67_0075.ndpi,Annotation (germinal_center),1.688
CaseKI67_0075.ndpi,Annotation (germinal_center),1.4267
CaseKI67_0075.ndpi,Annotation (germinal_center),1.2502
CaseKI67_0075.ndpi,Annotation (germinal_center),2.0774
CaseKI67_0075.ndpi,Annotation (germinal_center),1.7967
CaseKI67_0075.ndpi,Annotation (germinal_center),1.4653
CaseKI67_0075.ndpi,Annotation (germinal_center),1.9257
CaseKI67_0075.ndpi,Annotation (germinal_center),1.401
CaseKI67_0075.ndpi,Annotation (germinal_center),1.5798
CaseKI67_0075.ndpi,Annotation (germinal_center),1.3074
CaseKI67_0075.ndpi,Annotation (germinal_center),1.1164
CaseKI67_0075.ndpi,Annotation (germinal_center),1.9667
CaseKI67_0075.ndpi,Annotation (germinal_center),1.0961
CaseKI67_0075.ndpi,Annotation (germinal_center),1.5643
CaseKI67_0075.ndpi,Annotation (germinal_center),1.3174
CaseKI67_0075.ndpi,Annotation (germinal_center),1.514
CaseKI67_0075.ndpi,Annotation (germinal_center),1.108
CaseKI67_0075.ndpi,Annotation (germinal_center),1.6189
CaseKI67_0075.ndpi,Annotation (germinal_center),1.2633
CaseKI67_0075.ndpi,Annotation (germinal_center),1.5002
CaseKI67_0075.ndpi,Annotation (germinal_center),0.0829
CaseKI67_0075.ndpi,Annotation (germinal_center),1.5564
CaseKI67_0075.ndpi,Annotation (germinal_center),1.3898
CaseKI67_0075.ndpi,Annotation (germinal_center),1.2863
CaseKI67_0075.ndpi,Annotation (germinal_center),1.7185
CaseKI67_0075.ndpi,Annotation (germinal_center),1.0783
CaseKI67_0075.ndpi,Annotation (germinal_center),1.3039
CaseKI67_0075.ndpi,Annotation (germinal_center),0.9584
CaseKI67_0075.ndpi,Annotation (germinal_center),1.2084
CaseKI67_0075.ndpi,Annotation (germinal_center),1.5167
CaseKI67_0075.ndpi,Annotation (germinal_center),1.4077
CaseKI67_0075.ndpi,Annotation (germinal_center),1.3088
CaseKI67_0075.ndpi,Annotation (germinal_center),0.899
CaseKI67_0075.ndpi,Annotation (germinal_center),1.5653
CaseKI67_0075.ndpi,Annotation (germinal_center),1.2894
CaseKI67_0075.ndpi,Annotation (germinal_center),1.5094
CaseKI67_0075.ndpi,Annotation (germinal_center),1.7571
CaseKI67_0075.ndpi,Annotation (germinal_center),1.3975
CaseKI67_0075.ndpi,Annotation (germinal_center),1.3042
CaseKI67_0075.ndpi,Annotation (germinal_center),1.7849
CaseKI67_0075.ndpi,Annotation (germinal_center),1.2534
CaseKI67_0075.ndpi,Annotation (germinal_center),1.8628
CaseKI67_0075.ndpi,Annotation (germinal_center),1.0155
CaseKI67_0075.ndpi,Annotation (germinal_center),1.3373
CaseKI67_0075.ndpi,Annotation (germinal_center),1.2869
CaseKI67_0075.ndpi,Annotation (germinal_center),1.5974
CaseKI67_0075.ndpi,Annotation (germinal_center),1.5571
CaseKI67_0075.ndpi,Annotation (germinal_center),1.4284
CaseKI67_0075.ndpi,Annotation (germinal_center),1.4728
CaseKI67_0075.ndpi,Annotation (germinal_center),1.6902
CaseKI67_0075.ndpi,Annotation (germinal_center),1.8108
CaseKI67_0075.ndpi,Annotation (germinal_center),1.656
CaseKI67_0075.ndpi,Annotation (germinal_center),1.9354
CaseKI67_0075.ndpi,Annotation (germinal_center),0.6568
CaseKI67_0075.ndpi,Annotation (germinal_center),1.1837
CaseKI67_0075.ndpi,Annotation (germinal_center),1.7785
CaseKI67_0075.ndpi,Annotation (germinal_center),2.0143
CaseKI67_0075.ndpi,Annotation (germinal_center),1.7019
CaseKI67_0075.ndpi,Annotation (germinal_center),1.6588
CaseKI67_0075.ndpi,Annotation (germinal_center),1.6456
CaseKI67_0075.ndpi,Annotation (germinal_center),1.3601
CaseKI67_0075.ndpi,Annotation (germinal_center),1.2592
CaseKI67_0075.ndpi,Annotation (germinal_center),2.0315
CaseKI67_0075.ndpi,Annotation (germinal_center),1.6035
CaseKI67_0075.ndpi,Annotation (germinal_center),1.3433
CaseKI67_0075.ndpi,Annotation (germinal_center),1.6921
CaseKI67_0075.ndpi,Annotation (germinal_center),1.6266
CaseKI67_0075.ndpi,Annotation (germinal_center),1.5914
CaseKI67_0075.ndpi,Annotation (germinal_center),1.6891
CaseKI67_0075.ndpi,Annotation (germinal_center),0.9081
CaseKI67_0075.ndpi,Annotation (germinal_center),1.8375
CaseKI67_0075.ndpi,Annotation (germinal_center),1.4866
CaseKI67_0075.ndpi,Annotation (germinal_center),1.9968
CaseKI67_0075.ndpi,Annotation (germinal_center),1.7708
CaseKI67_0075.ndpi,Annotation (germinal_center),1.9325
CaseKI67_0075.ndpi,Annotation (germinal_center),1.8004
CaseKI67_0075.ndpi,Annotation (germinal_center),1.5256
CaseKI67_0075.ndpi,Annotation (germinal_center),1.6708
CaseKI67_0075.ndpi,Annotation (germinal_center),1.6261
CaseKI67_0075.ndpi,Annotation (germinal_center),1.2673
CaseKI67_0075.ndpi,Annotation (germinal_center),1.8873
CaseKI67_0075.ndpi,Annotation (germinal_center),1.5552
CaseKI67_0075.ndpi,Annotation (germinal_center),1.6649
CaseKI67_0075.ndpi,Annotation (germinal_center),1.2536
CaseKI67_0075.ndpi,Annotation (germinal_center),1.3907
CaseKI67_0075.ndpi,Annotation (germinal_center),0.5701
CaseKI67_0075.ndpi,Annotation (germinal_center),1.6452
CaseKI67_0075.ndpi,Annotation (germinal_center),1.5744
CaseKI67_0075.ndpi,Annotation (germinal_center),1.7638
CaseKI67_0075.ndpi,Annotation (germinal_center),1.4294
CaseKI67_0075.ndpi,Annotation (germinal_center),1.3225
CaseKI67_0075.ndpi,Annotation (germinal_center),1.583
CaseKI67_0075.ndpi,Annotation (germinal_center),1.1789
CaseKI67_0075.ndpi,Annotation (germinal_center),1.8493
CaseKI67_0075.ndpi,Annotation (germinal_center),1.2805
CaseKI67_0075.ndpi,Annotation (germinal_center),1.3859
CaseKI67_0075.ndpi,Annotation (germinal_center),0.9481
CaseKI67_0075.ndpi,Annotation (germinal_center),1.3758
CaseKI67_0075.ndpi,Annotation (germinal_center),1.4221
CaseKI67_0075.ndpi,Annotation (germinal_center),1.5464
CaseKI67_0075.ndpi,Annotation (germinal_center),1.3918
CaseKI67_0075.ndpi,Annotation (germinal_center),0.8195
CaseKI67_0075.ndpi,Annotation (germinal_center),1.3595
CaseKI67_0075.ndpi,Annotation (germinal_center),1.4594
CaseKI67_0075.ndpi,Annotation (germinal_center),1.3734
CaseKI67_0075.ndpi,Annotation (germinal_center),1.5814
CaseKI67_0075.ndpi,Annotation (germinal_center),1.82
CaseKI67_0075.ndpi,Annotation (germinal_center),1.2332
CaseKI67_0075.ndpi,Annotation (germinal_center),1.2752
CaseKI67_0075.ndpi,Annotation (germinal_center),1.5799
CaseKI67_0075.ndpi,Annotation (germinal_center),1.3847
CaseKI67_0075.ndpi,Annotation (germinal_center),1.2454
CaseKI67_0075.ndpi,Annotation (germinal_center),1.6765
CaseKI67_0075.ndpi,Annotation (germinal_center),1.503
CaseKI67_0075.ndpi,Annotation (germinal_center),1.6441
CaseKI67_0075.ndpi,Annotation (germinal_center),1.0233
CaseKI67_0075.ndpi,Annotation (germinal_center),1.6125
CaseKI67_0075.ndpi,Annotation (germinal_center),1.5307
CaseKI67_0075.ndpi,Annotation (germinal_center),1.0205
CaseKI67_0075.ndpi,Annotation (germinal_center),1.7085
CaseKI67_0075.ndpi,Annotation (germinal_center),1.9741
CaseKI67_0075.ndpi,Annotation (germinal_center),1.7196
CaseKI67_0075.ndpi,Annotation (germinal_center),1.8125
CaseKI67_0075.ndpi,Annotation (germinal_center),1.4284
CaseKI67_0075.ndpi,Annotation (germinal_center),1.1542
CaseKI67_0075.ndpi,Annotation (germinal_center),1.4526
CaseKI67_0075.ndpi,Annotation (germinal_center),1.7786
CaseKI67_0075.ndpi,Annotation (germinal_center),1.353
CaseKI67_0075.ndpi,Annotation (germinal_center),0.1373
CaseKI67_0075.ndpi,Annotation (germinal_center),1.0059
CaseKI67_0075.ndpi,Annotation (germinal_center),1.4487
CaseKI67_0075.ndpi,Annotation (germinal_center),1.3689
CaseKI67_0075.ndpi,Annotation (germinal_center),0.1585
CaseKI67_0075.ndpi,Annotation (germinal_center),1.0695
CaseKI67_0075.ndpi,Annotation (germinal_center),1.5758
CaseKI67_0075.ndpi,Annotation (germinal_center),1.3591
CaseKI67_0075.ndpi,Annotation (germinal_center),1.6651
CaseKI67_0075.ndpi,Annotation (germinal_center),
CaseKI67_0075.ndpi,Annotation (germinal_center),1.3086
CaseKI67_0075.ndpi,Annotation (germinal_center),1.8194
CaseKI67_0075.ndpi,Annotation (germinal_center),1.4692
CaseKI67_0075.ndpi,Annotation (germinal_center),1.1099
CaseKI67_0075.ndpi,Annotation (germinal_center),0.0871
CaseKI67_0075.ndpi,Annotation (germinal_center),1.4122
CaseKI67_0075.ndpi,Annotation (germinal_center),1.0794
CaseKI67_0075.ndpi,Annotation (germinal_center),0.5149
CaseKI67_0075.ndpi,Annotation (germinal_center),0.239
CaseKI67_0075.ndpi,Annotation (germinal_center),0.9509
CaseKI67_0075.ndpi,Annotation (germinal_center),0.2475
CaseKI67_0075.ndpi,Annotation (germinal_center),1.4418
CaseKI67_0075.ndpi,Annotation (germinal_center),0.7947
CaseKI67_0075.ndpi,Annotation (germinal_center),
CaseKI67_0075.ndpi,Annotation (germinal_center),1.544
CaseKI67_0075.ndpi,Annotation (germinal_center),0.9932
CaseKI67_0075.ndpi,Annotation (germinal_center),0.1046
CaseKI67_0075.ndpi,Annotation (germinal_center),0.152
CaseKI67_0075.ndpi,Annotation (germinal_center),1.3682
CaseKI67_0075.ndpi,Annotation (germinal_center),1.0844
CaseKI67_0075.ndpi,Annotation (germinal_center),0.4428
CaseKI67_0075.ndpi,Annotation (germinal_center),1.3863
CaseKI67_0075.ndpi,Annotation (germinal_center),0.0933
CaseKI67_0075.ndpi,Annotation (germinal_center),1.3495
CaseKI67_0075.ndpi,Annotation (germinal_center),0.2116
CaseKI67_0075.ndpi,Annotation (germinal_center),1.5563
CaseKI67_0075.ndpi,Annotation (germinal_center),1.6887
CaseKI67_0075.ndpi,Annotation (germinal_center),1.3776
CaseKI67_0075.ndpi,Annotation (germinal_center),0.6166
CaseKI67_0075.ndpi,Annotation (germinal_center),1.496
CaseKI67_0075.ndpi,Annotation (germinal_center),0.9391
CaseKI67_0075.ndpi,Annotation (germinal_center),1.4525
CaseKI67_0075.ndpi,Annotation (germinal_center),1.1973
CaseKI67_0075.ndpi,Annotation (germinal_center),1.5275
CaseKI67_0075.ndpi,Annotation (germinal_center),0.9854
CaseKI67_0075.ndpi,Annotation (germinal_center),1.2751
CaseKI67_0075.ndpi,Annotation (germinal_center),1.4658
CaseKI67_0075.ndpi,Annotation (germinal_center),0.9971
CaseKI67_0075.ndpi,Annotation (germinal_center),1.583
CaseKI67_0075.ndpi,Annotation (germinal_center),1.8
CaseKI67_0075.ndpi,Annotation (germinal_center),1.6532
CaseKI67_0075.ndpi,Annotation (germinal_center),1.8167
CaseKI67_0075.ndpi,Annotation (germinal_center),1.8571
CaseKI67_0075.ndpi,Annotation (germinal_center),1.404
CaseKI67_0075.ndpi,Annotation (germinal_center),1.6268
CaseKI67_0075.ndpi,Annotation (germinal_center),1.4538
CaseKI67_0075.ndpi,Annotation (germinal_center),0.1286
CaseKI67_0075.ndpi,Annotation (germinal_center),1.3349
CaseKI67_0075.ndpi,Annotation (germinal_center),1.4121
CaseKI67_0075.ndpi,Annotation (germinal_center),1.4444
CaseKI67_0075.ndpi,Annotation (germinal_center),1.292
CaseKI67_0075.ndpi,Annotation (germinal_center),1.4199
CaseKI67_0075.ndpi,Annotation (germinal_center),1.3099
CaseKI67_0075.ndpi,Annotation (germinal_center),1.4377
CaseKI67_0075.ndpi,Annotation (germinal_center),1.8815
CaseKI67_0075.ndpi,Annotation (germinal_center),1.4266
CaseKI67_0075.ndpi,Annotation (germinal_center),1.4394
CaseKI67_0075.ndpi,Annotation (germinal_center),1.6393
CaseKI67_0075.ndpi,Annotation (germinal_center),1.2474
CaseKI67_0075.ndpi,Annotation (germinal_center),0.0819
CaseKI67_0075.ndpi,Annotation (germinal_center),0.919
CaseKI67_0075.ndpi,Annotation (germinal_center),1.0991
CaseKI67_0075.ndpi,Annotation (germinal_center),1.227
CaseKI67_0075.ndpi,Annotation (germinal_center),1.4928
CaseKI67_0075.ndpi,Annotation (germinal_center),1.6049
CaseKI67_0075.ndpi,Annotation (germinal_center),1.7891
CaseKI67_0075.ndpi,Annotation (germinal_center),1.1688
CaseKI67_0075.ndpi,Annotation (germinal_center),1.3152
CaseKI67_0075.ndpi,Annotation (germinal_center),1.5239
CaseKI67_0075.ndpi,Annotation (germinal_center),1.3524
CaseKI67_0075.ndpi,Annotation (germinal_center),1.348
CaseKI67_0075.ndpi,Annotation (germinal_center),1.0678
CaseKI67_0075.ndpi,Annotation (germinal_center),1.5376
CaseKI67_0075.ndpi,Annotation (germinal_center),1.8156
CaseKI67_0075.ndpi,Annotation (germinal_center),1.1853
CaseKI67_0075.ndpi,Annotation (germinal_center),1.6019
CaseKI67_0075.ndpi,Annotation (germinal_center),1.8556
CaseKI67_0075.ndpi,Annotation (germinal_center),0.1779
CaseKI67_0075.ndpi,Annotation (germinal_center),1.3254
CaseKI67_0075.ndpi,Annotation (germinal_center),1.1829
CaseKI67_0075.ndpi,Annotation (germinal_center),1.5574
CaseKI67_0075.ndpi,Annotation (germinal_center),1.7854
CaseKI67_0075.ndpi,Annotation (germinal_center),1.7006
CaseKI67_0075.ndpi,Annotation (germinal_center),1.4903
CaseKI67_0075.ndpi,Annotation (germinal_center),1.6999
CaseKI67_0075.ndpi,Annotation (germinal_center),1.0594
CaseKI67_0075.ndpi,Annotation (germinal_center),1.1274
CaseKI67_0075.ndpi,Annotation (germinal_center),0.1624
CaseKI67_0075.ndpi,Annotation (germinal_center),1.6493
CaseKI67_0075.ndpi,Annotation (germinal_center),1.5143
CaseKI67_0075.ndpi,Annotation (germinal_center),1.6366
CaseKI67_0075.ndpi,Annotation (germinal_center),1.3631
CaseKI67_0075.ndpi,Annotation (germinal_center),1.3775
CaseKI67_0075.ndpi,Annotation (germinal_center),1.4905
CaseKI67_0075.ndpi,Annotation (germinal_center),1.4575
CaseKI67_0075.ndpi,Annotation (germinal_center),1.7318
CaseKI67_0075.ndpi,Annotation (germinal_center),1.392
CaseKI67_0075.ndpi,Annotation (germinal_center),1.5734
CaseKI67_0075.ndpi,Annotation (germinal_center),1.4961
CaseKI67_0075.ndpi,Annotation (germinal_center),1.498
CaseKI67_0075.ndpi,Annotation (germinal_center),1.6516
CaseKI67_0075.ndpi,Annotation (germinal_center),1.3838
CaseKI67_0075.ndpi,Annotation (germinal_center),1.7001
CaseKI67_0075.ndpi,Annotation (germinal_center),1.666
CaseKI67_0075.ndpi,Annotation (germinal_center),1.6285
CaseKI67_0075.ndpi,Annotation (germinal_center),1.8119
CaseKI67_0075.ndpi,Annotation (germinal_center),0.9969
CaseKI67_0075.ndpi,Annotation (germinal_center),0.9922
CaseKI67_0075.ndpi,Annotation (germinal_center),1.626
CaseKI67_0075.ndpi,Annotation (germinal_center),1.0142
CaseKI67_0075.ndpi,Annotation (germinal_center),1.4066
CaseKI67_0075.ndpi,Annotation (germinal_center),0.4224
CaseKI67_0075.ndpi,Annotation (germinal_center),1.8465
CaseKI67_0075.ndpi,Annotation (germinal_center),1.3478
CaseKI67_0075.ndpi,Annotation (germinal_center),1.4733
CaseKI67_0075.ndpi,Annotation (germinal_center),1.3893
CaseKI67_0075.ndpi,Annotation (germinal_center),1.184
CaseKI67_0075.ndpi,Annotation (germinal_center),1.0535
CaseKI67_0075.ndpi,Annotation (germinal_center),0.897
CaseKI67_0075.ndpi,Annotation (germinal_center),0.9953
CaseKI67_0075.ndpi,Annotation (germinal_center),1.496
CaseKI67_0075.ndpi,Annotation (germinal_center),1.0615
CaseKI67_0075.ndpi,Annotation (germinal_center),1.3675
CaseKI67_0075.ndpi,Annotation (germinal_center),0.9985
CaseKI67_0075.ndpi,Annotation (germinal_center),1.3147
CaseKI67_0075.ndpi,Annotation (germinal_center),0.6986
CaseKI67_0075.ndpi,Annotation (germinal_center),1.9871
CaseKI67_0075.ndpi,Annotation (germinal_center),2.0247
CaseKI67_0075.ndpi,Annotation (germinal_center),0.099
CaseKI67_0075.ndpi,Annotation (germinal_center),0.1059
CaseKI67_0075.ndpi,Annotation (germinal_center),0.0831
CaseKI67_0075.ndpi,Annotation (germinal_center),0.1098
CaseKI67_0075.ndpi,Annotation (germinal_center),0.1055
CaseKI67_0075.ndpi,Annotation (germinal_center),2.0284
CaseKI67_0075.ndpi,Annotation (germinal_center),1.4683
CaseKI67_0075.ndpi,Annotation (germinal_center),2.041
CaseKI67_0075.ndpi,Annotation (germinal_center),0.1428
CaseKI67_0075.ndpi,Annotation (germinal_center),1.7237
CaseKI67_0075.ndpi,Annotation (germinal_center),1.0112
CaseKI67_0075.ndpi,Annotation (germinal_center),1.8475
CaseKI67_0075.ndpi,Annotation (germinal_center),0.1022
CaseKI67_0075.ndpi,Annotation (germinal_center),0.1227
CaseKI67_0075.ndpi,Annotation (germinal_center),1.9051
CaseKI67_0075.ndpi,Annotation (germinal_center),1.1907
CaseKI67_0075.ndpi,Annotation (germinal_center),1.4049
CaseKI67_0075.ndpi,Annotation (germinal_center),0.1692
CaseKI67_0075.ndpi,Annotation (germinal_center),1.9592
CaseKI67_0075.ndpi,Annotation (germinal_center),1.3215
CaseKI67_0075.ndpi,Annotation (germinal_center),0.1191
CaseKI67_0075.ndpi,Annotation (germinal_center),1.249
CaseKI67_0075.ndpi,Annotation (germinal_center),1.9487
CaseKI67_0075.ndpi,Annotation (germinal_center),0.1335
CaseKI67_0075.ndpi,Annotation (germinal_center),1.7429
CaseKI67_0075.ndpi,Annotation (germinal_center),1.7366
CaseKI67_0075.ndpi,Annotation (germinal_center),0.1178
CaseKI67_0075.ndpi,Annotation (germinal_center),1.4918
CaseKI67_0075.ndpi,Annotation (germinal_center),2.301
CaseKI67_0075.ndpi,Annotation (germinal_center),1.2776
CaseKI67_0075.ndpi,Annotation (germinal_center),1.3167
CaseKI67_0075.ndpi,Annotation (germinal_center),
CaseKI67_0075.ndpi,Annotation (germinal_center),1.8806
CaseKI67_0075.ndpi,Annotation (germinal_center),0.1181
CaseKI67_0075.ndpi,Annotation (germinal_center),1.6542
CaseKI67_0075.ndpi,Annotation (germinal_center),1.4868
CaseKI67_0075.ndpi,Annotation (germinal_center),0.1653
CaseKI67_0075.ndpi,Annotation (germinal_center),1.6529
CaseKI67_0075.ndpi,Annotation (germinal_center),0.1183
CaseKI67_0075.ndpi,Annotation (germinal_center),1.2306
CaseKI67_0075.ndpi,Annotation (germinal_center),0.9247
CaseKI67_0075.ndpi,Annotation (germinal_center),1.7031
CaseKI67_0075.ndpi,Annotation (germinal_center),1.853
CaseKI67_0075.ndpi,Annotation (germinal_center),1.6992
CaseKI67_0075.ndpi,Annotation (germinal_center),1.5451
CaseKI67_0075.ndpi,Annotation (germinal_center),1.6025
CaseKI67_0075.ndpi,Annotation (germinal_center),1.3974
CaseKI67_0075.ndpi,Annotation (germinal_center),1.5304
CaseKI67_0075.ndpi,Annotation (germinal_center),0.1459
CaseKI67_0075.ndpi,Annotation (germinal_center),1.6523
CaseKI67_0075.ndpi,Annotation (germinal_center),1.8243
CaseKI67_0075.ndpi,Annotation (germinal_center),1.6242
CaseKI67_0075.ndpi,Annotation (germinal_center),0.6382
CaseKI67_0075.ndpi,Annotation (germinal_center),1.4003
CaseKI67_0075.ndpi,Annotation (germinal_center),1.5225
CaseKI67_0075.ndpi,Annotation (germinal_center),1.6065
CaseKI67_0075.ndpi,Annotation (germinal_center),1.5173
CaseKI67_0075.ndpi,Annotation (germinal_center),1.8551
CaseKI67_0075.ndpi,Annotation (germinal_center),1.7253
CaseKI67_0075.ndpi,Annotation (germinal_center),0.1836
CaseKI67_0075.ndpi,Annotation (germinal_center),1.4429
CaseKI67_0075.ndpi,Annotation (germinal_center),1.9111
CaseKI67_0075.ndpi,Annotation (germinal_center),1.7583
CaseKI67_0075.ndpi,Annotation (germinal_center),1.4018
CaseKI67_0075.ndpi,Annotation (germinal_center),2.1226
CaseKI67_0075.ndpi,Annotation (germinal_center),1.4478
CaseKI67_0075.ndpi,Annotation (germinal_center),1.912
CaseKI67_0075.ndpi,Annotation (germinal_center),0.2384
CaseKI67_0075.ndpi,Annotation (germinal_center),1.5615
CaseKI67_0075.ndpi,Annotation (germinal_center),1.2421
CaseKI67_0075.ndpi,Annotation (germinal_center),1.2252
CaseKI67_0075.ndpi,Annotation (germinal_center),1.4206
CaseKI67_0075.ndpi,Annotation (germinal_center),0.1925
CaseKI67_0075.ndpi,Annotation (germinal_center),1.6064
CaseKI67_0075.ndpi,Annotation (germinal_center),1.646
CaseKI67_0075.ndpi,Annotation (germinal_center),1.4145
CaseKI67_0075.ndpi,Annotation (germinal_center),0.1836
CaseKI67_0075.ndpi,Annotation (germinal_center),1.7168
CaseKI67_0075.ndpi,Annotation (germinal_center),1.79
CaseKI67_0075.ndpi,Annotation (germinal_center),1.617
CaseKI67_0075.ndpi,Annotation (germinal_center),1.474
CaseKI67_0075.ndpi,Annotation (germinal_center),1.6602
CaseKI67_0075.ndpi,Annotation (germinal_center),1.381
CaseKI67_0075.ndpi,Annotation (germinal_center),1.4275
CaseKI67_0075.ndpi,Annotation (germinal_center),1.1913
CaseKI67_0075.ndpi,Annotation (germinal_center),0.4385
CaseKI67_0075.ndpi,Annotation (germinal_center),1.7723
CaseKI67_0075.ndpi,Annotation (germinal_center),1.5817
CaseKI67_0075.ndpi,Annotation (germinal_center),1.4
CaseKI67_0075.ndpi,Annotation (germinal_center),0.2758
CaseKI67_0075.ndpi,Annotation (germinal_center),1.6469
CaseKI67_0075.ndpi,Annotation (germinal_center),1.6998
CaseKI67_0075.ndpi,Annotation (germinal_center),1.4412
CaseKI67_0075.ndpi,Annotation (germinal_center),0.6734
CaseKI67_0075.ndpi,Annotation (germinal_center),1.9639
CaseKI67_0075.ndpi,Annotation (germinal_center),1.463
CaseKI67_0075.ndpi,Annotation (germinal_center),1.5527
CaseKI67_0075.ndpi,Annotation (germinal_center),0.8566
CaseKI67_0075.ndpi,Annotation (germinal_center),1.6214
CaseKI67_0075.ndpi,Annotation (germinal_center),1.5419
CaseKI67_0075.ndpi,Annotation (germinal_center),1.6323
CaseKI67_0075.ndpi,Annotation (germinal_center),1.5796
CaseKI67_0075.ndpi,Annotation (germinal_center),1.918
CaseKI67_0075.ndpi,Annotation (germinal_center),1.2776
CaseKI67_0075.ndpi,Annotation (germinal_center),1.2587
CaseKI67_0075.ndpi,Annotation (germinal_center),1.8956
CaseKI67_0075.ndpi,Annotation (germinal_center),1.6444
CaseKI67_0075.ndpi,Annotation (germinal_center),1.7602
CaseKI67_0075.ndpi,Annotation (germinal_center),1.5942
CaseKI67_0075.ndpi,Annotation (germinal_center),1.719
CaseKI67_0075.ndpi,Annotation (germinal_center),1.5709
CaseKI67_0075.ndpi,Annotation (germinal_center),1.0895
CaseKI67_0075.ndpi,Annotation (germinal_center),1.6084
CaseKI67_0075.ndpi,Annotation (germinal_center),1.7181
CaseKI67_0075.ndpi,Annotation (germinal_center),1.1755
CaseKI67_0075.ndpi,Annotation (germinal_center),0.7031
CaseKI67_0075.ndpi,Annotation (germinal_center),1.2684
CaseKI67_0075.ndpi,Annotation (germinal_center),1.5055
CaseKI67_0075.ndpi,Annotation (germinal_center),1.3892
CaseKI67_0075.ndpi,Annotation (germinal_center),1.2367
CaseKI67_0075.ndpi,Annotation (germinal_center),1.2915
CaseKI67_0075.ndpi,Annotation (germinal_center),1.6525
CaseKI67_0075.ndpi,Annotation (germinal_center),1.4223
CaseKI67_0075.ndpi,Annotation (germinal_center),1.2783
CaseKI67_0075.ndpi,Annotation (germinal_center),1.4855
CaseKI67_0075.ndpi,Annotation (germinal_center),1.4071
CaseKI67_0075.ndpi,Annotation (germinal_center),1.7116
CaseKI67_0075.ndpi,Annotation (germinal_center),1.8215
CaseKI67_0075.ndpi,Annotation (germinal_center),1.6113
CaseKI67_0075.ndpi,Annotation (germinal_center),1.0699
CaseKI67_0075.ndpi,Annotation (germinal_center),0.1983
CaseKI67_0075.ndpi,Annotation (germinal_center),1.6506
CaseKI67_0075.ndpi,Annotation (germinal_center),1.2946
CaseKI67_0075.ndpi,Annotation (germinal_center),1.2105
CaseKI67_0075.ndpi,Annotation (germinal_center),1.4915
CaseKI67_0075.ndpi,Annotation (germinal_center),1.58
CaseKI67_0075.ndpi,Annotation (germinal_center),1.3885
CaseKI67_0075.ndpi,Annotation (germinal_center),1.3178
CaseKI67_0075.ndpi,Annotation (germinal_center),1.6603
CaseKI67_0075.ndpi,Annotation (germinal_center),0.6972
CaseKI67_0075.ndpi,Annotation (germinal_center),0.0951
CaseKI67_0075.ndpi,Annotation (germinal_center),1.3374
CaseKI67_0075.ndpi,Annotation (germinal_center),0.2409
CaseKI67_0075.ndpi,Annotation (germinal_center),1.5605
CaseKI67_0075.ndpi,Annotation (germinal_center),1.5897
CaseKI67_0075.ndpi,Annotation (germinal_center),1.809
CaseKI67_0075.ndpi,Annotation (germinal_center),1.3556
CaseKI67_0075.ndpi,Annotation (germinal_center),1.8089
CaseKI67_0075.ndpi,Annotation (germinal_center),1.5772
CaseKI67_0075.ndpi,Annotation (germinal_center),1.6574
CaseKI67_0075.ndpi,Annotation (germinal_center),1.7853
CaseKI67_0075.ndpi,Annotation (germinal_center),0.8819
CaseKI67_0075.ndpi,Annotation (germinal_center),0.1083
CaseKI67_0075.ndpi,Annotation (germinal_center),0.0812
CaseKI67_0075.ndpi,Annotation (germinal_center),1.464
CaseKI67_0075.ndpi,Annotation (germinal_center),1.6384
CaseKI67_0075.ndpi,Annotation (germinal_center),1.7933
CaseKI67_0075.ndpi,Annotation (germinal_center),1.9253
CaseKI67_0075.ndpi,Annotation (germinal_center),1.5111
CaseKI67_0075.ndpi,Annotation (germinal_center),1.5252
CaseKI67_0075.ndpi,Annotation (germinal_center),1.374
CaseKI67_0075.ndpi,Annotation (germinal_center),0.1483
CaseKI67_0075.ndpi,Annotation (germinal_center),0.1751
CaseKI67_0075.ndpi,Annotation (germinal_center),1.3378
CaseKI67_0075.ndpi,Annotation (germinal_center),1.2275
CaseKI67_0075.ndpi,Annotation (germinal_center),1.6326
CaseKI67_0075.ndpi,Annotation (germinal_center),1.6081
CaseKI67_0075.ndpi,Annotation (germinal_center),1.5295
CaseKI67_0075.ndpi,Annotation (germinal_center),1.5961
CaseKI67_0075.ndpi,Annotation (germinal_center),0.7538
CaseKI67_0075.ndpi,Annotation (germinal_center),0.6826
CaseKI67_0075.ndpi,Annotation (germinal_center),1.4157
CaseKI67_0075.ndpi,Annotation (germinal_center),1.6743
CaseKI67_0075.ndpi,Annotation (germinal_center),0.147
CaseKI67_0075.ndpi,Annotation (germinal_center),1.1056
CaseKI67_0075.ndpi,Annotation (germinal_center),1.3342
CaseKI67_0075.ndpi,Annotation (germinal_center),1.5372
CaseKI67_0075.ndpi,Annotation (germinal_center),1.7201
CaseKI67_0075.ndpi,Annotation (germinal_center),1.6281
CaseKI67_0075.ndpi,Annotation (germinal_center),1.5798
CaseKI67_0075.ndpi,Annotation (germinal_center),0.1382
CaseKI67_0075.ndpi,Annotation (germinal_center),0.1321
CaseKI67_0075.ndpi,Annotation (germinal_center),1.3994
CaseKI67_0075.ndpi,Annotation (germinal_center),1.5492
CaseKI67_0075.ndpi,Annotation (germinal_center),1.4704
CaseKI67_0075.ndpi,Annotation (germinal_center),0.2852
CaseKI67_0075.ndpi,Annotation (germinal_center),1.4985
CaseKI67_0075.ndpi,Annotation (germinal_center),1.6956
CaseKI67_0075.ndpi,Annotation (germinal_center),1.4159
CaseKI67_0075.ndpi,Annotation (germinal_center),1.3085
CaseKI67_0075.ndpi,Annotation (germinal_center),1.5605
CaseKI67_0075.ndpi,Annotation (germinal_center),1.5842
CaseKI67_0075.ndpi,Annotation (germinal_center),1.5041
CaseKI67_0075.ndpi,Annotation (germinal_center),1.5594
CaseKI67_0075.ndpi,Annotation (germinal_center),1.607
CaseKI67_0075.ndpi,Annotation (germinal_center),1.7666
CaseKI67_0075.ndpi,Annotation (germinal_center),1.5798
CaseKI67_0075.ndpi,Annotation (germinal_center),1.178
CaseKI67_0075.ndpi,Annotation (germinal_center),1.5758
CaseKI67_0075.ndpi,Annotation (germinal_center),1.7251
CaseKI67_0075.ndpi,Annotation (germinal_center),0.1972
CaseKI67_0075.ndpi,Annotation (germinal_center),0.0963
CaseKI67_0075.ndpi,Annotation (germinal_center),1.6246
CaseKI67_0075.ndpi,Annotation (germinal_center),0.1596
CaseKI67_0075.ndpi,Annotation (germinal_center),1.5983
CaseKI67_0075.ndpi,Annotation (germinal_center),1.7147
CaseKI67_0075.ndpi,Annotation (germinal_center),1.5383
CaseKI67_0075.ndpi,Annotation (germinal_center),0.1318
CaseKI67_0075.ndpi,Annotation (germinal_center),1.2384
CaseKI67_0075.ndpi,Annotation (germinal_center),1.3179
CaseKI67_0075.ndpi,Annotation (germinal_center),1.7031
CaseKI67_0075.ndpi,Annotation (germinal_center),1.8592
CaseKI67_0075.ndpi,Annotation (germinal_center),0.1529
CaseKI67_0075.ndpi,Annotation (germinal_center),1.8334
CaseKI67_0075.ndpi,Annotation (germinal_center),0.4482
CaseKI67_0075.ndpi,Annotation (germinal_center),1.7493
CaseKI67_0075.ndpi,Annotation (germinal_center),1.0482
CaseKI67_0075.ndpi,Annotation (germinal_center),1.5203
CaseKI67_0075.ndpi,Annotation (germinal_center),1.5846
CaseKI67_0075.ndpi,Annotation (germinal_center),1.7423
CaseKI67_0075.ndpi,Annotation (germinal_center),1.5765
CaseKI67_0075.ndpi,Annotation (germinal_center),1.5217
CaseKI67_0075.ndpi,Annotation (germinal_center),1.4131
CaseKI67_0075.ndpi,Annotation (germinal_center),1.6868
CaseKI67_0075.ndpi,Annotation (germinal_center),1.8034
CaseKI67_0075.ndpi,Annotation (germinal_center),0.2315
CaseKI67_0075.ndpi,Annotation (germinal_center),1.5971
CaseKI67_0075.ndpi,Annotation (germinal_center),1.5315
CaseKI67_0075.ndpi,Annotation (germinal_center),0.1777
CaseKI67_0075.ndpi,Annotation (germinal_center),1.3586
CaseKI67_0075.ndpi,Annotation (germinal_center),0.1957
CaseKI67_0075.ndpi,Annotation (germinal_center),1.1686
CaseKI67_0075.ndpi,Annotation (germinal_center),1.3288
CaseKI67_0075.ndpi,Annotation (germinal_center),1.6581
CaseKI67_0075.ndpi,Annotation (germinal_center),1.3847
CaseKI67_0075.ndpi,Annotation (germinal_center),1.7117
CaseKI67_0075.ndpi,Annotation (germinal_center),1.6374
CaseKI67_0075.ndpi,Annotation (germinal_center),0.1624
CaseKI67_0075.ndpi,Annotation (germinal_center),1.1757
CaseKI67_0075.ndpi,Annotation (germinal_center),1.5989
CaseKI67_0075.ndpi,Annotation (germinal_center),1.55
CaseKI67_0075.ndpi,Annotation (germinal_center),1.4086
CaseKI67_0075.ndpi,Annotation (germinal_center),1.1085
CaseKI67_0075.ndpi,Annotation (germinal_center),0.1758
CaseKI67_0075.ndpi,Annotation (germinal_center),0.2618
CaseKI67_0075.ndpi,Annotation (germinal_center),1.1865
CaseKI67_0075.ndpi,Annotation (germinal_center),0.1549
CaseKI67_0075.ndpi,Annotation (germinal_center),0.1199
CaseKI67_0075.ndpi,Annotation (germinal_center),1.5553
CaseKI67_0075.ndpi,Annotation (germinal_center),1.7105
CaseKI67_0075.ndpi,Annotation (germinal_center),1.4191
CaseKI67_0075.ndpi,Annotation (germinal_center),1.3834
CaseKI67_0075.ndpi,Annotation (germinal_center),1.5188
CaseKI67_0075.ndpi,Annotation (germinal_center),1.0721
CaseKI67_0075.ndpi,Annotation (germinal_center),1.2886
CaseKI67_0075.ndpi,Annotation (germinal_center),1.4339
CaseKI67_0075.ndpi,Annotation (germinal_center),1.4059
CaseKI67_0075.ndpi,Annotation (germinal_center),0.2
CaseKI67_0075.ndpi,Annotation (germinal_center),0.1131
CaseKI67_0075.ndpi,Annotation (germinal_center),0.6161
CaseKI67_0075.ndpi,Annotation (germinal_center),1.2484
CaseKI67_0075.ndpi,Annotation (germinal_center),1.9995
CaseKI67_0075.ndpi,Annotation (germinal_center),0.1377
CaseKI67_0075.ndpi,Annotation (germinal_center),1.6468
CaseKI67_0075.ndpi,Annotation (germinal_center),0.105
CaseKI67_0075.ndpi,Annotation (germinal_center),0.1197
CaseKI67_0075.ndpi,Annotation (germinal_center),1.3916
CaseKI67_0075.ndpi,Annotation (germinal_center),1.6286
CaseKI67_0075.ndpi,Annotation (germinal_center),1.8363
CaseKI67_0075.ndpi,Annotation (germinal_center),0.1468
CaseKI67_0075.ndpi,Annotation (germinal_center),0.5157
CaseKI67_0075.ndpi,Annotation (germinal_center),1.6445
CaseKI67_0075.ndpi,Annotation (germinal_center),1.8679
CaseKI67_0075.ndpi,Annotation (germinal_center),1.7455
CaseKI67_0075.ndpi,Annotation (germinal_center),0.2113
CaseKI67_0075.ndpi,Annotation (germinal_center),2.2707
CaseKI67_0075.ndpi,Annotation (germinal_center),1.5903
CaseKI67_0075.ndpi,Annotation (germinal_center),1.021
CaseKI67_0075.ndpi,Annotation (germinal_center),1.7702
CaseKI67_0075.ndpi,Annotation (germinal_center),1.6481
CaseKI67_0075.ndpi,Annotation (germinal_center),1.9527
CaseKI67_0075.ndpi,Annotation (germinal_center),1.9097
CaseKI67_0075.ndpi,Annotation (germinal_center),1.5438
CaseKI67_0075.ndpi,Annotation (germinal_center),1.9204
CaseKI67_0075.ndpi,Annotation (germinal_center),0.1175
CaseKI67_0075.ndpi,Annotation (germinal_center),1.619
CaseKI67_0075.ndpi,Annotation (germinal_center),2.0241
CaseKI67_0075.ndpi,Annotation (germinal_center),1.5932
CaseKI67_0075.ndpi,Annotation (germinal_center),1.8273
CaseKI67_0075.ndpi,Annotation (germinal_center),1.9131
CaseKI67_0075.ndpi,Annotation (germinal_center),1.7239
CaseKI67_0075.ndpi,Annotation (germinal_center),1.7007
CaseKI67_0075.ndpi,Annotation (germinal_center),1.6747
CaseKI67_0075.ndpi,Annotation (germinal_center),1.567
CaseKI67_0075.ndpi,Annotation (germinal_center),1.7338
CaseKI67_0075.ndpi,Annotation (germinal_center),0.1233
CaseKI67_0075.ndpi,Annotation (germinal_center),1.5166
CaseKI67_0075.ndpi,Annotation (germinal_center),1.688
CaseKI67_0075.ndpi,Annotation (germinal_center),1.6987
CaseKI67_0075.ndpi,Annotation (germinal_center),0.1529
CaseKI67_0075.ndpi,Annotation (germinal_center),1.9993
CaseKI67_0075.ndpi,Annotation (germinal_center),0.122
CaseKI67_0075.ndpi,Annotation (germinal_center),1.757
CaseKI67_0075.ndpi,Annotation (germinal_center),2.0353
CaseKI67_0075.ndpi,Annotation (germinal_center),1.8047
CaseKI67_0075.ndpi,Annotation (germinal_center),1.748
CaseKI67_0075.ndpi,Annotation (germinal_center),1.3502
CaseKI67_0075.ndpi,Annotation (germinal_center),1.7351
CaseKI67_0075.ndpi,Annotation (germinal_center),1.6647
CaseKI67_0075.ndpi,Annotation (germinal_center),1.8235
CaseKI67_0075.ndpi,Annotation (germinal_center),1.3905
CaseKI67_0075.ndpi,Annotation (germinal_center),1.7909
CaseKI67_0075.ndpi,Annotation (germinal_center),1.6616
CaseKI67_0075.ndpi,Annotation (germinal_center),1.5599
CaseKI67_0075.ndpi,Annotation (germinal_center),1.743
CaseKI67_0075.ndpi,Annotation (germinal_center),1.9858
CaseKI67_0075.ndpi,Annotation (germinal_center),0.203
CaseKI67_0075.ndpi,Annotation (germinal_center),0.3977
CaseKI67_0075.ndpi,Annotation (germinal_center),1.7188
CaseKI67_0075.ndpi,Annotation (germinal_center),1.6821
CaseKI67_0075.ndpi,Annotation (germinal_center),1.6774
CaseKI67_0075.ndpi,Annotation (germinal_center),1.6088
CaseKI67_0075.ndpi,Annotation (germinal_center),1.7923
CaseKI67_0075.ndpi,Annotation (germinal_center),1.9959
CaseKI67_0075.ndpi,Annotation (germinal_center),1.6604
CaseKI67_0075.ndpi,Annotation (germinal_center),1.7245
CaseKI67_0075.ndpi,Annotation (germinal_center),1.4649
CaseKI67_0075.ndpi,Annotation (germinal_center),0.2062
CaseKI67_0075.ndpi,Annotation (germinal_center),1.8192
CaseKI67_0075.ndpi,Annotation (germinal_center),1.5334
CaseKI67_0075.ndpi,Annotation (germinal_center),1.7385
CaseKI67_0075.ndpi,Annotation (germinal_center),1.6442
CaseKI67_0075.ndpi,Annotation (germinal_center),1.4927
CaseKI67_0075.ndpi,Annotation (germinal_center),1.8291
CaseKI67_0075.ndpi,Annotation (germinal_center),1.5032
CaseKI67_0075.ndpi,Annotation (germinal_center),1.1878
CaseKI67_0075.ndpi,Annotation (germinal_center),1.9627
CaseKI67_0075.ndpi,Annotation (germinal_center),1.6617
CaseKI67_0075.ndpi,Annotation (germinal_center),1.5903
CaseKI67_0075.ndpi,Annotation (germinal_center),1.6267
CaseKI67_0075.ndpi,Annotation (germinal_center),1.6711
CaseKI67_0075.ndpi,Annotation (germinal_center),1.3173
CaseKI67_0075.ndpi,Annotation (germinal_center),1.7989
CaseKI67_0075.ndpi,Annotation (germinal_center),1.3796
CaseKI67_0075.ndpi,Annotation (germinal_center),1.6494
CaseKI67_0075.ndpi,Annotation (germinal_center),1.698
CaseKI67_0075.ndpi,Annotation (germinal_center),1.8408
CaseKI67_0075.ndpi,Annotation (germinal_center),1.5081
CaseKI67_0075.ndpi,Annotation (germinal_center),1.8076
CaseKI67_0075.ndpi,Annotation (germinal_center),1.3052
CaseKI67_0075.ndpi,Annotation (germinal_center),1.7927
CaseKI67_0075.ndpi,Annotation (germinal_center),1.8039
CaseKI67_0075.ndpi,Annotation (germinal_center),1.5578
CaseKI67_0075.ndpi,Annotation (germinal_center),1.9604
CaseKI67_0075.ndpi,Annotation (germinal_center),1.8279
CaseKI67_0075.ndpi,Annotation (germinal_center),1.8107
CaseKI67_0075.ndpi,Annotation (germinal_center),1.3955
CaseKI67_0075.ndpi,Annotation (germinal_center),1.8853
CaseKI67_0075.ndpi,Annotation (germinal_center),1.8272
CaseKI67_0075.ndpi,Annotation (germinal_center),1.4024
CaseKI67_0075.ndpi,Annotation (germinal_center),0.1318
CaseKI67_0075.ndpi,Annotation (germinal_center),1.2564
CaseKI67_0075.ndpi,Annotation (germinal_center),1.8955
CaseKI67_0075.ndpi,Annotation (germinal_center),0.5397
CaseKI67_0075.ndpi,Annotation (germinal_center),1.5953
CaseKI67_0075.ndpi,Annotation (germinal_center),1.3953
CaseKI67_0075.ndpi,Annotation (germinal_center),0.083
CaseKI67_0075.ndpi,Annotation (germinal_center),1.6173
CaseKI67_0075.ndpi,Annotation (germinal_center),1.3443
CaseKI67_0075.ndpi,Annotation (germinal_center),1.5696
CaseKI67_0075.ndpi,Annotation (germinal_center),1.7808
CaseKI67_0075.ndpi,Annotation (germinal_center),0.1607
CaseKI67_0075.ndpi,Annotation (germinal_center),1.6071
CaseKI67_0075.ndpi,Annotation (germinal_center),1.2503
CaseKI67_0075.ndpi,Annotation (germinal_center),1.6068
CaseKI67_0075.ndpi,Annotation (germinal_center),0.0996
CaseKI67_0075.ndpi,Annotation (germinal_center),1.7407
CaseKI67_0075.ndpi,Annotation (germinal_center),1.1586
CaseKI67_0075.ndpi,Annotation (germinal_center),1.7114
CaseKI67_0075.ndpi,Annotation (germinal_center),0.1062
CaseKI67_0075.ndpi,Annotation (germinal_center),1.7647
CaseKI67_0075.ndpi,Annotation (germinal_center),0.1485
CaseKI67_0075.ndpi,Annotation (germinal_center),1.5635
CaseKI67_0075.ndpi,Annotation (germinal_center),1.9258
CaseKI67_0075.ndpi,Annotation (germinal_center),0.3043
CaseKI67_0075.ndpi,Annotation (germinal_center),1.711
CaseKI67_0075.ndpi,Annotation (germinal_center),1.3093
CaseKI67_0075.ndpi,Annotation (germinal_center),1.5365
CaseKI67_0075.ndpi,Annotation (germinal_center),1.7348
CaseKI67_0075.ndpi,Annotation (germinal_center),1.6474
CaseKI67_0075.ndpi,Annotation (germinal_center),1.6659
CaseKI67_0075.ndpi,Annotation (germinal_center),1.5405
CaseKI67_0075.ndpi,Annotation (germinal_center),1.8207
CaseKI67_0075.ndpi,Annotation (germinal_center),1.667
CaseKI67_0075.ndpi,Annotation (germinal_center),1.3579
CaseKI67_0075.ndpi,Annotation (germinal_center),1.1237
CaseKI67_0075.ndpi,Annotation (germinal_center),1.5535
CaseKI67_0075.ndpi,Annotation (germinal_center),1.595
CaseKI67_0075.ndpi,Annotation (germinal_center),1.5442
CaseKI67_0075.ndpi,Annotation (germinal_center),1.6457
CaseKI67_0075.ndpi,Annotation (germinal_center),1.5148
CaseKI67_0075.ndpi,Annotation (germinal_center),1.5094
CaseKI67_0075.ndpi,Annotation (germinal_center),0.8494
CaseKI67_0075.ndpi,Annotation (germinal_center),1.5567
CaseKI67_0075.ndpi,Annotation (germinal_center),1.5838
CaseKI67_0075.ndpi,Annotation (germinal_center),1.1019
CaseKI67_0075.ndpi,Annotation (germinal_center),1.6074
CaseKI67_0075.ndpi,Annotation (germinal_center),1.2164
CaseKI67_0075.ndpi,Annotation (germinal_center),1.7167
CaseKI67_0075.ndpi,Annotation (germinal_center),1.6057
CaseKI67_0075.ndpi,Annotation (germinal_center),1.5045
CaseKI67_0075.ndpi,Annotation (germinal_center),1.5144
CaseKI67_0075.ndpi,Annotation (germinal_center),1.5389
CaseKI67_0075.ndpi,Annotation (germinal_center),1.792
CaseKI67_0075.ndpi,Annotation (germinal_center),1.6002
CaseKI67_0075.ndpi,Annotation (germinal_center),1.7592
CaseKI67_0075.ndpi,Annotation (germinal_center),1.7526
CaseKI67_0075.ndpi,Annotation (germinal_center),1.7821
CaseKI67_0075.ndpi,Annotation (germinal_center),1.5128
CaseKI67_0075.ndpi,Annotation (germinal_center),1.5095
CaseKI67_0075.ndpi,Annotation (germinal_center),1.652
CaseKI67_0075.ndpi,Annotation (germinal_center),1.5634
CaseKI67_0075.ndpi,Annotation (germinal_center),1.8422
CaseKI67_0075.ndpi,Annotation (germinal_center),1.6122
CaseKI67_0075.ndpi,Annotation (germinal_center),1.6799
CaseKI67_0075.ndpi,Annotation (germinal_center),1.2344
CaseKI67_0075.ndpi,Annotation (germinal_center),1.3112
CaseKI67_0075.ndpi,Annotation (germinal_center),1.627
CaseKI67_0075.ndpi,Annotation (germinal_center),1.5354
CaseKI67_0075.ndpi,Annotation (germinal_center),0.1771
CaseKI67_0075.ndpi,Annotation (germinal_center),1.4813
CaseKI67_0075.ndpi,Annotation (germinal_center),1.4568
CaseKI67_0075.ndpi,Annotation (germinal_center),1.3601
CaseKI67_0075.ndpi,Annotation (germinal_center),1.6057
CaseKI67_0075.ndpi,Annotation (germinal_center),1.3021
CaseKI67_0075.ndpi,Annotation (germinal_center),1.5844
CaseKI67_0075.ndpi,Annotation (germinal_center),1.2046
CaseKI67_0075.ndpi,Annotation (germinal_center),1.1168
CaseKI67_0075.ndpi,Annotation (germinal_center),1.536
CaseKI67_0075.ndpi,Annotation (germinal_center),1.6962
CaseKI67_0075.ndpi,Annotation (germinal_center),1.4452
CaseKI67_0075.ndpi,Annotation (germinal_center),1.4611
CaseKI67_0075.ndpi,Annotation (germinal_center),1.5193
CaseKI67_0075.ndpi,Annotation (germinal_center),1.6135
CaseKI67_0075.ndpi,Annotation (germinal_center),1.4903
CaseKI67_0075.ndpi,Annotation (germinal_center),1.7092
CaseKI67_0075.ndpi,Annotation (germinal_center),1.6522
CaseKI67_0075.ndpi,Annotation (germinal_center),1.6953
CaseKI67_0075.ndpi,Annotation (germinal_center),1.6891
CaseKI67_0075.ndpi,Annotation (germinal_center),1.4801
CaseKI67_0075.ndpi,Annotation (germinal_center),2.143
CaseKI67_0075.ndpi,Annotation (germinal_center),1.4432
CaseKI67_0075.ndpi,Annotation (germinal_center),1.6849
CaseKI67_0075.ndpi,Annotation (germinal_center),1.8125
CaseKI67_0075.ndpi,Annotation (germinal_center),1.2551
CaseKI67_0075.ndpi,Annotation (germinal_center),1.2848
CaseKI67_0075.ndpi,Annotation (germinal_center),1.5244
CaseKI67_0075.ndpi,Annotation (germinal_center),1.4072
CaseKI67_0075.ndpi,Annotation (germinal_center),1.3053
CaseKI67_0075.ndpi,Annotation (germinal_center),0.1068
CaseKI67_0075.ndpi,Annotation (germinal_center),1.2176
CaseKI67_0075.ndpi,Annotation (germinal_center),1.619
CaseKI67_0075.ndpi,Annotation (germinal_center),1.2803
CaseKI67_0075.ndpi,Annotation (germinal_center),1.1867
CaseKI67_0075.ndpi,Annotation (germinal_center),1.5872
CaseKI67_0075.ndpi,Annotation (germinal_center),0.7298
CaseKI67_0075.ndpi,Annotation (germinal_center),1.5257
CaseKI67_0075.ndpi,Annotation (germinal_center),1.5721
CaseKI67_0075.ndpi,Annotation (germinal_center),1.6285
CaseKI67_0075.ndpi,Annotation (germinal_center),1.5159
CaseKI67_0075.ndpi,Annotation (germinal_center),1.6462
CaseKI67_0075.ndpi,Annotation (germinal_center),1.6213
CaseKI67_0075.ndpi,Annotation (germinal_center),1.3036
CaseKI67_0075.ndpi,Annotation (germinal_center),1.8348
CaseKI67_0075.ndpi,Annotation (germinal_center),1.7849
CaseKI67_0075.ndpi,Annotation (germinal_center),1.0156
CaseKI67_0075.ndpi,Annotation (germinal_center),1.3512
CaseKI67_0075.ndpi,Annotation (germinal_center),1.322
CaseKI67_0075.ndpi,Annotation (germinal_center),1.3856
CaseKI67_0075.ndpi,Annotation (germinal_center),1.5612
CaseKI67_0075.ndpi,Annotation (germinal_center),1.3807
CaseKI67_0075.ndpi,Annotation (germinal_center),1.3946
CaseKI67_0075.ndpi,Annotation (germinal_center),0.7605
CaseKI67_0075.ndpi,Annotation (germinal_center),1.3298
CaseKI67_0075.ndpi,Annotation (germinal_center),1.615
CaseKI67_0075.ndpi,Annotation (germinal_center),1.4082
CaseKI67_0075.ndpi,Annotation (germinal_center),1.776
CaseKI67_0075.ndpi,Annotation (germinal_center),1.3454
CaseKI67_0075.ndpi,Annotation (germinal_center),1.543
CaseKI67_0075.ndpi,Annotation (germinal_center),1.7835
CaseKI67_0075.ndpi,Annotation (germinal_center),1.6881
CaseKI67_0075.ndpi,Annotation (germinal_center),1.6001
CaseKI67_0075.ndpi,Annotation (germinal_center),0.1667
CaseKI67_0075.ndpi,Annotation (germinal_center),1.0563
CaseKI67_0075.ndpi,Annotation (germinal_center),0.1411
CaseKI67_0075.ndpi,Annotation (germinal_center),1.5443
CaseKI67_0075.ndpi,Annotation (germinal_center),1.7753
CaseKI67_0075.ndpi,Annotation (germinal_center),1.6537
CaseKI67_0075.ndpi,Annotation (germinal_center),1.4607
CaseKI67_0075.ndpi,Annotation (germinal_center),1.3917
CaseKI67_0075.ndpi,Annotation (germinal_center),1.5953
CaseKI67_0075.ndpi,Annotation (germinal_center),1.533
CaseKI67_0075.ndpi,Annotation (germinal_center),1.5254
CaseKI67_0075.ndpi,Annotation (germinal_center),1.6079
CaseKI67_0075.ndpi,Annotation (germinal_center),1.4069
CaseKI67_0075.ndpi,Annotation (germinal_center),1.7683
CaseKI67_0075.ndpi,Annotation (germinal_center),0.8466
CaseKI67_0075.ndpi,Annotation (germinal_center),1.0954
CaseKI67_0075.ndpi,Annotation (germinal_center),1.4814
CaseKI67_0075.ndpi,Annotation (germinal_center),1.4006
CaseKI67_0075.ndpi,Annotation (germinal_center),1.7215
CaseKI67_0075.ndpi,Annotation (germinal_center),1.3558
CaseKI67_0075.ndpi,Annotation (germinal_center),1.5126
CaseKI67_0075.ndpi,Annotation (germinal_center),1.6429
CaseKI67_0075.ndpi,Annotation (germinal_center),1.5872
CaseKI67_0075.ndpi,Annotation (germinal_center),1.5485
CaseKI67_0075.ndpi,Annotation (germinal_center),1.4118
CaseKI67_0075.ndpi,Annotation (germinal_center),1.6726
CaseKI67_0075.ndpi,Annotation (germinal_center),0.2614
CaseKI67_0075.ndpi,Annotation (germinal_center),1.6531
CaseKI67_0075.ndpi,Annotation (germinal_center),1.2032
CaseKI67_0075.ndpi,Annotation (germinal_center),1.6121
CaseKI67_0075.ndpi,Annotation (germinal_center),1.4005
CaseKI67_0075.ndpi,Annotation (germinal_center),1.708
CaseKI67_0075.ndpi,Annotation (germinal_center),1.315
CaseKI67_0075.ndpi,Annotation (germinal_center),1.7939
CaseKI67_0075.ndpi,Annotation (germinal_center),1.5937
CaseKI67_0075.ndpi,Annotation (germinal_center),2.056
CaseKI67_0075.ndpi,Annotation (germinal_center),1.2841
CaseKI67_0075.ndpi,Annotation (germinal_center),1.7679
CaseKI67_0075.ndpi,Annotation (germinal_center),1.5244
CaseKI67_0075.ndpi,Annotation (germinal_center),1.3379
CaseKI67_0075.ndpi,Annotation (germinal_center),1.0149
CaseKI67_0075.ndpi,Annotation (germinal_center),0.4307
CaseKI67_0075.ndpi,Annotation (germinal_center),1.3644
CaseKI67_0075.ndpi,Annotation (germinal_center),1.5258
CaseKI67_0075.ndpi,Annotation (germinal_center),1.7127
CaseKI67_0075.ndpi,Annotation (germinal_center),0.9119
CaseKI67_0075.ndpi,Annotation (germinal_center),1.6168
CaseKI67_0075.ndpi,Annotation (germinal_center),1.7667
CaseKI67_0075.ndpi,Annotation (germinal_center),1.6145
CaseKI67_0075.ndpi,Annotation (germinal_center),1.4188
CaseKI67_0075.ndpi,Annotation (germinal_center),1.5671
CaseKI67_0075.ndpi,Annotation (germinal_center),1.5986
CaseKI67_0075.ndpi,Annotation (germinal_center),0.2142
CaseKI67_0075.ndpi,Annotation (germinal_center),1.4115
CaseKI67_0075.ndpi,Annotation (germinal_center),1.4553
CaseKI67_0075.ndpi,Annotation (germinal_center),1.354
CaseKI67_0075.ndpi,Annotation (germinal_center),1.6695
CaseKI67_0075.ndpi,Annotation (germinal_center),1.5107
CaseKI67_0075.ndpi,Annotation (germinal_center),0.1829
CaseKI67_0075.ndpi,Annotation (germinal_center),1.3988
CaseKI67_0075.ndpi,Annotation (germinal_center),1.7991
CaseKI67_0075.ndpi,Annotation (germinal_center),1.5899
CaseKI67_0075.ndpi,Annotation (germinal_center),0.5696
CaseKI67_0075.ndpi,Annotation (germinal_center),1.4812
CaseKI67_0075.ndpi,Annotation (germinal_center),1.7139
CaseKI67_0075.ndpi,Annotation (germinal_center),0.5125
CaseKI67_0075.ndpi,Annotation (germinal_center),1.8119
CaseKI67_0075.ndpi,Annotation (germinal_center),1.2388
CaseKI67_0075.ndpi,Annotation (germinal_center),1.4078
CaseKI67_0075.ndpi,Annotation (germinal_center),1.3185
CaseKI67_0075.ndpi,Annotation (germinal_center),1.3295
CaseKI67_0075.ndpi,Annotation (germinal_center),1.3253
CaseKI67_0075.ndpi,Annotation (germinal_center),1.4699
CaseKI67_0075.ndpi,Annotation (germinal_center),1.4702
CaseKI67_0075.ndpi,Annotation (germinal_center),1.643
CaseKI67_0075.ndpi,Annotation (germinal_center),1.2666
CaseKI67_0075.ndpi,Annotation (germinal_center),1.3079
CaseKI67_0075.ndpi,Annotation (germinal_center),1.5846
CaseKI67_0075.ndpi,Annotation (germinal_center),1.6096
CaseKI67_0075.ndpi,Annotation (germinal_center),1.5612
CaseKI67_0075.ndpi,Annotation (germinal_center),1.6398
CaseKI67_0075.ndpi,Annotation (germinal_center),1.0914
CaseKI67_0075.ndpi,Annotation (germinal_center),0.9062
CaseKI67_0075.ndpi,Annotation (germinal_center),1.4676
CaseKI67_0075.ndpi,Annotation (germinal_center),1.1419
CaseKI67_0075.ndpi,Annotation (germinal_center),1.6511
CaseKI67_0075.ndpi,Annotation (germinal_center),1.3874
CaseKI67_0075.ndpi,Annotation (germinal_center),1.4118
CaseKI67_0075.ndpi,Annotation (germinal_center),1.7023
CaseKI67_0075.ndpi,Annotation (germinal_center),1.9275
CaseKI67_0075.ndpi,Annotation (germinal_center),1.5702
CaseKI67_0075.ndpi,Annotation (germinal_center),1.552
CaseKI67_0075.ndpi,Annotation (germinal_center),1.4556
CaseKI67_0075.ndpi,Annotation (germinal_center),1.4588
CaseKI67_0075.ndpi,Annotation (germinal_center),0.1198
CaseKI67_0075.ndpi,Annotation (germinal_center),1.3252
CaseKI67_0075.ndpi,Annotation (germinal_center),1.6018
CaseKI67_0075.ndpi,Annotation (germinal_center),0.1212
CaseKI67_0075.ndpi,Annotation (germinal_center),0.1506
CaseKI67_0075.ndpi,Annotation (germinal_center),0.1443
CaseKI67_0075.ndpi,Annotation (germinal_center),1.3743
CaseKI67_0075.ndpi,Annotation (germinal_center),1.3413
CaseKI67_0075.ndpi,Annotation (germinal_center),0.4594
CaseKI67_0075.ndpi,Annotation (germinal_center),1.2695
CaseKI67_0075.ndpi,Annotation (germinal_center),1.4766
CaseKI67_0075.ndpi,Annotation (germinal_center),1.6105
CaseKI67_0075.ndpi,Annotation (germinal_center),0.1282
CaseKI67_0075.ndpi,Annotation (germinal_center),1.666
CaseKI67_0075.ndpi,Annotation (germinal_center),0.1033
CaseKI67_0075.ndpi,Annotation (germinal_center),1.0334
CaseKI67_0075.ndpi,Annotation (germinal_center),1.5093
CaseKI67_0075.ndpi,Annotation (germinal_center),1.2201
CaseKI67_0075.ndpi,Annotation (germinal_center),1.4086
CaseKI67_0075.ndpi,Annotation (germinal_center),1.4297
CaseKI67_0075.ndpi,Annotation (germinal_center),1.6591
CaseKI67_0075.ndpi,Annotation (germinal_center),1.3056
CaseKI67_0075.ndpi,Annotation (germinal_center),1.2063
CaseKI67_0075.ndpi,Annotation (germinal_center),1.5996
CaseKI67_0075.ndpi,Annotation (germinal_center),1.6964
CaseKI67_0075.ndpi,Annotation (germinal_center),1.1804
CaseKI67_0075.ndpi,Annotation (germinal_center),0.7278
CaseKI67_0075.ndpi,Annotation (germinal_center),1.815
CaseKI67_0075.ndpi,Annotation (germinal_center),1.6848
CaseKI67_0075.ndpi,Annotation (germinal_center),1.7172
CaseKI67_0075.ndpi,Annotation (germinal_center),1.5182
CaseKI67_0075.ndpi,Annotation (germinal_center),1.7866
CaseKI67_0075.ndpi,Annotation (germinal_center),1.5996
CaseKI67_0075.ndpi,Annotation (germinal_center),1.3979
CaseKI67_0075.ndpi,Annotation (germinal_center),1.8109
CaseKI67_0075.ndpi,Annotation (germinal_center),1.3802
CaseKI67_0075.ndpi,Annotation (germinal_center),0.5048
CaseKI67_0075.ndpi,Annotation (germinal_center),1.544
CaseKI67_0075.ndpi,Annotation (germinal_center),1.3657
CaseKI67_0075.ndpi,Annotation (germinal_center),1.3102
CaseKI67_0075.ndpi,Annotation (germinal_center),1.6504
CaseKI67_0075.ndpi,Annotation (germinal_center),1.1252
CaseKI67_0075.ndpi,Annotation (germinal_center),1.4699
CaseKI67_0075.ndpi,Annotation (germinal_center),1.3812
CaseKI67_0075.ndpi,Annotation (germinal_center),0.9637
CaseKI67_0075.ndpi,Annotation (germinal_center),1.5313
CaseKI67_0075.ndpi,Annotation (germinal_center),1.4637
CaseKI67_0075.ndpi,Annotation (germinal_center),1.5002
CaseKI67_0075.ndpi,Annotation (germinal_center),1.4303
CaseKI67_0075.ndpi,Annotation (germinal_center),1.6491
CaseKI67_0075.ndpi,Annotation (germinal_center),1.4123
CaseKI67_0075.ndpi,Annotation (germinal_center),1.4469
CaseKI67_0075.ndpi,Annotation (germinal_center),1.4938
CaseKI67_0075.ndpi,Annotation (germinal_center),1.3517
CaseKI67_0075.ndpi,Annotation (germinal_center),0.9447
CaseKI67_0075.ndpi,Annotation (germinal_center),1.5969
CaseKI67_0075.ndpi,Annotation (germinal_center),1.4718
CaseKI67_0075.ndpi,Annotation (germinal_center),1.1034
CaseKI67_0075.ndpi,Annotation (germinal_center),1.3462
CaseKI67_0075.ndpi,Annotation (germinal_center),1.5626
CaseKI67_0075.ndpi,Annotation (germinal_center),1.8546
CaseKI67_0075.ndpi,Annotation (germinal_center),1.5601
CaseKI67_0075.ndpi,Annotation (germinal_center),1.7568
CaseKI67_0075.ndpi,Annotation (germinal_center),0.8361
CaseKI67_0075.ndpi,Annotation (germinal_center),0.1456
CaseKI67_0075.ndpi,Annotation (germinal_center),1.6554
CaseKI67_0075.ndpi,Annotation (germinal_center),1.4701
CaseKI67_0075.ndpi,Annotation (germinal_center),0.1271
CaseKI67_0075.ndpi,Annotation (germinal_center),1.222
CaseKI67_0075.ndpi,Annotation (germinal_center),1.3714
CaseKI67_0075.ndpi,Annotation (germinal_center),0.8856
CaseKI67_0075.ndpi,Annotation (germinal_center),1.2815
CaseKI67_0075.ndpi,Annotation (germinal_center),1.4214
CaseKI67_0075.ndpi,Annotation (germinal_center),1.5081
CaseKI67_0075.ndpi,Annotation (germinal_center),1.5263
CaseKI67_0075.ndpi,Annotation (germinal_center),1.8144
CaseKI67_0075.ndpi,Annotation (germinal_center),1.5895
CaseKI67_0075.ndpi,Annotation (germinal_center),1.5311
CaseKI67_0075.ndpi,Annotation (germinal_center),1.4892
CaseKI67_0075.ndpi,Annotation (germinal_center),1.6436
CaseKI67_0075.ndpi,Annotation (germinal_center),1.5342
CaseKI67_0075.ndpi,Annotation (germinal_center),1.7897
CaseKI67_0075.ndpi,Annotation (germinal_center),1.9155
CaseKI67_0075.ndpi,Annotation (germinal_center),1.4877
CaseKI67_0075.ndpi,Annotation (germinal_center),0.2186
CaseKI67_0075.ndpi,Annotation (germinal_center),1.328
CaseKI67_0075.ndpi,Annotation (germinal_center),1.8246
CaseKI67_0075.ndpi,Annotation (germinal_center),0.1735
CaseKI67_0075.ndpi,Annotation (germinal_center),0.0859
CaseKI67_0075.ndpi,Annotation (germinal_center),0.1588
CaseKI67_0075.ndpi,Annotation (germinal_center),1.5013
CaseKI67_0075.ndpi,Annotation (germinal_center),1.6079
CaseKI67_0075.ndpi,Annotation (germinal_center),1.2656
CaseKI67_0075.ndpi,Annotation (germinal_center),1.4913
CaseKI67_0075.ndpi,Annotation (germinal_center),1.423
CaseKI67_0075.ndpi,Annotation (germinal_center),0.0827
CaseKI67_0075.ndpi,Annotation (germinal_center),1.7175
CaseKI67_0075.ndpi,Annotation (germinal_center),1.6055
CaseKI67_0075.ndpi,Annotation (germinal_center),1.635
CaseKI67_0075.ndpi,Annotation (germinal_center),1.7254
CaseKI67_0075.ndpi,Annotation (germinal_center),1.3928
CaseKI67_0075.ndpi,Annotation (germinal_center),2.0257
CaseKI67_0075.ndpi,Annotation (germinal_center),1.8052
CaseKI67_0075.ndpi,Annotation (germinal_center),1.7092
CaseKI67_0075.ndpi,Annotation (germinal_center),1.3313
CaseKI67_0075.ndpi,Annotation (germinal_center),1.248
CaseKI67_0075.ndpi,Annotation (germinal_center),1.6488
CaseKI67_0075.ndpi,Annotation (germinal_center),1.7748
CaseKI67_0075.ndpi,Annotation (germinal_center),1.5807
CaseKI67_0075.ndpi,Annotation (germinal_center),1.3924
CaseKI67_0075.ndpi,Annotation (germinal_center),1.5752
CaseKI67_0075.ndpi,Annotation (germinal_center),1.4384
CaseKI67_0075.ndpi,Annotation (germinal_center),1.3527
CaseKI67_0075.ndpi,Annotation (germinal_center),1.4928
CaseKI67_0075.ndpi,Annotation (germinal_center),1.3228
CaseKI67_0075.ndpi,Annotation (germinal_center),1.2864
CaseKI67_0075.ndpi,Annotation (germinal_center),1.5528
CaseKI67_0075.ndpi,Annotation (germinal_center),1.7551
CaseKI67_0075.ndpi,Annotation (germinal_center),1.2177
CaseKI67_0075.ndpi,Annotation (germinal_center),1.4737
CaseKI67_0075.ndpi,Annotation (germinal_center),1.096
CaseKI67_0075.ndpi,Annotation (germinal_center),0.3384
CaseKI67_0075.ndpi,Annotation (germinal_center),1.5606
CaseKI67_0075.ndpi,Annotation (germinal_center),1.512
CaseKI67_0075.ndpi,Annotation (germinal_center),1.3746
CaseKI67_0075.ndpi,Annotation (germinal_center),1.2126
CaseKI67_0075.ndpi,Annotation (germinal_center),0.466
CaseKI67_0075.ndpi,Annotation (germinal_center),2.1111
CaseKI67_0075.ndpi,Annotation (germinal_center),1.4672
CaseKI67_0075.ndpi,Annotation (germinal_center),1.1718
CaseKI67_0075.ndpi,Annotation (germinal_center),1.0111
CaseKI67_0075.ndpi,Annotation (germinal_center),1.624
CaseKI67_0075.ndpi,Annotation (germinal_center),1.2408
CaseKI67_0075.ndpi,Annotation (germinal_center),1.5334
CaseKI67_0075.ndpi,Annotation (germinal_center),0.4552
CaseKI67_0075.ndpi,Annotation (germinal_center),1.6904
CaseKI67_0075.ndpi,Annotation (germinal_center),1.4628
CaseKI67_0075.ndpi,Annotation (germinal_center),1.3281
CaseKI67_0075.ndpi,Annotation (germinal_center),1.5859
CaseKI67_0075.ndpi,Annotation (germinal_center),1.3874
CaseKI67_0075.ndpi,Annotation (germinal_center),1.5575
CaseKI67_0075.ndpi,Annotation (germinal_center),1.3652
CaseKI67_0075.ndpi,Annotation (germinal_center),0.11
CaseKI67_0075.ndpi,Annotation (germinal_center),1.538
CaseKI67_0075.ndpi,Annotation (germinal_center),1.5239
CaseKI67_0075.ndpi,Annotation (germinal_center),0.1168
CaseKI67_0075.ndpi,Annotation (germinal_center),1.6991
CaseKI67_0075.ndpi,Annotation (germinal_center),1.5186
CaseKI67_0075.ndpi,Annotation (germinal_center),1.5803
CaseKI67_0075.ndpi,Annotation (germinal_center),1.564
CaseKI67_0075.ndpi,Annotation (germinal_center),1.7597
CaseKI67_0075.ndpi,Annotation (germinal_center),1.5377
CaseKI67_0075.ndpi,Annotation (germinal_center),1.5733
CaseKI67_0075.ndpi,Annotation (germinal_center),0.6927
CaseKI67_0075.ndpi,Annotation (germinal_center),1.874
CaseKI67_0075.ndpi,Annotation (germinal_center),1.8764
CaseKI67_0075.ndpi,Annotation (germinal_center),1.3908
CaseKI67_0075.ndpi,Annotation (germinal_center),1.5411
CaseKI67_0075.ndpi,Annotation (germinal_center),1.8006
CaseKI67_0075.ndpi,Annotation (germinal_center),1.7095
CaseKI67_0075.ndpi,Annotation (germinal_center),1.2767
CaseKI67_0075.ndpi,Annotation (germinal_center),1.9796
CaseKI67_0075.ndpi,Annotation (germinal_center),1.5076
CaseKI67_0075.ndpi,Annotation (germinal_center),1.6887
CaseKI67_0075.ndpi,Annotation (germinal_center),0.0962
CaseKI67_0075.ndpi,Annotation (germinal_center),1.85
CaseKI67_0075.ndpi,Annotation (germinal_center),1.1213
CaseKI67_0075.ndpi,Annotation (germinal_center),1.9105
CaseKI67_0075.ndpi,Annotation (germinal_center),1.6145
CaseKI67_0075.ndpi,Annotation (germinal_center),1.8741
CaseKI67_0075.ndpi,Annotation (germinal_center),0.1892
CaseKI67_0075.ndpi,Annotation (germinal_center),0.103
CaseKI67_0075.ndpi,Annotation (germinal_center),0.8663
CaseKI67_0075.ndpi,Annotation (germinal_center),1.565
CaseKI67_0075.ndpi,Annotation (germinal_center),1.9264
CaseKI67_0075.ndpi,Annotation (germinal_center),0.9303
CaseKI67_0075.ndpi,Annotation (germinal_center),1.783
CaseKI67_0075.ndpi,Annotation (germinal_center),0.0977
CaseKI67_0075.ndpi,Annotation (germinal_center),1.5466
CaseKI67_0075.ndpi,Annotation (germinal_center),1.6752
CaseKI67_0075.ndpi,Annotation (germinal_center),2.0536
CaseKI67_0075.ndpi,Annotation (germinal_center),1.794
CaseKI67_0075.ndpi,Annotation (germinal_center),2.0352
CaseKI67_0075.ndpi,Annotation (germinal_center),1.9343
CaseKI67_0075.ndpi,Annotation (germinal_center),1.287
CaseKI67_0075.ndpi,Annotation (germinal_center),1.5855
CaseKI67_0075.ndpi,Annotation (germinal_center),1.644
CaseKI67_0075.ndpi,Annotation (germinal_center),1.6157
CaseKI67_0075.ndpi,Annotation (germinal_center),0.1527
CaseKI67_0075.ndpi,Annotation (germinal_center),1.7732
CaseKI67_0075.ndpi,Annotation (germinal_center),1.5888
CaseKI67_0075.ndpi,Annotation (germinal_center),1.5666
CaseKI67_0075.ndpi,Annotation (germinal_center),1.5386
CaseKI67_0075.ndpi,Annotation (germinal_center),1.89
CaseKI67_0075.ndpi,Annotation (germinal_center),1.4315
CaseKI67_0075.ndpi,Annotation (germinal_center),1.5513
CaseKI67_0075.ndpi,Annotation (germinal_center),1.6608
CaseKI67_0075.ndpi,Annotation (germinal_center),1.8568
CaseKI67_0075.ndpi,Annotation (germinal_center),0.1193
CaseKI67_0075.ndpi,Annotation (germinal_center),1.7533
CaseKI67_0075.ndpi,Annotation (germinal_center),1.5878
CaseKI67_0075.ndpi,Annotation (germinal_center),1.8784
CaseKI67_0075.ndpi,Annotation (germinal_center),1.7178
CaseKI67_0075.ndpi,Annotation (germinal_center),1.0598
CaseKI67_0075.ndpi,Annotation (germinal_center),1.7515
CaseKI67_0075.ndpi,Annotation (germinal_center),1.8887
CaseKI67_0075.ndpi,Annotation (germinal_center),1.7635
CaseKI67_0075.ndpi,Annotation (germinal_center),1.8564
CaseKI67_0075.ndpi,Annotation (germinal_center),1.711
CaseKI67_0075.ndpi,Annotation (germinal_center),1.6599
CaseKI67_0075.ndpi,Annotation (germinal_center),1.7538
CaseKI67_0075.ndpi,Annotation (germinal_center),1.1905
CaseKI67_0075.ndpi,Annotation (germinal_center),1.8164
CaseKI67_0075.ndpi,Annotation (germinal_center),1.7538
CaseKI67_0075.ndpi,Annotation (germinal_center),1.7472
CaseKI67_0075.ndpi,Annotation (germinal_center),1.8141
CaseKI67_0075.ndpi,Annotation (germinal_center),1.5947
CaseKI67_0075.ndpi,Annotation (germinal_center),1.3076
CaseKI67_0075.ndpi,Annotation (germinal_center),1.5568
CaseKI67_0075.ndpi,Annotation (germinal_center),1.8553
CaseKI67_0075.ndpi,Annotation (germinal_center),1.8705
CaseKI67_0075.ndpi,Annotation (germinal_center),1.5304
CaseKI67_0075.ndpi,Annotation (germinal_center),1.7682
CaseKI67_0075.ndpi,Annotation (germinal_center),1.5909
CaseKI67_0075.ndpi,Annotation (germinal_center),1.4409
CaseKI67_0075.ndpi,Annotation (germinal_center),1.7528
CaseKI67_0075.ndpi,Annotation (germinal_center),1.8872
CaseKI67_0075.ndpi,Annotation (germinal_center),1.9668
CaseKI67_0075.ndpi,Annotation (germinal_center),1.3408
CaseKI67_0075.ndpi,Annotation (germinal_center),2.0199
CaseKI67_0075.ndpi,Annotation (germinal_center),1.5498
CaseKI67_0075.ndpi,Annotation (germinal_center),1.597
CaseKI67_0075.ndpi,Annotation (germinal_center),1.7852
CaseKI67_0075.ndpi,Annotation (germinal_center),1.7371
CaseKI67_0075.ndpi,Annotation (germinal_center),1.7231
CaseKI67_0075.ndpi,Annotation (germinal_center),2.038
CaseKI67_0075.ndpi,Annotation (germinal_center),1.3927
CaseKI67_0075.ndpi,Annotation (germinal_center),1.8921
CaseKI67_0075.ndpi,Annotation (germinal_center),1.8524
CaseKI67_0075.ndpi,Annotation (germinal_center),1.9645
CaseKI67_0075.ndpi,Annotation (germinal_center),1.1966
CaseKI67_0075.ndpi,Annotation (germinal_center),1.5819
CaseKI67_0075.ndpi,Annotation (germinal_center),1.805
CaseKI67_0075.ndpi,Annotation (germinal_center),1.4807
CaseKI67_0075.ndpi,Annotation (germinal_center),2.2178
CaseKI67_0075.ndpi,Annotation (germinal_center),1.6766
CaseKI67_0075.ndpi,Annotation (germinal_center),1.7982
CaseKI67_0075.ndpi,Annotation (germinal_center),1.5454
CaseKI67_0075.ndpi,Annotation (germinal_center),1.8176
CaseKI67_0075.ndpi,Annotation (germinal_center),1.59
CaseKI67_0075.ndpi,Annotation (germinal_center),1.8747
CaseKI67_0075.ndpi,Annotation (germinal_center),1.1226
CaseKI67_0075.ndpi,Annotation (germinal_center),1.7093
CaseKI67_0075.ndpi,Annotation (germinal_center),1.6691
CaseKI67_0075.ndpi,Annotation (germinal_center),1.4806
CaseKI67_0075.ndpi,Annotation (germinal_center),1.3734
CaseKI67_0075.ndpi,Annotation (germinal_center),1.6591
CaseKI67_0075.ndpi,Annotation (germinal_center),1.7178
CaseKI67_0075.ndpi,Annotation (germinal_center),1.654
CaseKI67_0075.ndpi,Annotation (germinal_center),1.6346
CaseKI67_0075.ndpi,Annotation (germinal_center),1.5319
CaseKI67_0075.ndpi,Annotation (germinal_center),1.586
CaseKI67_0075.ndpi,Annotation (germinal_center),1.6206
CaseKI67_0075.ndpi,Annotation (germinal_center),1.1445
CaseKI67_0075.ndpi,Annotation (germinal_center),0.3426
CaseKI67_0075.ndpi,Annotation (germinal_center),1.3663
CaseKI67_0075.ndpi,Annotation (germinal_center),1.8144
CaseKI67_0075.ndpi,Annotation (germinal_center),1.6825
CaseKI67_0075.ndpi,Annotation (germinal_center),1.6264
CaseKI67_0075.ndpi,Annotation (germinal_center),1.515
CaseKI67_0075.ndpi,Annotation (germinal_center),1.3367
CaseKI67_0075.ndpi,Annotation (germinal_center),1.8767
CaseKI67_0075.ndpi,Annotation (germinal_center),1.6898
CaseKI67_0075.ndpi,Annotation (germinal_center),1.6767
CaseKI67_0075.ndpi,Annotation (germinal_center),1.614
CaseKI67_0075.ndpi,Annotation (germinal_center),1.4698
CaseKI67_0075.ndpi,Annotation (germinal_center),0.7742
CaseKI67_0075.ndpi,Annotation (germinal_center),1.0209
CaseKI67_0075.ndpi,Annotation (germinal_center),1.2571
CaseKI67_0075.ndpi,Annotation (germinal_center),0.2566
CaseKI67_0075.ndpi,Annotation (germinal_center),1.441
CaseKI67_0075.ndpi,Annotation (germinal_center),1.8391
CaseKI67_0075.ndpi,Annotation (germinal_center),1.6264
CaseKI67_0075.ndpi,Annotation (germinal_center),1.1561
CaseKI67_0075.ndpi,Annotation (germinal_center),1.4799
CaseKI67_0075.ndpi,Annotation (germinal_center),1.2866
CaseKI67_0075.ndpi,Annotation (germinal_center),1.7203
CaseKI67_0075.ndpi,Annotation (germinal_center),1.6933
CaseKI67_0075.ndpi,Annotation (germinal_center),1.016
CaseKI67_0075.ndpi,Annotation (germinal_center),1.6106
CaseKI67_0075.ndpi,Annotation (germinal_center),1.5141
CaseKI67_0075.ndpi,Annotation (germinal_center),1.4179
CaseKI67_0075.ndpi,Annotation (germinal_center),1.9737
CaseKI67_0075.ndpi,Annotation (germinal_center),1.4379
CaseKI67_0075.ndpi,Annotation (germinal_center),1.3808
CaseKI67_0075.ndpi,Annotation (germinal_center),1.5407
CaseKI67_0075.ndpi,Annotation (germinal_center),1.8028
CaseKI67_0075.ndpi,Annotation (germinal_center),1.2386
CaseKI67_0075.ndpi,Annotation (germinal_center),0.9337
CaseKI67_0075.ndpi,Annotation (germinal_center),1.6758
CaseKI67_0075.ndpi,Annotation (germinal_center),1.6461
CaseKI67_0075.ndpi,Annotation (germinal_center),1.2006
CaseKI67_0075.ndpi,Annotation (germinal_center),1.617
CaseKI67_0075.ndpi,Annotation (germinal_center),1.4747
CaseKI67_0075.ndpi,Annotation (germinal_center),1.9198
CaseKI67_0075.ndpi,Annotation (germinal_center),1.0665
CaseKI67_0075.ndpi,Annotation (germinal_center),1.5406
CaseKI67_0075.ndpi,Annotation (germinal_center),1.7343
CaseKI67_0075.ndpi,Annotation (germinal_center),1.3193
CaseKI67_0075.ndpi,Annotation (germinal_center),1.6841
CaseKI67_0075.ndpi,Annotation (germinal_center),1.7866
CaseKI67_0075.ndpi,Annotation (germinal_center),1.1315
CaseKI67_0075.ndpi,Annotation (germinal_center),1.6646
CaseKI67_0075.ndpi,Annotation (germinal_center),1.4911
CaseKI67_0075.ndpi,Annotation (germinal_center),1.5851
CaseKI67_0075.ndpi,Annotation (germinal_center),1.9889
CaseKI67_0075.ndpi,Annotation (germinal_center),1.783
CaseKI67_0075.ndpi,Annotation (germinal_center),1.6675
CaseKI67_0075.ndpi,Annotation (germinal_center),1.6058
CaseKI67_0075.ndpi,Annotation (germinal_center),1.307
CaseKI67_0075.ndpi,Annotation (germinal_center),1.4991
CaseKI67_0075.ndpi,Annotation (germinal_center),0.9459
CaseKI67_0075.ndpi,Annotation (germinal_center),1.3782
CaseKI67_0075.ndpi,Annotation (germinal_center),1.6493
CaseKI67_0075.ndpi,Annotation (germinal_center),1.4261
CaseKI67_0075.ndpi,Annotation (germinal_center),1.7369
CaseKI67_0075.ndpi,Annotation (germinal_center),1.5626
CaseKI67_0075.ndpi,Annotation (germinal_center),1.4621
CaseKI67_0075.ndpi,Annotation (germinal_center),1.2427
CaseKI67_0075.ndpi,Annotation (germinal_center),1.6853
CaseKI67_0075.ndpi,Annotation (germinal_center),1.5965
CaseKI67_0075.ndpi,Annotation (germinal_center),0.7886
CaseKI67_0075.ndpi,Annotation (germinal_center),1.5288
CaseKI67_0075.ndpi,Annotation (germinal_center),1.8158
CaseKI67_0075.ndpi,Annotation (germinal_center),1.4735
CaseKI67_0075.ndpi,Annotation (germinal_center),1.7162
CaseKI67_0075.ndpi,Annotation (germinal_center),1.4888
CaseKI67_0075.ndpi,Annotation (germinal_center),1.4891
CaseKI67_0075.ndpi,Annotation (germinal_center),1.4233
CaseKI67_0075.ndpi,Annotation (germinal_center),1.5965
CaseKI67_0075.ndpi,Annotation (germinal_center),1.7099
CaseKI67_0075.ndpi,Annotation (germinal_center),1.9288
CaseKI67_0075.ndpi,Annotation (germinal_center),1.7868
CaseKI67_0075.ndpi,Annotation (germinal_center),1.5998
CaseKI67_0075.ndpi,Annotation (germinal_center),1.674
CaseKI67_0075.ndpi,Annotation (germinal_center),1.8752
CaseKI67_0075.ndpi,Annotation (germinal_center),1.7981
CaseKI67_0075.ndpi,Annotation (germinal_center),1.9025
CaseKI67_0075.ndpi,Annotation (germinal_center),2.3443
CaseKI67_0075.ndpi,Annotation (germinal_center),1.8128
CaseKI67_0075.ndpi,Annotation (germinal_center),1.5636
CaseKI67_0075.ndpi,Annotation (germinal_center),1.7239
CaseKI67_0075.ndpi,Annotation (germinal_center),1.4625
CaseKI67_0075.ndpi,Annotation (germinal_center),2.0112
CaseKI67_0075.ndpi,Annotation (germinal_center),1.8127
CaseKI67_0075.ndpi,Annotation (germinal_center),1.7217
CaseKI67_0075.ndpi,Annotation (germinal_center),1.3746
CaseKI67_0075.ndpi,Annotation (germinal_center),1.2569
CaseKI67_0075.ndpi,Annotation (germinal_center),1.719
CaseKI67_0075.ndpi,Annotation (germinal_center),1.7298
CaseKI67_0075.ndpi,Annotation (germinal_center),1.264
CaseKI67_0075.ndpi,Annotation (germinal_center),1.843
CaseKI67_0075.ndpi,Annotation (germinal_center),1.5152
CaseKI67_0075.ndpi,Annotation (germinal_center),1.7526
CaseKI67_0075.ndpi,Annotation (germinal_center),1.0505
CaseKI67_0075.ndpi,Annotation (germinal_center),1.4474
CaseKI67_0075.ndpi,Annotation (germinal_center),1.5727
CaseKI67_0075.ndpi,Annotation (germinal_center),1.7192
CaseKI67_0075.ndpi,Annotation (germinal_center),1.6208
CaseKI67_0075.ndpi,Annotation (germinal_center),1.3023
CaseKI67_0075.ndpi,Annotation (germinal_center),1.3969
CaseKI67_0075.ndpi,Annotation (germinal_center),1.5982
CaseKI67_0075.ndpi,Annotation (germinal_center),1.6965
CaseKI67_0075.ndpi,Annotation (germinal_center),1.1553
CaseKI67_0075.ndpi,Annotation (germinal_center),1.5332
CaseKI67_0075.ndpi,Annotation (germinal_center),1.4316
CaseKI67_0075.ndpi,Annotation (germinal_center),1.244
CaseKI67_0075.ndpi,Annotation (germinal_center),1.3553
CaseKI67_0075.ndpi,Annotation (germinal_center),1.441
CaseKI67_0075.ndpi,Annotation (germinal_center),1.813
CaseKI67_0075.ndpi,Annotation (germinal_center),1.5955
CaseKI67_0075.ndpi,Annotation (germinal_center),0.7614
CaseKI67_0075.ndpi,Annotation (germinal_center),1.2983
CaseKI67_0075.ndpi,Annotation (germinal_center),1.3817
CaseKI67_0075.ndpi,Annotation (germinal_center),1.4657
CaseKI67_0075.ndpi,Annotation (germinal_center),1.7866
CaseKI67_0075.ndpi,Annotation (germinal_center),1.7533
CaseKI67_0075.ndpi,Annotation (germinal_center),1.4936
CaseKI67_0075.ndpi,Annotation (germinal_center),1.4043
CaseKI67_0075.ndpi,Annotation (germinal_center),1.5666
CaseKI67_0075.ndpi,Annotation (germinal_center),1.5419
CaseKI67_0075.ndpi,Annotation (germinal_center),1.3175
CaseKI67_0075.ndpi,Annotation (germinal_center),0.6966
CaseKI67_0075.ndpi,Annotation (germinal_center),1.5498
CaseKI67_0075.ndpi,Annotation (germinal_center),1.297
CaseKI67_0075.ndpi,Annotation (germinal_center),1.3104
CaseKI67_0075.ndpi,Annotation (germinal_center),1.1345
CaseKI67_0075.ndpi,Annotation (germinal_center),1.6867
CaseKI67_0075.ndpi,Annotation (germinal_center),1.273
CaseKI67_0075.ndpi,Annotation (germinal_center),1.5727
CaseKI67_0075.ndpi,Annotation (germinal_center),1.5632
CaseKI67_0075.ndpi,Annotation (germinal_center),1.4957
CaseKI67_0075.ndpi,Annotation (germinal_center),1.3865
CaseKI67_0075.ndpi,Annotation (germinal_center),0.1633
CaseKI67_0075.ndpi,Annotation (germinal_center),1.4272
CaseKI67_0075.ndpi,Annotation (germinal_center),1.3052
CaseKI67_0075.ndpi,Annotation (germinal_center),1.5383
CaseKI67_0075.ndpi,Annotation (germinal_center),1.6591
CaseKI67_0075.ndpi,Annotation (germinal_center),1.5191
CaseKI67_0075.ndpi,Annotation (germinal_center),1.2314
CaseKI67_0075.ndpi,Annotation (germinal_center),1.5809
CaseKI67_0075.ndpi,Annotation (germinal_center),1.5765
CaseKI67_0075.ndpi,Annotation (germinal_center),1.5061
CaseKI67_0075.ndpi,Annotation (germinal_center),1.4421
CaseKI67_0075.ndpi,Annotation (germinal_center),1.6439
CaseKI67_0075.ndpi,Annotation (germinal_center),1.0962
CaseKI67_0075.ndpi,Annotation (germinal_center),1.2021
CaseKI67_0075.ndpi,Annotation (germinal_center),1.4009
CaseKI67_0075.ndpi,Annotation (germinal_center),1.7659
CaseKI67_0075.ndpi,Annotation (germinal_center),1.4843
CaseKI67_0075.ndpi,Annotation (germinal_center),1.493
CaseKI67_0075.ndpi,Annotation (germinal_center),1.6401
CaseKI67_0075.ndpi,Annotation (germinal_center),1.1358
CaseKI67_0075.ndpi,Annotation (germinal_center),1.5435
CaseKI67_0075.ndpi,Annotation (germinal_center),1.543
CaseKI67_0075.ndpi,Annotation (germinal_center),1.3393
CaseKI67_0075.ndpi,Annotation (germinal_center),1.5056
CaseKI67_0075.ndpi,Annotation (germinal_center),1.4258
CaseKI67_0075.ndpi,Annotation (germinal_center),1.3252
CaseKI67_0075.ndpi,Annotation (germinal_center),1.4467
CaseKI67_0075.ndpi,Annotation (germinal_center),1.802
CaseKI67_0075.ndpi,Annotation (germinal_center),1.7445
CaseKI67_0075.ndpi,Annotation (germinal_center),1.6238
CaseKI67_0075.ndpi,Annotation (germinal_center),1.4972
CaseKI67_0075.ndpi,Annotation (germinal_center),1.6504
CaseKI67_0075.ndpi,Annotation (germinal_center),1.1975
CaseKI67_0075.ndpi,Annotation (germinal_center),1.4247
CaseKI67_0075.ndpi,Annotation (germinal_center),1.6772
CaseKI67_0075.ndpi,Annotation (germinal_center),1.3947
CaseKI67_0075.ndpi,Annotation (germinal_center),1.6013
CaseKI67_0075.ndpi,Annotation (germinal_center),1.7406
CaseKI67_0075.ndpi,Annotation (germinal_center),1.5585
CaseKI67_0075.ndpi,Annotation (germinal_center),1.2709
CaseKI67_0075.ndpi,Annotation (germinal_center),1.5698
CaseKI67_0075.ndpi,Annotation (germinal_center),1.6081
CaseKI67_0075.ndpi,Annotation (germinal_center),1.44
CaseKI67_0075.ndpi,Annotation (germinal_center),1.5989
CaseKI67_0075.ndpi,Annotation (germinal_center),1.6081
CaseKI67_0075.ndpi,Annotation (germinal_center),2.0438
CaseKI67_0075.ndpi,Annotation (germinal_center),1.7449
CaseKI67_0075.ndpi,Annotation (germinal_center),1.6133
CaseKI67_0075.ndpi,Annotation (germinal_center),1.26
CaseKI67_0075.ndpi,Annotation (germinal_center),0.3067
CaseKI67_0075.ndpi,Annotation (germinal_center),1.6922
CaseKI67_0075.ndpi,Annotation (germinal_center),1.5137
CaseKI67_0075.ndpi,Annotation (germinal_center),0.8403
CaseKI67_0075.ndpi,Annotation (germinal_center),1.4155
CaseKI67_0075.ndpi,Annotation (germinal_center),1.6936
CaseKI67_0075.ndpi,Annotation (germinal_center),1.8002
CaseKI67_0075.ndpi,Annotation (germinal_center),0.1707
CaseKI67_0075.ndpi,Annotation (germinal_center),1.428
CaseKI67_0075.ndpi,Annotation (germinal_center),1.7725
CaseKI67_0075.ndpi,Annotation (germinal_center),0.2671
CaseKI67_0075.ndpi,Annotation (germinal_center),2.1459
CaseKI67_0075.ndpi,Annotation (germinal_center),1.5957
CaseKI67_0075.ndpi,Annotation (germinal_center),1.4552
CaseKI67_0075.ndpi,Annotation (germinal_center),1.1487
CaseKI67_0075.ndpi,Annotation (germinal_center),0.7424
CaseKI67_0075.ndpi,Annotation (germinal_center),1.9176
CaseKI67_0075.ndpi,Annotation (germinal_center),1.7671
CaseKI67_0075.ndpi,Annotation (germinal_center),1.5944
CaseKI67_0075.ndpi,Annotation (germinal_center),1.1038
CaseKI67_0075.ndpi,Annotation (germinal_center),1.5279
CaseKI67_0075.ndpi,Annotation (germinal_center),1.6311
CaseKI67_0075.ndpi,Annotation (germinal_center),1.5172
CaseKI67_0075.ndpi,Annotation (germinal_center),1.533
CaseKI67_0075.ndpi,Annotation (germinal_center),1.8108
CaseKI67_0075.ndpi,Annotation (germinal_center),1.4907
CaseKI67_0075.ndpi,Annotation (germinal_center),1.6148
CaseKI67_0075.ndpi,Annotation (germinal_center),1.7598
CaseKI67_0075.ndpi,Annotation (germinal_center),1.5692
CaseKI67_0075.ndpi,Annotation (germinal_center),1.5292
CaseKI67_0075.ndpi,Annotation (germinal_center),1.6532
CaseKI67_0075.ndpi,Annotation (germinal_center),1.3311
CaseKI67_0075.ndpi,Annotation (germinal_center),1.7533
CaseKI67_0075.ndpi,Annotation (germinal_center),1.5568
CaseKI67_0075.ndpi,Annotation (germinal_center),1.5416
CaseKI67_0075.ndpi,Annotation (germinal_center),1.4747
CaseKI67_0075.ndpi,Annotation (germinal_center),1.7251
CaseKI67_0075.ndpi,Annotation (germinal_center),1.5372
CaseKI67_0075.ndpi,Annotation (germinal_center),1.2077
CaseKI67_0075.ndpi,Annotation (germinal_center),1.6848
CaseKI67_0075.ndpi,Annotation (germinal_center),1.5584
CaseKI67_0075.ndpi,Annotation (germinal_center),1.723
CaseKI67_0075.ndpi,Annotation (germinal_center),1.3595
CaseKI67_0075.ndpi,Annotation (germinal_center),1.4909
CaseKI67_0075.ndpi,Annotation (germinal_center),1.4986
CaseKI67_0075.ndpi,Annotation (germinal_center),1.5785
CaseKI67_0075.ndpi,Annotation (germinal_center),1.4933
CaseKI67_0075.ndpi,Annotation (germinal_center),1.5704
CaseKI67_0075.ndpi,Annotation (germinal_center),1.4181
CaseKI67_0075.ndpi,Annotation (germinal_center),1.5515
CaseKI67_0075.ndpi,Annotation (germinal_center),1.803
CaseKI67_0075.ndpi,Annotation (germinal_center),1.6433
CaseKI67_0075.ndpi,Annotation (germinal_center),1.5418
CaseKI67_0075.ndpi,Annotation (germinal_center),1.8513
CaseKI67_0075.ndpi,Annotation (germinal_center),1.7792
CaseKI67_0075.ndpi,Annotation (germinal_center),1.71
CaseKI67_0075.ndpi,Annotation (germinal_center),2.0392
CaseKI67_0075.ndpi,Annotation (germinal_center),1.6665
CaseKI67_0075.ndpi,Annotation (germinal_center),1.8658
CaseKI67_0075.ndpi,Annotation (germinal_center),2.081
CaseKI67_0075.ndpi,Annotation (germinal_center),1.7688
CaseKI67_0075.ndpi,Annotation (germinal_center),2.0267
CaseKI67_0075.ndpi,Annotation (germinal_center),1.5267
CaseKI67_0075.ndpi,Annotation (germinal_center),1.2922
CaseKI67_0075.ndpi,Annotation (germinal_center),2.0479
CaseKI67_0075.ndpi,Annotation (germinal_center),1.8812
CaseKI67_0075.ndpi,Annotation (germinal_center),2.0321
CaseKI67_0075.ndpi,Annotation (germinal_center),1.6801
CaseKI67_0075.ndpi,Annotation (germinal_center),1.6358
CaseKI67_0075.ndpi,Annotation (germinal_center),1.6814
CaseKI67_0075.ndpi,Annotation (germinal_center),1.9324
CaseKI67_0075.ndpi,Annotation (germinal_center),0.0926
CaseKI67_0075.ndpi,Annotation (germinal_center),1.7587
CaseKI67_0075.ndpi,Annotation (germinal_center),1.8448
CaseKI67_0075.ndpi,Annotation (germinal_center),1.8943
CaseKI67_0075.ndpi,Annotation (germinal_center),1.8162
CaseKI67_0075.ndpi,Annotation (germinal_center),1.5683
CaseKI67_0075.ndpi,Annotation (germinal_center),1.9592
CaseKI67_0075.ndpi,Annotation (germinal_center),1.6553
CaseKI67_0075.ndpi,Annotation (germinal_center),1.6898
CaseKI67_0075.ndpi,Annotation (germinal_center),1.946
CaseKI67_0075.ndpi,Annotation (germinal_center),1.6781
CaseKI67_0075.ndpi,Annotation (germinal_center),1.5222
CaseKI67_0075.ndpi,Annotation (germinal_center),1.7571
CaseKI67_0075.ndpi,Annotation (germinal_center),1.5069
CaseKI67_0075.ndpi,Annotation (germinal_center),1.96
CaseKI67_0075.ndpi,Annotation (germinal_center),1.6497
CaseKI67_0075.ndpi,Annotation (germinal_center),0.1411
CaseKI67_0075.ndpi,Annotation (germinal_center),2.0686
CaseKI67_0075.ndpi,Annotation (germinal_center),0.23
CaseKI67_0075.ndpi,Annotation (germinal_center),1.66
CaseKI67_0075.ndpi,Annotation (germinal_center),0.2756
CaseKI67_0075.ndpi,Annotation (germinal_center),0.2432
CaseKI67_0075.ndpi,Annotation (germinal_center),1.7961
CaseKI67_0075.ndpi,Annotation (germinal_center),1.8624
CaseKI67_0075.ndpi,Annotation (germinal_center),1.9164
CaseKI67_0075.ndpi,Annotation (germinal_center),1.8495
CaseKI67_0075.ndpi,Annotation (germinal_center),1.3529
CaseKI67_0075.ndpi,Annotation (germinal_center),1.6346
CaseKI67_0075.ndpi,Annotation (germinal_center),0.2135
CaseKI67_0075.ndpi,Annotation (germinal_center),1.7735
CaseKI67_0075.ndpi,Annotation (germinal_center),1.4945
CaseKI67_0075.ndpi,Annotation (germinal_center),1.9596
CaseKI67_0075.ndpi,Annotation (germinal_center),1.6925
CaseKI67_0075.ndpi,Annotation (germinal_center),1.7429
CaseKI67_0075.ndpi,Annotation (germinal_center),1.9493
CaseKI67_0075.ndpi,Annotation (germinal_center),1.5167
CaseKI67_0075.ndpi,Annotation (germinal_center),1.7954
CaseKI67_0075.ndpi,Annotation (germinal_center),0.1136
CaseKI67_0075.ndpi,Annotation (germinal_center),0.1051
CaseKI67_0075.ndpi,Annotation (germinal_center),1.9279
CaseKI67_0075.ndpi,Annotation (germinal_center),1.5268
CaseKI67_0075.ndpi,Annotation (germinal_center),1.4404
CaseKI67_0075.ndpi,Annotation (germinal_center),1.8646
CaseKI67_0075.ndpi,Annotation (germinal_center),2.014
CaseKI67_0075.ndpi,Annotation (germinal_center),1.426
CaseKI67_0075.ndpi,Annotation (germinal_center),1.7056
CaseKI67_0075.ndpi,Annotation (germinal_center),0.7273
CaseKI67_0075.ndpi,Annotation (germinal_center),1.5206
CaseKI67_0075.ndpi,Annotation (germinal_center),1.6182
CaseKI67_0075.ndpi,Annotation (germinal_center),2.0092
CaseKI67_0075.ndpi,Annotation (germinal_center),1.7685
CaseKI67_0075.ndpi,Annotation (germinal_center),1.6057
CaseKI67_0075.ndpi,Annotation (germinal_center),1.5892
CaseKI67_0075.ndpi,Annotation (germinal_center),1.7826
CaseKI67_0075.ndpi,Annotation (germinal_center),1.4538
CaseKI67_0075.ndpi,Annotation (germinal_center),1.7333
CaseKI67_0075.ndpi,Annotation (germinal_center),0.2383
CaseKI67_0075.ndpi,Annotation (germinal_center),1.8231
CaseKI67_0075.ndpi,Annotation (germinal_center),1.8742
CaseKI67_0075.ndpi,Annotation (germinal_center),1.2552
CaseKI67_0075.ndpi,Annotation (germinal_center),1.6369
CaseKI67_0075.ndpi,Annotation (germinal_center),0.2347
CaseKI67_0075.ndpi,Annotation (germinal_center),1.8925
CaseKI67_0075.ndpi,Annotation (germinal_center),1.8436
CaseKI67_0075.ndpi,Annotation (germinal_center),1.7723
CaseKI67_0075.ndpi,Annotation (germinal_center),1.415
CaseKI67_0075.ndpi,Annotation (germinal_center),1.4773
CaseKI67_0075.ndpi,Annotation (germinal_center),2.0046
CaseKI67_0075.ndpi,Annotation (germinal_center),1.8627
CaseKI67_0075.ndpi,Annotation (germinal_center),0.1376
CaseKI67_0075.ndpi,Annotation (germinal_center),1.9885
CaseKI67_0075.ndpi,Annotation (germinal_center),1.8262
CaseKI67_0075.ndpi,Annotation (germinal_center),1.8065
CaseKI67_0075.ndpi,Annotation (germinal_center),1.7619
CaseKI67_0075.ndpi,Annotation (germinal_center),1.6029
CaseKI67_0075.ndpi,Annotation (germinal_center),1.5737
CaseKI67_0075.ndpi,Annotation (germinal_center),0.194
CaseKI67_0075.ndpi,Annotation (germinal_center),1.7217
CaseKI67_0075.ndpi,Annotation (germinal_center),0.218
CaseKI67_0075.ndpi,Annotation (germinal_center),1.8437
CaseKI67_0075.ndpi,Annotation (germinal_center),1.8077
CaseKI67_0075.ndpi,Annotation (germinal_center),2.0666
CaseKI67_0075.ndpi,Annotation (germinal_center),1.9296
CaseKI67_0075.ndpi,Annotation (germinal_center),0.1503
CaseKI67_0075.ndpi,Annotation (germinal_center),1.3405
CaseKI67_0075.ndpi,Annotation (germinal_center),1.876
CaseKI67_0075.ndpi,Annotation (germinal_center),1.5825
CaseKI67_0075.ndpi,Annotation (germinal_center),1.7561
CaseKI67_0075.ndpi,Annotation (germinal_center),1.7986
CaseKI67_0075.ndpi,Annotation (germinal_center),1.1529
CaseKI67_0075.ndpi,Annotation (germinal_center),1.7007
CaseKI67_0075.ndpi,Annotation (germinal_center),2.0041
CaseKI67_0075.ndpi,Annotation (germinal_center),1.7868
CaseKI67_0075.ndpi,Annotation (germinal_center),1.6273
CaseKI67_0075.ndpi,Annotation (germinal_center),1.7414
CaseKI67_0075.ndpi,Annotation (germinal_center),1.822
CaseKI67_0075.ndpi,Annotation (germinal_center),1.5099
CaseKI67_0075.ndpi,Annotation (germinal_center),1.5622
CaseKI67_0075.ndpi,Annotation (germinal_center),1.9653
CaseKI67_0075.ndpi,Annotation (germinal_center),1.791
CaseKI67_0075.ndpi,Annotation (germinal_center),1.8762
CaseKI67_0075.ndpi,Annotation (germinal_center),
CaseKI67_0075.ndpi,Annotation (germinal_center),1.7445
CaseKI67_0075.ndpi,Annotation (germinal_center),0.1416
CaseKI67_0075.ndpi,Annotation (germinal_center),1.8085
CaseKI67_0075.ndpi,Annotation (germinal_center),2.0558
CaseKI67_0075.ndpi,Annotation (germinal_center),1.571
CaseKI67_0075.ndpi,Annotation (germinal_center),1.8328
CaseKI67_0075.ndpi,Annotation (germinal_center),2.0382
CaseKI67_0075.ndpi,Annotation (germinal_center),1.9799
CaseKI67_0075.ndpi,Annotation (germinal_center),1.5011
CaseKI67_0075.ndpi,Annotation (germinal_center),0.1794
CaseKI67_0075.ndpi,Annotation (germinal_center),1.4328
CaseKI67_0075.ndpi,Annotation (germinal_center),1.7954
CaseKI67_0075.ndpi,Annotation (germinal_center),0.1429
CaseKI67_0075.ndpi,Annotation (germinal_center),1.8261
CaseKI67_0075.ndpi,Annotation (germinal_center),1.6218
CaseKI67_0075.ndpi,Annotation (germinal_center),0.1859
CaseKI67_0075.ndpi,Annotation (germinal_center),1.6636
CaseKI67_0075.ndpi,Annotation (germinal_center),1.7854
CaseKI67_0075.ndpi,Annotation (germinal_center),1.5318
CaseKI67_0075.ndpi,Annotation (germinal_center),1.8829
CaseKI67_0075.ndpi,Annotation (germinal_center),1.3289
CaseKI67_0075.ndpi,Annotation (germinal_center),1.7809
CaseKI67_0075.ndpi,Annotation (germinal_center),1.9161
CaseKI67_0075.ndpi,Annotation (germinal_center),1.8926
CaseKI67_0075.ndpi,Annotation (germinal_center),2.0113
CaseKI67_0075.ndpi,Annotation (germinal_center),1.5042
CaseKI67_0075.ndpi,Annotation (germinal_center),1.7629
CaseKI67_0075.ndpi,Annotation (germinal_center),0.0771
CaseKI67_0075.ndpi,Annotation (germinal_center),1.8598
CaseKI67_0075.ndpi,Annotation (germinal_center),0.215
CaseKI67_0075.ndpi,Annotation (germinal_center),1.7933
CaseKI67_0075.ndpi,Annotation (germinal_center),1.8195
CaseKI67_0075.ndpi,Annotation (germinal_center),1.6186
CaseKI67_0075.ndpi,Annotation (germinal_center),0.2913
CaseKI67_0075.ndpi,Annotation (germinal_center),1.8931
CaseKI67_0075.ndpi,Annotation (germinal_center),1.7556
CaseKI67_0075.ndpi,Annotation (germinal_center),1.5911
CaseKI67_0075.ndpi,Annotation (germinal_center),1.7289
CaseKI67_0075.ndpi,Annotation (germinal_center),1.7607
CaseKI67_0075.ndpi,Annotation (germinal_center),2.0151
CaseKI67_0075.ndpi,Annotation (germinal_center),0.1276
CaseKI67_0075.ndpi,Annotation (germinal_center),0.1355
CaseKI67_0075.ndpi,Annotation (germinal_center),1.9731
CaseKI67_0075.ndpi,Annotation (germinal_center),1.4506
CaseKI67_0075.ndpi,Annotation (germinal_center),1.6384
CaseKI67_0075.ndpi,Annotation (germinal_center),2.0699
CaseKI67_0075.ndpi,Annotation (germinal_center),2.0008
CaseKI67_0075.ndpi,Annotation (germinal_center),1.873
CaseKI67_0075.ndpi,Annotation (germinal_center),1.5386
CaseKI67_0075.ndpi,Annotation (germinal_center),1.9077
CaseKI67_0075.ndpi,Annotation (germinal_center),1.1821
CaseKI67_0075.ndpi,Annotation (germinal_center),1.5135
CaseKI67_0075.ndpi,Annotation (germinal_center),1.4437
CaseKI67_0075.ndpi,Annotation (germinal_center),0.1133
CaseKI67_0075.ndpi,Annotation (germinal_center),0.0984
CaseKI67_0075.ndpi,Annotation (germinal_center),1.6983
CaseKI67_0075.ndpi,Annotation (germinal_center),1.8228
CaseKI67_0075.ndpi,Annotation (germinal_center),1.2922
CaseKI67_0075.ndpi,Annotation (germinal_center),1.5064
CaseKI67_0075.ndpi,Annotation (germinal_center),0.113
CaseKI67_0075.ndpi,Annotation (germinal_center),1.7528
CaseKI67_0075.ndpi,Annotation (germinal_center),0.9885
CaseKI67_0075.ndpi,Annotation (germinal_center),0.0788
CaseKI67_0075.ndpi,Annotation (germinal_center),0.1065
CaseKI67_0075.ndpi,Annotation (germinal_center),0.0994
CaseKI67_0075.ndpi,Annotation (germinal_center),1.7403
CaseKI67_0075.ndpi,Annotation (germinal_center),0.11
CaseKI67_0075.ndpi,Annotation (germinal_center),1.6407
CaseKI67_0075.ndpi,Annotation (germinal_center),1.2571
CaseKI67_0075.ndpi,Annotation (germinal_center),1.4391
CaseKI67_0075.ndpi,Annotation (germinal_center),1.7389
CaseKI67_0075.ndpi,Annotation (germinal_center),0.1162
CaseKI67_0075.ndpi,Annotation (germinal_center),0.1463
CaseKI67_0075.ndpi,Annotation (germinal_center),0.1097
CaseKI67_0075.ndpi,Annotation (germinal_center),0.2826
CaseKI67_0075.ndpi,Annotation (germinal_center),1.1276
CaseKI67_0075.ndpi,Annotation (germinal_center),0.1549
CaseKI67_0075.ndpi,Annotation (germinal_center),0.1327
CaseKI67_0075.ndpi,Annotation (germinal_center),1.5498
CaseKI67_0075.ndpi,Annotation (germinal_center),0.6748
CaseKI67_0075.ndpi,Annotation (germinal_center),0.1327
CaseKI67_0075.ndpi,Annotation (germinal_center),0.0994
CaseKI67_0075.ndpi,Annotation (germinal_center),1.9906
CaseKI67_0075.ndpi,Annotation (germinal_center),0.4493
CaseKI67_0075.ndpi,Annotation (germinal_center),0.2157
CaseKI67_0075.ndpi,Annotation (germinal_center),1.6343
CaseKI67_0075.ndpi,Annotation (germinal_center),0.0864
CaseKI67_0075.ndpi,Annotation (germinal_center),0.8398
CaseKI67_0075.ndpi,Annotation (germinal_center),1.2078
CaseKI67_0075.ndpi,Annotation (germinal_center),0.0872
CaseKI67_0075.ndpi,Annotation (germinal_center),1.5003
CaseKI67_0075.ndpi,Annotation (germinal_center),1.4717
CaseKI67_0075.ndpi,Annotation (germinal_center),0.2243
CaseKI67_0075.ndpi,Annotation (germinal_center),0.2988
CaseKI67_0075.ndpi,Annotation (germinal_center),1.5267
CaseKI67_0075.ndpi,Annotation (germinal_center),0.0872
CaseKI67_0075.ndpi,Annotation (germinal_center),0.0603
CaseKI67_0075.ndpi,Annotation (germinal_center),1.4891
CaseKI67_0075.ndpi,Annotation (germinal_center),1.1798
CaseKI67_0075.ndpi,Annotation (germinal_center),1.6901
CaseKI67_0075.ndpi,Annotation (germinal_center),1.6656
CaseKI67_0075.ndpi,Annotation (germinal_center),1.527
CaseKI67_0075.ndpi,Annotation (germinal_center),1.4359
CaseKI67_0075.ndpi,Annotation (germinal_center),1.8593
CaseKI67_0075.ndpi,Annotation (germinal_center),1.5487
CaseKI67_0075.ndpi,Annotation (germinal_center),1.6404
CaseKI67_0075.ndpi,Annotation (germinal_center),1.3178
CaseKI67_0075.ndpi,Annotation (germinal_center),0.1574
CaseKI67_0075.ndpi,Annotation (germinal_center),0.9735
CaseKI67_0075.ndpi,Annotation (germinal_center),0.9216
CaseKI67_0075.ndpi,Annotation (germinal_center),1.3864
CaseKI67_0075.ndpi,Annotation (germinal_center),1.7529
CaseKI67_0075.ndpi,Annotation (germinal_center),0.0764
CaseKI67_0075.ndpi,Annotation (germinal_center),1.8461
CaseKI67_0075.ndpi,Annotation (germinal_center),0.1208
CaseKI67_0075.ndpi,Annotation (germinal_center),1.5172
CaseKI67_0075.ndpi,Annotation (germinal_center),1.4417
CaseKI67_0075.ndpi,Annotation (germinal_center),0.1598
CaseKI67_0075.ndpi,Annotation (germinal_center),1.55
CaseKI67_0075.ndpi,Annotation (germinal_center),1.7115
CaseKI67_0075.ndpi,Annotation (germinal_center),1.2042
CaseKI67_0075.ndpi,Annotation (germinal_center),1.8051
CaseKI67_0075.ndpi,Annotation (germinal_center),1.5824
CaseKI67_0075.ndpi,Annotation (germinal_center),1.6058
CaseKI67_0075.ndpi,Annotation (germinal_center),1.5943
CaseKI67_0075.ndpi,Annotation (germinal_center),1.2657
CaseKI67_0075.ndpi,Annotation (germinal_center),0.2156
CaseKI67_0075.ndpi,Annotation (germinal_center),1.652
CaseKI67_0075.ndpi,Annotation (germinal_center),1.766
CaseKI67_0075.ndpi,Annotation (germinal_center),1.734
CaseKI67_0075.ndpi,Annotation (germinal_center),1.4442
CaseKI67_0075.ndpi,Annotation (germinal_center),1.5491
CaseKI67_0075.ndpi,Annotation (germinal_center),1.7792
CaseKI67_0075.ndpi,Annotation (germinal_center),1.5668
CaseKI67_0075.ndpi,Annotation (germinal_center),1.5572
CaseKI67_0075.ndpi,Annotation (germinal_center),1.749
CaseKI67_0075.ndpi,Annotation (germinal_center),1.5609
CaseKI67_0075.ndpi,Annotation (germinal_center),1.1467
CaseKI67_0075.ndpi,Annotation (germinal_center),1.6809
CaseKI67_0075.ndpi,Annotation (germinal_center),1.4354
CaseKI67_0075.ndpi,Annotation (germinal_center),1.7671
CaseKI67_0075.ndpi,Annotation (germinal_center),1.9571
CaseKI67_0075.ndpi,Annotation (germinal_center),1.4663
CaseKI67_0075.ndpi,Annotation (germinal_center),1.7305
CaseKI67_0075.ndpi,Annotation (germinal_center),1.686
CaseKI67_0075.ndpi,Annotation (germinal_center),1.4252
CaseKI67_0075.ndpi,Annotation (germinal_center),1.8431
CaseKI67_0075.ndpi,Annotation (germinal_center),1.3057
CaseKI67_0075.ndpi,Annotation (germinal_center),1.6032
CaseKI67_0075.ndpi,Annotation (germinal_center),1.6169
CaseKI67_0075.ndpi,Annotation (germinal_center),0.7016
CaseKI67_0075.ndpi,Annotation (germinal_center),1.7281
CaseKI67_0075.ndpi,Annotation (germinal_center),1.4758
CaseKI67_0075.ndpi,Annotation (germinal_center),1.6215
CaseKI67_0075.ndpi,Annotation (germinal_center),1.9261
CaseKI67_0075.ndpi,Annotation (germinal_center),1.5851
CaseKI67_0075.ndpi,Annotation (germinal_center),1.7419
CaseKI67_0075.ndpi,Annotation (germinal_center),1.3772
CaseKI67_0075.ndpi,Annotation (germinal_center),1.9008
CaseKI67_0075.ndpi,Annotation (germinal_center),1.6504
CaseKI67_0075.ndpi,Annotation (germinal_center),1.6965
CaseKI67_0075.ndpi,Annotation (germinal_center),1.6472
CaseKI67_0075.ndpi,Annotation (germinal_center),1.4557
CaseKI67_0075.ndpi,Annotation (germinal_center),1.6159
CaseKI67_0075.ndpi,Annotation (germinal_center),1.9347
CaseKI67_0075.ndpi,Annotation (germinal_center),1.717
CaseKI67_0075.ndpi,Annotation (germinal_center),1.6399
CaseKI67_0075.ndpi,Annotation (germinal_center),1.5793
CaseKI67_0075.ndpi,Annotation (germinal_center),1.6487
CaseKI67_0075.ndpi,Annotation (germinal_center),1.5337
CaseKI67_0075.ndpi,Annotation (germinal_center),1.3734
CaseKI67_0075.ndpi,Annotation (germinal_center),1.5252
CaseKI67_0075.ndpi,Annotation (germinal_center),1.5053
CaseKI67_0075.ndpi,Annotation (germinal_center),1.8
CaseKI67_0075.ndpi,Annotation (germinal_center),1.4797
CaseKI67_0075.ndpi,Annotation (germinal_center),1.6523
CaseKI67_0075.ndpi,Annotation (germinal_center),1.8418
CaseKI67_0075.ndpi,Annotation (germinal_center),0.7829
CaseKI67_0075.ndpi,Annotation (germinal_center),1.9683
CaseKI67_0075.ndpi,Annotation (germinal_center),1.337
CaseKI67_0075.ndpi,Annotation (germinal_center),1.4514
CaseKI67_0075.ndpi,Annotation (germinal_center),1.7178
CaseKI67_0075.ndpi,Annotation (germinal_center),1.5848
CaseKI67_0075.ndpi,Annotation (germinal_center),1.6334
CaseKI67_0075.ndpi,Annotation (germinal_center),1.7833
CaseKI67_0075.ndpi,Annotation (germinal_center),1.4083
CaseKI67_0075.ndpi,Annotation (germinal_center),1.2739
CaseKI67_0075.ndpi,Annotation (germinal_center),1.7098
CaseKI67_0075.ndpi,Annotation (germinal_center),1.6886
CaseKI67_0075.ndpi,Annotation (germinal_center),1.5988
CaseKI67_0075.ndpi,Annotation (germinal_center),1.5991
CaseKI67_0075.ndpi,Annotation (germinal_center),1.93
CaseKI67_0075.ndpi,Annotation (germinal_center),1.3573
CaseKI67_0075.ndpi,Annotation (germinal_center),1.5902
CaseKI67_0075.ndpi,Annotation (germinal_center),2.0835
CaseKI67_0075.ndpi,Annotation (germinal_center),1.2313
CaseKI67_0075.ndpi,Annotation (germinal_center),1.3185
CaseKI67_0075.ndpi,Annotation (germinal_center),1.6864
CaseKI67_0075.ndpi,Annotation (germinal_center),1.5042
CaseKI67_0075.ndpi,Annotation (germinal_center),1.7221
CaseKI67_0075.ndpi,Annotation (germinal_center),1.8015
CaseKI67_0075.ndpi,Annotation (germinal_center),1.6283
CaseKI67_0075.ndpi,Annotation (germinal_center),1.6641
CaseKI67_0075.ndpi,Annotation (germinal_center),1.6235
CaseKI67_0075.ndpi,Annotation (germinal_center),1.6229
CaseKI67_0075.ndpi,Annotation (germinal_center),1.1
CaseKI67_0075.ndpi,Annotation (germinal_center),1.4835
CaseKI67_0075.ndpi,Annotation (germinal_center),0.1505
CaseKI67_0075.ndpi,Annotation (germinal_center),1.6585
CaseKI67_0075.ndpi,Annotation (germinal_center),0.8817
CaseKI67_0075.ndpi,Annotation (germinal_center),1.6793
CaseKI67_0075.ndpi,Annotation (germinal_center),1.6039
CaseKI67_0075.ndpi,Annotation (germinal_center),1.6006
CaseKI67_0075.ndpi,Annotation (germinal_center),1.816
CaseKI67_0075.ndpi,Annotation (germinal_center),1.6268
CaseKI67_0075.ndpi,Annotation (germinal_center),1.4183
CaseKI67_0075.ndpi,Annotation (germinal_center),1.2633
CaseKI67_0075.ndpi,Annotation (germinal_center),1.2174
CaseKI67_0075.ndpi,Annotation (germinal_center),0.387
CaseKI67_0075.ndpi,Annotation (germinal_center),1.5375
CaseKI67_0075.ndpi,Annotation (germinal_center),1.9727
CaseKI67_0075.ndpi,Annotation (germinal_center),1.2869
CaseKI67_0075.ndpi,Annotation (germinal_center),1.3294
CaseKI67_0075.ndpi,Annotation (germinal_center),0.7922
CaseKI67_0075.ndpi,Annotation (germinal_center),1.6934
CaseKI67_0075.ndpi,Annotation (germinal_center),1.9255
CaseKI67_0075.ndpi,Annotation (germinal_center),1.7868
CaseKI67_0075.ndpi,Annotation (germinal_center),1.5924
CaseKI67_0075.ndpi,Annotation (germinal_center),1.3195
CaseKI67_0075.ndpi,Annotation (germinal_center),1.6377
CaseKI67_0075.ndpi,Annotation (germinal_center),1.5808
CaseKI67_0075.ndpi,Annotation (germinal_center),1.3032
CaseKI67_0075.ndpi,Annotation (germinal_center),1.8312
CaseKI67_0075.ndpi,Annotation (germinal_center),1.6568
CaseKI67_0075.ndpi,Annotation (germinal_center),1.4324
CaseKI67_0075.ndpi,Annotation (germinal_center),1.5635
CaseKI67_0075.ndpi,Annotation (germinal_center),0.7678
CaseKI67_0075.ndpi,Annotation (germinal_center),1.2278
CaseKI67_0075.ndpi,Annotation (germinal_center),1.5285
CaseKI67_0075.ndpi,Annotation (germinal_center),1.4956
CaseKI67_0075.ndpi,Annotation (germinal_center),1.631
CaseKI67_0075.ndpi,Annotation (germinal_center),1.4646
CaseKI67_0075.ndpi,Annotation (germinal_center),1.684
CaseKI67_0075.ndpi,Annotation (germinal_center),1.6536
CaseKI67_0075.ndpi,Annotation (germinal_center),1.6187
CaseKI67_0075.ndpi,Annotation (germinal_center),1.1165
CaseKI67_0075.ndpi,Annotation (germinal_center),1.9104
CaseKI67_0075.ndpi,Annotation (germinal_center),1.1212
CaseKI67_0075.ndpi,Annotation (germinal_center),1.6596
CaseKI67_0075.ndpi,Annotation (germinal_center),1.408
CaseKI67_0075.ndpi,Annotation (germinal_center),1.3979
CaseKI67_0075.ndpi,Annotation (germinal_center),1.0668
CaseKI67_0075.ndpi,Annotation (germinal_center),1.524
CaseKI67_0075.ndpi,Annotation (germinal_center),1.6607
CaseKI67_0075.ndpi,Annotation (germinal_center),1.7663
CaseKI67_0075.ndpi,Annotation (germinal_center),1.4239
CaseKI67_0075.ndpi,Annotation (germinal_center),1.8297
CaseKI67_0075.ndpi,Annotation (germinal_center),1.5719
CaseKI67_0075.ndpi,Annotation (germinal_center),1.527
CaseKI67_0075.ndpi,Annotation (germinal_center),1.6908
CaseKI67_0075.ndpi,Annotation (germinal_center),1.3665
CaseKI67_0075.ndpi,Annotation (germinal_center),1.4905
CaseKI67_0075.ndpi,Annotation (germinal_center),1.6297
CaseKI67_0075.ndpi,Annotation (germinal_center),1.5302
CaseKI67_0075.ndpi,Annotation (germinal_center),1.495
CaseKI67_0075.ndpi,Annotation (germinal_center),1.1415
CaseKI67_0075.ndpi,Annotation (germinal_center),1.3545
CaseKI67_0075.ndpi,Annotation (germinal_center),1.3425
CaseKI67_0075.ndpi,Annotation (germinal_center),1.5322
CaseKI67_0075.ndpi,Annotation (germinal_center),1.7384
CaseKI67_0075.ndpi,Annotation (germinal_center),1.8185
CaseKI67_0075.ndpi,Annotation (germinal_center),1.2798
CaseKI67_0075.ndpi,Annotation (germinal_center),1.7743
CaseKI67_0075.ndpi,Annotation (germinal_center),1.9224
CaseKI67_0075.ndpi,Annotation (germinal_center),1.6595
CaseKI67_0075.ndpi,Annotation (germinal_center),1.7269
CaseKI67_0075.ndpi,Annotation (germinal_center),1.8304
CaseKI67_0075.ndpi,Annotation (germinal_center),1.6564
CaseKI67_0075.ndpi,Annotation (germinal_center),1.8072
CaseKI67_0075.ndpi,Annotation (germinal_center),1.4205
CaseKI67_0075.ndpi,Annotation (germinal_center),1.3471
CaseKI67_0075.ndpi,Annotation (germinal_center),1.3822
CaseKI67_0075.ndpi,Annotation (germinal_center),1.7341
CaseKI67_0075.ndpi,Annotation (germinal_center),1.9519
CaseKI67_0075.ndpi,Annotation (germinal_center),1.847
CaseKI67_0075.ndpi,Annotation (germinal_center),2.045
CaseKI67_0075.ndpi,Annotation (germinal_center),1.8774
CaseKI67_0075.ndpi,Annotation (germinal_center),1.9094
CaseKI67_0075.ndpi,Annotation (germinal_center),1.8965
CaseKI67_0075.ndpi,Annotation (germinal_center),1.7197
CaseKI67_0075.ndpi,Annotation (germinal_center),1.9869
CaseKI67_0075.ndpi,Annotation (germinal_center),1.6215
CaseKI67_0075.ndpi,Annotation (germinal_center),1.3439
CaseKI67_0075.ndpi,Annotation (germinal_center),1.8961
CaseKI67_0075.ndpi,Annotation (germinal_center),1.928
CaseKI67_0075.ndpi,Annotation (germinal_center),1.7404
CaseKI67_0075.ndpi,Annotation (germinal_center),1.8736
CaseKI67_0075.ndpi,Annotation (germinal_center),1.3043
CaseKI67_0075.ndpi,Annotation (germinal_center),1.8326
CaseKI67_0075.ndpi,Annotation (germinal_center),1.7934
CaseKI67_0075.ndpi,Annotation (germinal_center),1.7881
CaseKI67_0075.ndpi,Annotation (germinal_center),1.4912
CaseKI67_0075.ndpi,Annotation (germinal_center),1.5513
CaseKI67_0075.ndpi,Annotation (germinal_center),1.788
CaseKI67_0075.ndpi,Annotation (germinal_center),1.9359
CaseKI67_0075.ndpi,Annotation (germinal_center),1.7602
CaseKI67_0075.ndpi,Annotation (germinal_center),1.6921
CaseKI67_0075.ndpi,Annotation (germinal_center),1.6599
CaseKI67_0075.ndpi,Annotation (germinal_center),1.6174
CaseKI67_0075.ndpi,Annotation (germinal_center),1.7784
CaseKI67_0075.ndpi,Annotation (germinal_center),1.7285
CaseKI67_0075.ndpi,Annotation (germinal_center),1.3853
CaseKI67_0075.ndpi,Annotation (germinal_center),1.3379
CaseKI67_0075.ndpi,Annotation (germinal_center),1.1634
CaseKI67_0075.ndpi,Annotation (germinal_center),1.5049
CaseKI67_0075.ndpi,Annotation (germinal_center),1.6063
CaseKI67_0075.ndpi,Annotation (germinal_center),1.5917
CaseKI67_0075.ndpi,Annotation (germinal_center),1.8433
CaseKI67_0075.ndpi,Annotation (germinal_center),1.9707
CaseKI67_0075.ndpi,Annotation (germinal_center),1.7879
CaseKI67_0075.ndpi,Annotation (germinal_center),1.9737
CaseKI67_0075.ndpi,Annotation (germinal_center),1.4112
CaseKI67_0075.ndpi,Annotation (germinal_center),0.7848
CaseKI67_0075.ndpi,Annotation (germinal_center),1.5021
CaseKI67_0075.ndpi,Annotation (germinal_center),0.0932
CaseKI67_0075.ndpi,Annotation (germinal_center),1.6449
CaseKI67_0075.ndpi,Annotation (germinal_center),1.8176
CaseKI67_0075.ndpi,Annotation (germinal_center),1.6256
CaseKI67_0075.ndpi,Annotation (germinal_center),1.93
CaseKI67_0075.ndpi,Annotation (germinal_center),1.7416
CaseKI67_0075.ndpi,Annotation (germinal_center),1.7554
CaseKI67_0075.ndpi,Annotation (germinal_center),1.7106
CaseKI67_0075.ndpi,Annotation (germinal_center),1.4859
CaseKI67_0075.ndpi,Annotation (germinal_center),1.7969
CaseKI67_0075.ndpi,Annotation (germinal_center),1.873
CaseKI67_0075.ndpi,Annotation (germinal_center),1.7495
CaseKI67_0075.ndpi,Annotation (germinal_center),1.7349
CaseKI67_0075.ndpi,Annotation (germinal_center),1.4924
CaseKI67_0075.ndpi,Annotation (germinal_center),1.6904
CaseKI67_0075.ndpi,Annotation (germinal_center),1.8146
CaseKI67_0075.ndpi,Annotation (germinal_center),1.7832
CaseKI67_0075.ndpi,Annotation (germinal_center),1.5744
CaseKI67_0075.ndpi,Annotation (germinal_center),1.7501
CaseKI67_0075.ndpi,Annotation (germinal_center),1.9399
CaseKI67_0075.ndpi,Annotation (germinal_center),0.2436
CaseKI67_0075.ndpi,Annotation (germinal_center),1.8593
CaseKI67_0075.ndpi,Annotation (germinal_center),1.9492
CaseKI67_0075.ndpi,Annotation (germinal_center),1.7516
CaseKI67_0075.ndpi,Annotation (germinal_center),1.5134
CaseKI67_0075.ndpi,Annotation (germinal_center),1.2619
CaseKI67_0075.ndpi,Annotation (germinal_center),0.1152
CaseKI67_0075.ndpi,Annotation (germinal_center),1.7408
CaseKI67_0075.ndpi,Annotation (germinal_center),1.8179
CaseKI67_0075.ndpi,Annotation (germinal_center),1.7716
CaseKI67_0075.ndpi,Annotation (germinal_center),1.8375
CaseKI67_0075.ndpi,Annotation (germinal_center),1.8656
CaseKI67_0075.ndpi,Annotation (germinal_center),1.8422
CaseKI67_0075.ndpi,Annotation (germinal_center),1.588
CaseKI67_0075.ndpi,Annotation (germinal_center),1.9438
CaseKI67_0075.ndpi,Annotation (germinal_center),1.7758
CaseKI67_0075.ndpi,Annotation (germinal_center),1.8765
CaseKI67_0075.ndpi,Annotation (germinal_center),1.6967
CaseKI67_0075.ndpi,Annotation (germinal_center),1.7723
CaseKI67_0075.ndpi,Annotation (germinal_center),1.979
CaseKI67_0075.ndpi,Annotation (germinal_center),2.0634
CaseKI67_0075.ndpi,Annotation (germinal_center),1.1756
CaseKI67_0075.ndpi,Annotation (germinal_center),1.7721
CaseKI67_0075.ndpi,Annotation (germinal_center),1.9067
CaseKI67_0075.ndpi,Annotation (germinal_center),1.7025
CaseKI67_0075.ndpi,Annotation (germinal_center),1.8783
CaseKI67_0075.ndpi,Annotation (germinal_center),1.4454
CaseKI67_0075.ndpi,Annotation (germinal_center),1.6247
CaseKI67_0075.ndpi,Annotation (germinal_center),1.8046
CaseKI67_0075.ndpi,Annotation (germinal_center),1.6622
CaseKI67_0075.ndpi,Annotation (germinal_center),1.5688
CaseKI67_0075.ndpi,Annotation (germinal_center),1.7688
CaseKI67_0075.ndpi,Annotation (germinal_center),1.6895
CaseKI67_0075.ndpi,Annotation (germinal_center),1.845
CaseKI67_0075.ndpi,Annotation (germinal_center),1.5669
CaseKI67_0075.ndpi,Annotation (germinal_center),1.6262
CaseKI67_0075.ndpi,Annotation (germinal_center),1.4712
CaseKI67_0075.ndpi,Annotation (germinal_center),1.5503
CaseKI67_0075.ndpi,Annotation (germinal_center),1.6149
CaseKI67_0075.ndpi,Annotation (germinal_center),1.6697
CaseKI67_0075.ndpi,Annotation (germinal_center),1.6874
CaseKI67_0075.ndpi,Annotation (germinal_center),1.4763
CaseKI67_0075.ndpi,Annotation (germinal_center),1.4438
CaseKI67_0075.ndpi,Annotation (germinal_center),1.6955
CaseKI67_0075.ndpi,Annotation (germinal_center),1.8334
CaseKI67_0075.ndpi,Annotation (germinal_center),1.6559
CaseKI67_0075.ndpi,Annotation (germinal_center),1.291
CaseKI67_0075.ndpi,Annotation (germinal_center),1.7482
CaseKI67_0075.ndpi,Annotation (germinal_center),1.784
CaseKI67_0075.ndpi,Annotation (germinal_center),1.8436
CaseKI67_0075.ndpi,Annotation (germinal_center),1.6107
CaseKI67_0075.ndpi,Annotation (germinal_center),1.7526
CaseKI67_0075.ndpi,Annotation (germinal_center),1.7179
CaseKI67_0075.ndpi,Annotation (germinal_center),0.2125
CaseKI67_0075.ndpi,Annotation (germinal_center),1.9349
CaseKI67_0075.ndpi,Annotation (germinal_center),1.8477
CaseKI67_0075.ndpi,Annotation (germinal_center),1.7897
CaseKI67_0075.ndpi,Annotation (germinal_center),1.8313
CaseKI67_0075.ndpi,Annotation (germinal_center),1.8314
CaseKI67_0075.ndpi,Annotation (germinal_center),1.6809
CaseKI67_0075.ndpi,Annotation (germinal_center),1.8323
CaseKI67_0075.ndpi,Annotation (germinal_center),1.7545
CaseKI67_0075.ndpi,Annotation (germinal_center),1.7274
CaseKI67_0075.ndpi,Annotation (germinal_center),1.8045
CaseKI67_0075.ndpi,Annotation (germinal_center),1.8067
CaseKI67_0075.ndpi,Annotation (germinal_center),1.4571
CaseKI67_0075.ndpi,Annotation (germinal_center),1.8072
CaseKI67_0075.ndpi,Annotation (germinal_center),2.0453
CaseKI67_0075.ndpi,Annotation (germinal_center),1.6965
CaseKI67_0075.ndpi,Annotation (germinal_center),1.6099
CaseKI67_0075.ndpi,Annotation (germinal_center),
CaseKI67_0075.ndpi,Annotation (germinal_center),1.6573
CaseKI67_0075.ndpi,Annotation (germinal_center),1.8132
CaseKI67_0075.ndpi,Annotation (germinal_center),1.6094
CaseKI67_0075.ndpi,Annotation (germinal_center),1.6228
CaseKI67_0075.ndpi,Annotation (germinal_center),1.6702
CaseKI67_0075.ndpi,Annotation (germinal_center),1.5631
CaseKI67_0075.ndpi,Annotation (germinal_center),0.4224
CaseKI67_0075.ndpi,Annotation (germinal_center),1.6314
CaseKI67_0075.ndpi,Annotation (germinal_center),0.6239
CaseKI67_0075.ndpi,Annotation (germinal_center),1.9015
CaseKI67_0075.ndpi,Annotation (germinal_center),1.7904
CaseKI67_0075.ndpi,Annotation (germinal_center),1.3746
CaseKI67_0075.ndpi,Annotation (germinal_center),1.6909
CaseKI67_0075.ndpi,Annotation (germinal_center),1.4451
CaseKI67_0075.ndpi,Annotation (germinal_center),0.3807
CaseKI67_0075.ndpi,Annotation (germinal_center),1.8556
CaseKI67_0075.ndpi,Annotation (germinal_center),1.9872
CaseKI67_0075.ndpi,Annotation (germinal_center),1.8491
CaseKI67_0075.ndpi,Annotation (germinal_center),1.651
CaseKI67_0075.ndpi,Annotation (germinal_center),1.2162
CaseKI67_0075.ndpi,Annotation (germinal_center),1.0444
CaseKI67_0075.ndpi,Annotation (germinal_center),1.6427
CaseKI67_0075.ndpi,Annotation (germinal_center),0.1741
CaseKI67_0075.ndpi,Annotation (germinal_center),2.0743
CaseKI67_0075.ndpi,Annotation (germinal_center),1.9218
CaseKI67_0075.ndpi,Annotation (germinal_center),1.8926
CaseKI67_0075.ndpi,Annotation (germinal_center),1.4791
CaseKI67_0075.ndpi,Annotation (germinal_center),1.7542
CaseKI67_0075.ndpi,Annotation (germinal_center),2.1298
CaseKI67_0075.ndpi,Annotation (germinal_center),1.5555
CaseKI67_0075.ndpi,Annotation (germinal_center),0.2717
CaseKI67_0075.ndpi,Annotation (germinal_center),1.7819
CaseKI67_0075.ndpi,Annotation (germinal_center),1.7098
CaseKI67_0075.ndpi,Annotation (germinal_center),2.0924
CaseKI67_0075.ndpi,Annotation (germinal_center),1.5111
CaseKI67_0075.ndpi,Annotation (germinal_center),1.4255
CaseKI67_0075.ndpi,Annotation (germinal_center),1.8209
CaseKI67_0075.ndpi,Annotation (germinal_center),1.9961
CaseKI67_0075.ndpi,Annotation (germinal_center),1.8436
CaseKI67_0075.ndpi,Annotation (germinal_center),1.5461
CaseKI67_0075.ndpi,Annotation (germinal_center),0.2271
CaseKI67_0075.ndpi,Annotation (germinal_center),1.9071
CaseKI67_0075.ndpi,Annotation (germinal_center),0.1513
CaseKI67_0075.ndpi,Annotation (germinal_center),1.0339
CaseKI67_0075.ndpi,Annotation (germinal_center),0.1562
CaseKI67_0075.ndpi,Annotation (germinal_center),0.1358
CaseKI67_0075.ndpi,Annotation (germinal_center),0.1859
CaseKI67_0075.ndpi,Annotation (germinal_center),0.1815
CaseKI67_0075.ndpi,Annotation (germinal_center),0.2192
CaseKI67_0075.ndpi,Annotation (germinal_center),1.0319
CaseKI67_0075.ndpi,Annotation (germinal_center),1.6865
CaseKI67_0075.ndpi,Annotation (germinal_center),0.1034
CaseKI67_0075.ndpi,Annotation (germinal_center),1.4249
CaseKI67_0075.ndpi,Annotation (germinal_center),1.8892
CaseKI67_0075.ndpi,Annotation (germinal_center),0.1383
CaseKI67_0075.ndpi,Annotation (germinal_center),1.5916
CaseKI67_0075.ndpi,Annotation (germinal_center),0.1512
CaseKI67_0075.ndpi,Annotation (germinal_center),1.865
CaseKI67_0075.ndpi,Annotation (germinal_center),1.5934
CaseKI67_0075.ndpi,Annotation (germinal_center),1.1539
CaseKI67_0075.ndpi,Annotation (germinal_center),1.7397
CaseKI67_0075.ndpi,Annotation (germinal_center),1.7457
CaseKI67_0075.ndpi,Annotation (germinal_center),1.3607
CaseKI67_0075.ndpi,Annotation (germinal_center),0.2572
CaseKI67_0075.ndpi,Annotation (germinal_center),1.5499
CaseKI67_0075.ndpi,Annotation (germinal_center),1.6668
CaseKI67_0075.ndpi,Annotation (germinal_center),1.0986
CaseKI67_0075.ndpi,Annotation (germinal_center),1.4495
CaseKI67_0075.ndpi,Annotation (germinal_center),1.2295
CaseKI67_0075.ndpi,Annotation (germinal_center),1.8038
CaseKI67_0075.ndpi,Annotation (germinal_center),0.9719
CaseKI67_0075.ndpi,Annotation (germinal_center),1.6644
CaseKI67_0075.ndpi,Annotation (germinal_center),1.5739
CaseKI67_0075.ndpi,Annotation (germinal_center),1.6749
CaseKI67_0075.ndpi,Annotation (germinal_center),1.6378
CaseKI67_0075.ndpi,Annotation (germinal_center),1.7129
CaseKI67_0075.ndpi,Annotation (germinal_center),1.1795
CaseKI67_0075.ndpi,Annotation (germinal_center),1.6283
CaseKI67_0075.ndpi,Annotation (germinal_center),1.6688
CaseKI67_0075.ndpi,Annotation (germinal_center),1.5197
CaseKI67_0075.ndpi,Annotation (germinal_center),1.572
CaseKI67_0075.ndpi,Annotation (germinal_center),1.2197
CaseKI67_0075.ndpi,Annotation (germinal_center),1.6751
CaseKI67_0075.ndpi,Annotation (germinal_center),1.6856
CaseKI67_0075.ndpi,Annotation (germinal_center),1.5864
CaseKI67_0075.ndpi,Annotation (germinal_center),1.7479
CaseKI67_0075.ndpi,Annotation (germinal_center),1.9728
CaseKI67_0075.ndpi,Annotation (germinal_center),0.2724
CaseKI67_0075.ndpi,Annotation (germinal_center),1.8083
CaseKI67_0075.ndpi,Annotation (germinal_center),1.9099
CaseKI67_0075.ndpi,Annotation (germinal_center),1.8305
CaseKI67_0075.ndpi,Annotation (germinal_center),1.7134
CaseKI67_0075.ndpi,Annotation (germinal_center),1.7521
CaseKI67_0075.ndpi,Annotation (germinal_center),1.6682
CaseKI67_0075.ndpi,Annotation (germinal_center),0.0726
CaseKI67_0075.ndpi,Annotation (germinal_center),1.8625
CaseKI67_0075.ndpi,Annotation (germinal_center),1.7449
CaseKI67_0075.ndpi,Annotation (germinal_center),1.3504
CaseKI67_0075.ndpi,Annotation (germinal_center),1.8317
CaseKI67_0075.ndpi,Annotation (germinal_center),1.5447
CaseKI67_0075.ndpi,Annotation (germinal_center),1.858
CaseKI67_0075.ndpi,Annotation (germinal_center),1.5529
CaseKI67_0075.ndpi,Annotation (germinal_center),1.6462
CaseKI67_0075.ndpi,Annotation (germinal_center),1.8723
CaseKI67_0075.ndpi,Annotation (germinal_center),0.1534
CaseKI67_0075.ndpi,Annotation (germinal_center),1.5869
CaseKI67_0075.ndpi,Annotation (germinal_center),1.671
CaseKI67_0075.ndpi,Annotation (germinal_center),1.9158
CaseKI67_0075.ndpi,Annotation (germinal_center),0.8554
CaseKI67_0075.ndpi,Annotation (germinal_center),1.5769
CaseKI67_0075.ndpi,Annotation (germinal_center),1.7159
CaseKI67_0075.ndpi,Annotation (germinal_center),1.3102
CaseKI67_0075.ndpi,Annotation (germinal_center),1.6805
CaseKI67_0075.ndpi,Annotation (germinal_center),1.109
CaseKI67_0075.ndpi,Annotation (germinal_center),1.6008
CaseKI67_0075.ndpi,Annotation (germinal_center),1.6201
CaseKI67_0075.ndpi,Annotation (germinal_center),0.9046
CaseKI67_0075.ndpi,Annotation (germinal_center),1.4295
CaseKI67_0075.ndpi,Annotation (germinal_center),1.2303
CaseKI67_0075.ndpi,Annotation (germinal_center),1.4288
CaseKI67_0075.ndpi,Annotation (germinal_center),1.7689
CaseKI67_0075.ndpi,Annotation (germinal_center),1.6801
CaseKI67_0075.ndpi,Annotation (germinal_center),0.1076
CaseKI67_0075.ndpi,Annotation (germinal_center),0.1054
CaseKI67_0075.ndpi,Annotation (germinal_center),1.6587
CaseKI67_0075.ndpi,Annotation (germinal_center),1.2661
CaseKI67_0075.ndpi,Annotation (germinal_center),1.12
CaseKI67_0075.ndpi,Annotation (germinal_center),1.7489
CaseKI67_0075.ndpi,Annotation (germinal_center),1.7386
CaseKI67_0075.ndpi,Annotation (germinal_center),1.4914
CaseKI67_0075.ndpi,Annotation (germinal_center),1.8741
CaseKI67_0075.ndpi,Annotation (germinal_center),1.0754
CaseKI67_0075.ndpi,Annotation (germinal_center),1.4776
CaseKI67_0075.ndpi,Annotation (germinal_center),2.0677
CaseKI67_0075.ndpi,Annotation (germinal_center),1.6023
CaseKI67_0075.ndpi,Annotation (germinal_center),1.3955
CaseKI67_0075.ndpi,Annotation (germinal_center),1.342
CaseKI67_0075.ndpi,Annotation (germinal_center),1.5716
CaseKI67_0075.ndpi,Annotation (germinal_center),1.6133
CaseKI67_0075.ndpi,Annotation (germinal_center),1.4718
CaseKI67_0075.ndpi,Annotation (germinal_center),1.8744
CaseKI67_0075.ndpi,Annotation (germinal_center),1.7121
CaseKI67_0075.ndpi,Annotation (germinal_center),1.4323
CaseKI67_0075.ndpi,Annotation (germinal_center),1.8122
CaseKI67_0075.ndpi,Annotation (germinal_center),1.3488
CaseKI67_0075.ndpi,Annotation (germinal_center),1.4925
CaseKI67_0075.ndpi,Annotation (germinal_center),1.7208
CaseKI67_0075.ndpi,Annotation (germinal_center),1.3317
CaseKI67_0075.ndpi,Annotation (germinal_center),1.7579
CaseKI67_0075.ndpi,Annotation (germinal_center),0.0875
CaseKI67_0075.ndpi,Annotation (germinal_center),1.2799
CaseKI67_0075.ndpi,Annotation (germinal_center),1.65
CaseKI67_0075.ndpi,Annotation (germinal_center),1.0156
CaseKI67_0075.ndpi,Annotation (germinal_center),1.4599
CaseKI67_0075.ndpi,Annotation (germinal_center),1.6765
CaseKI67_0075.ndpi,Annotation (germinal_center),1.4013
CaseKI67_0075.ndpi,Annotation (germinal_center),1.6891
CaseKI67_0075.ndpi,Annotation (germinal_center),1.1635
CaseKI67_0075.ndpi,Annotation (germinal_center),1.633
CaseKI67_0075.ndpi,Annotation (germinal_center),1.2407
CaseKI67_0075.ndpi,Annotation (germinal_center),1.223
CaseKI67_0075.ndpi,Annotation (germinal_center),1.4908
CaseKI67_0075.ndpi,Annotation (germinal_center),1.3673
CaseKI67_0075.ndpi,Annotation (germinal_center),1.4501
CaseKI67_0075.ndpi,Annotation (germinal_center),1.2932
CaseKI67_0075.ndpi,Annotation (germinal_center),1.132
CaseKI67_0075.ndpi,Annotation (germinal_center),1.9154
CaseKI67_0075.ndpi,Annotation (germinal_center),1.8005
CaseKI67_0075.ndpi,Annotation (germinal_center),1.7111
CaseKI67_0075.ndpi,Annotation (germinal_center),1.7228
CaseKI67_0075.ndpi,Annotation (germinal_center),1.274
CaseKI67_0075.ndpi,Annotation (germinal_center),1.6922
CaseKI67_0075.ndpi,Annotation (germinal_center),1.5778
CaseKI67_0075.ndpi,Annotation (germinal_center),1.7614
CaseKI67_0075.ndpi,Annotation (germinal_center),1.2819
CaseKI67_0075.ndpi,Annotation (germinal_center),1.7033
CaseKI67_0075.ndpi,Annotation (germinal_center),1.3926
CaseKI67_0075.ndpi,Annotation (germinal_center),1.3331
CaseKI67_0075.ndpi,Annotation (germinal_center),1.6849
CaseKI67_0075.ndpi,Annotation (germinal_center),1.0366
CaseKI67_0075.ndpi,Annotation (germinal_center),2.1772
CaseKI67_0075.ndpi,Annotation (germinal_center),1.7482
CaseKI67_0075.ndpi,Annotation (germinal_center),1.5966
CaseKI67_0075.ndpi,Annotation (germinal_center),1.7511
CaseKI67_0075.ndpi,Annotation (germinal_center),1.6558
CaseKI67_0075.ndpi,Annotation (germinal_center),1.5007
CaseKI67_0075.ndpi,Annotation (germinal_center),1.5737
CaseKI67_0075.ndpi,Annotation (germinal_center),1.2844
CaseKI67_0075.ndpi,Annotation (germinal_center),1.5006
CaseKI67_0075.ndpi,Annotation (germinal_center),1.1075
CaseKI67_0075.ndpi,Annotation (germinal_center),1.2854
CaseKI67_0075.ndpi,Annotation (germinal_center),1.6357
CaseKI67_0075.ndpi,Annotation (germinal_center),1.0448
CaseKI67_0075.ndpi,Annotation (germinal_center),1.4694
CaseKI67_0075.ndpi,Annotation (germinal_center),1.7403
CaseKI67_0075.ndpi,Annotation (germinal_center),1.5162
CaseKI67_0075.ndpi,Annotation (germinal_center),1.3954
CaseKI67_0075.ndpi,Annotation (germinal_center),1.1638
CaseKI67_0075.ndpi,Annotation (germinal_center),1.2602
CaseKI67_0075.ndpi,Annotation (germinal_center),1.7287
CaseKI67_0075.ndpi,Annotation (germinal_center),1.7346
CaseKI67_0075.ndpi,Annotation (germinal_center),1.5506
CaseKI67_0075.ndpi,Annotation (germinal_center),2.1696
CaseKI67_0075.ndpi,Annotation (germinal_center),1.1428
CaseKI67_0075.ndpi,Annotation (germinal_center),2.0481
CaseKI67_0075.ndpi,Annotation (germinal_center),1.5698
CaseKI67_0075.ndpi,Annotation (germinal_center),1.6114
CaseKI67_0075.ndpi,Annotation (germinal_center),0.9083
CaseKI67_0075.ndpi,Annotation (germinal_center),1.3813
CaseKI67_0075.ndpi,Annotation (germinal_center),1.3291
CaseKI67_0075.ndpi,Annotation (germinal_center),1.3434
CaseKI67_0075.ndpi,Annotation (germinal_center),1.7859
CaseKI67_0075.ndpi,Annotation (germinal_center),1.2482
CaseKI67_0075.ndpi,Annotation (germinal_center),1.2021
CaseKI67_0075.ndpi,Annotation (germinal_center),1.5031
CaseKI67_0075.ndpi,Annotation (germinal_center),1.6273
CaseKI67_0075.ndpi,Annotation (germinal_center),1.375
CaseKI67_0075.ndpi,Annotation (germinal_center),1.6268
CaseKI67_0075.ndpi,Annotation (germinal_center),1.7076
CaseKI67_0075.ndpi,Annotation (germinal_center),1.7688
CaseKI67_0075.ndpi,Annotation (germinal_center),1.4332
CaseKI67_0075.ndpi,Annotation (germinal_center),1.5062
CaseKI67_0075.ndpi,Annotation (germinal_center),1.6799
CaseKI67_0075.ndpi,Annotation (germinal_center),1.3741
CaseKI67_0075.ndpi,Annotation (germinal_center),1.092
CaseKI67_0075.ndpi,Annotation (germinal_center),1.9957
CaseKI67_0075.ndpi,Annotation (germinal_center),1.4341
CaseKI67_0075.ndpi,Annotation (germinal_center),1.0301
CaseKI67_0075.ndpi,Annotation (germinal_center),1.5614
CaseKI67_0075.ndpi,Annotation (germinal_center),1.4982
CaseKI67_0075.ndpi,Annotation (germinal_center),1.6399
CaseKI67_0075.ndpi,Annotation (germinal_center),1.1079
CaseKI67_0075.ndpi,Annotation (germinal_center),1.2578
CaseKI67_0075.ndpi,Annotation (germinal_center),1.6243
CaseKI67_0075.ndpi,Annotation (germinal_center),1.6281
CaseKI67_0075.ndpi,Annotation (germinal_center),1.3839
CaseKI67_0075.ndpi,Annotation (germinal_center),1.4979
CaseKI67_0075.ndpi,Annotation (germinal_center),1.6973
CaseKI67_0075.ndpi,Annotation (germinal_center),1.7519
CaseKI67_0075.ndpi,Annotation (germinal_center),1.7721
CaseKI67_0075.ndpi,Annotation (germinal_center),1.5293
CaseKI67_0075.ndpi,Annotation (germinal_center),1.5951
CaseKI67_0075.ndpi,Annotation (germinal_center),1.0211
CaseKI67_0075.ndpi,Annotation (germinal_center),1.3897
CaseKI67_0075.ndpi,Annotation (germinal_center),1.8768
CaseKI67_0075.ndpi,Annotation (germinal_center),1.4926
CaseKI67_0075.ndpi,Annotation (germinal_center),1.3054
CaseKI67_0075.ndpi,Annotation (germinal_center),1.5829
CaseKI67_0075.ndpi,Annotation (germinal_center),1.3845
CaseKI67_0075.ndpi,Annotation (germinal_center),1.3136
CaseKI67_0075.ndpi,Annotation (germinal_center),1.5268
CaseKI67_0075.ndpi,Annotation (germinal_center),1.6618
CaseKI67_0075.ndpi,Annotation (germinal_center),1.246
CaseKI67_0075.ndpi,Annotation (germinal_center),1.454
CaseKI67_0075.ndpi,Annotation (germinal_center),1.3339
CaseKI67_0075.ndpi,Annotation (germinal_center),1.5768
CaseKI67_0075.ndpi,Annotation (germinal_center),1.6862
CaseKI67_0075.ndpi,Annotation (germinal_center),1.3942
CaseKI67_0075.ndpi,Annotation (germinal_center),1.3395
CaseKI67_0075.ndpi,Annotation (germinal_center),1.4837
CaseKI67_0075.ndpi,Annotation (germinal_center),1.7423
CaseKI67_0075.ndpi,Annotation (germinal_center),1.3418
CaseKI67_0075.ndpi,Annotation (germinal_center),1.5591
CaseKI67_0075.ndpi,Annotation (germinal_center),1.4412
CaseKI67_0075.ndpi,Annotation (germinal_center),0.231
CaseKI67_0075.ndpi,Annotation (germinal_center),1.7019
CaseKI67_0075.ndpi,Annotation (germinal_center),1.5639
CaseKI67_0075.ndpi,Annotation (germinal_center),1.4583
CaseKI67_0075.ndpi,Annotation (germinal_center),1.6291
CaseKI67_0075.ndpi,Annotation (germinal_center),1.0767
CaseKI67_0075.ndpi,Annotation (germinal_center),1.3974
CaseKI67_0075.ndpi,Annotation (germinal_center),1.8908
CaseKI67_0075.ndpi,Annotation (germinal_center),1.6202
CaseKI67_0075.ndpi,Annotation (germinal_center),1.0258
CaseKI67_0075.ndpi,Annotation (germinal_center),1.5158
CaseKI67_0075.ndpi,Annotation (germinal_center),0.1367
CaseKI67_0075.ndpi,Annotation (germinal_center),1.2062
CaseKI67_0075.ndpi,Annotation (germinal_center),0.4991
CaseKI67_0075.ndpi,Annotation (germinal_center),1.2167
CaseKI67_0075.ndpi,Annotation (germinal_center),1.5363
CaseKI67_0075.ndpi,Annotation (germinal_center),1.6456
CaseKI67_0075.ndpi,Annotation (germinal_center),1.3256
CaseKI67_0075.ndpi,Annotation (germinal_center),1.591
CaseKI67_0075.ndpi,Annotation (germinal_center),1.6964
CaseKI67_0075.ndpi,Annotation (germinal_center),0.4442
CaseKI67_0075.ndpi,Annotation (germinal_center),1.6275
CaseKI67_0075.ndpi,Annotation (germinal_center),1.9315
CaseKI67_0075.ndpi,Annotation (germinal_center),1.6801
CaseKI67_0075.ndpi,Annotation (germinal_center),1.5154
CaseKI67_0075.ndpi,Annotation (germinal_center),1.6513
CaseKI67_0075.ndpi,Annotation (germinal_center),1.6057
CaseKI67_0075.ndpi,Annotation (germinal_center),1.8523
CaseKI67_0075.ndpi,Annotation (germinal_center),1.7399
CaseKI67_0075.ndpi,Annotation (germinal_center),0.6478
CaseKI67_0075.ndpi,Annotation (germinal_center),1.549
CaseKI67_0075.ndpi,Annotation (germinal_center),1.1611
CaseKI67_0075.ndpi,Annotation (germinal_center),1.3034
CaseKI67_0075.ndpi,Annotation (germinal_center),0.1198
CaseKI67_0075.ndpi,Annotation (germinal_center),1.6313
CaseKI67_0075.ndpi,Annotation (germinal_center),1.4653
CaseKI67_0075.ndpi,Annotation (germinal_center),1.4656
CaseKI67_0075.ndpi,Annotation (germinal_center),1.341
CaseKI67_0075.ndpi,Annotation (germinal_center),1.4424
CaseKI67_0075.ndpi,Annotation (germinal_center),1.2474
CaseKI67_0075.ndpi,Annotation (germinal_center),0.9159
CaseKI67_0075.ndpi,Annotation (germinal_center),1.246
CaseKI67_0075.ndpi,Annotation (germinal_center),1.7979
CaseKI67_0075.ndpi,Annotation (germinal_center),1.6706
CaseKI67_0075.ndpi,Annotation (germinal_center),1.241
CaseKI67_0075.ndpi,Annotation (germinal_center),1.7004
CaseKI67_0075.ndpi,Annotation (germinal_center),1.7516
CaseKI67_0075.ndpi,Annotation (germinal_center),1.3435
CaseKI67_0075.ndpi,Annotation (germinal_center),0.2505
CaseKI67_0075.ndpi,Annotation (germinal_center),1.647
CaseKI67_0075.ndpi,Annotation (germinal_center),1.8255
CaseKI67_0075.ndpi,Annotation (germinal_center),1.4865
CaseKI67_0075.ndpi,Annotation (germinal_center),1.1975
CaseKI67_0075.ndpi,Annotation (germinal_center),1.6803
CaseKI67_0075.ndpi,Annotation (germinal_center),1.4323
CaseKI67_0075.ndpi,Annotation (germinal_center),1.759
CaseKI67_0075.ndpi,Annotation (germinal_center),1.2148
CaseKI67_0075.ndpi,Annotation (germinal_center),1.5769
CaseKI67_0075.ndpi,Annotation (germinal_center),1.7688
CaseKI67_0075.ndpi,Annotation (germinal_center),1.8188
CaseKI67_0075.ndpi,Annotation (germinal_center),1.7948
CaseKI67_0075.ndpi,Annotation (germinal_center),1.2659
CaseKI67_0075.ndpi,Annotation (germinal_center),1.3239
CaseKI67_0075.ndpi,Annotation (germinal_center),1.3018
CaseKI67_0075.ndpi,Annotation (germinal_center),2.1361
CaseKI67_0075.ndpi,Annotation (germinal_center),1.4146
CaseKI67_0075.ndpi,Annotation (germinal_center),1.4747
CaseKI67_0075.ndpi,Annotation (germinal_center),1.5529
CaseKI67_0075.ndpi,Annotation (germinal_center),1.2907
CaseKI67_0075.ndpi,Annotation (germinal_center),1.7495
CaseKI67_0075.ndpi,Annotation (germinal_center),1.3587
CaseKI67_0075.ndpi,Annotation (germinal_center),1.612
CaseKI67_0075.ndpi,Annotation (germinal_center),0.2842
CaseKI67_0075.ndpi,Annotation (germinal_center),1.5362
CaseKI67_0075.ndpi,Annotation (germinal_center),1.3492
CaseKI67_0075.ndpi,Annotation (germinal_center),1.4621
CaseKI67_0075.ndpi,Annotation (germinal_center),1.0273
CaseKI67_0075.ndpi,Annotation (germinal_center),1.0317
CaseKI67_0075.ndpi,Annotation (germinal_center),1.7526
CaseKI67_0075.ndpi,Annotation (germinal_center),1.4129
CaseKI67_0075.ndpi,Annotation (germinal_center),1.7092
CaseKI67_0075.ndpi,Annotation (germinal_center),1.0272
CaseKI67_0075.ndpi,Annotation (germinal_center),1.2508
CaseKI67_0075.ndpi,Annotation (germinal_center),1.5792
CaseKI67_0075.ndpi,Annotation (germinal_center),1.2315
CaseKI67_0075.ndpi,Annotation (germinal_center),1.629
CaseKI67_0075.ndpi,Annotation (germinal_center),1.6031
CaseKI67_0075.ndpi,Annotation (germinal_center),1.085
CaseKI67_0075.ndpi,Annotation (germinal_center),1.7124
CaseKI67_0075.ndpi,Annotation (germinal_center),1.3065
CaseKI67_0075.ndpi,Annotation (germinal_center),1.6254
CaseKI67_0075.ndpi,Annotation (germinal_center),1.5889
CaseKI67_0075.ndpi,Annotation (germinal_center),1.5861
CaseKI67_0075.ndpi,Annotation (germinal_center),1.7601
CaseKI67_0075.ndpi,Annotation (germinal_center),1.2579
CaseKI67_0075.ndpi,Annotation (germinal_center),1.7287
CaseKI67_0075.ndpi,Annotation (germinal_center),0.137
CaseKI67_0075.ndpi,Annotation (germinal_center),1.565
CaseKI67_0075.ndpi,Annotation (germinal_center),1.2877
CaseKI67_0075.ndpi,Annotation (germinal_center),1.2217
CaseKI67_0075.ndpi,Annotation (germinal_center),1.7976
CaseKI67_0075.ndpi,Annotation (germinal_center),1.5158
CaseKI67_0075.ndpi,Annotation (germinal_center),1.7475
CaseKI67_0075.ndpi,Annotation (germinal_center),1.6532
CaseKI67_0075.ndpi,Annotation (germinal_center),0.8416
CaseKI67_0075.ndpi,Annotation (germinal_center),1.4289
CaseKI67_0075.ndpi,Annotation (germinal_center),1.6778
CaseKI67_0075.ndpi,Annotation (germinal_center),1.452
CaseKI67_0075.ndpi,Annotation (germinal_center),1.4106
CaseKI67_0075.ndpi,Annotation (germinal_center),1.6855
CaseKI67_0075.ndpi,Annotation (germinal_center),1.6044
CaseKI67_0075.ndpi,Annotation (germinal_center),1.6392
CaseKI67_0075.ndpi,Annotation (germinal_center),1.56
CaseKI67_0075.ndpi,Annotation (germinal_center),1.1586
CaseKI67_0075.ndpi,Annotation (germinal_center),1.6283
CaseKI67_0075.ndpi,Annotation (germinal_center),1.6512
CaseKI67_0075.ndpi,Annotation (germinal_center),1.2937
CaseKI67_0075.ndpi,Annotation (germinal_center),1.5866
CaseKI67_0075.ndpi,Annotation (germinal_center),1.3511
CaseKI67_0075.ndpi,Annotation (germinal_center),0.4539
CaseKI67_0075.ndpi,Annotation (germinal_center),1.4213
CaseKI67_0075.ndpi,Annotation (germinal_center),1.6448
CaseKI67_0075.ndpi,Annotation (germinal_center),1.3989
CaseKI67_0075.ndpi,Annotation (germinal_center),1.3664
CaseKI67_0075.ndpi,Annotation (germinal_center),1.6427
CaseKI67_0075.ndpi,Annotation (germinal_center),1.4281
CaseKI67_0075.ndpi,Annotation (germinal_center),1.6533
CaseKI67_0075.ndpi,Annotation (germinal_center),1.2906
CaseKI67_0075.ndpi,Annotation (germinal_center),0.9221
CaseKI67_0075.ndpi,Annotation (germinal_center),1.1994
CaseKI67_0075.ndpi,Annotation (germinal_center),1.2641
CaseKI67_0075.ndpi,Annotation (germinal_center),1.751
CaseKI67_0075.ndpi,Annotation (germinal_center),1.2297
CaseKI67_0075.ndpi,Annotation (germinal_center),1.3462
CaseKI67_0075.ndpi,Annotation (germinal_center),1.4821
CaseKI67_0075.ndpi,Annotation (germinal_center),1.4089
CaseKI67_0075.ndpi,Annotation (germinal_center),1.5703
CaseKI67_0075.ndpi,Annotation (germinal_center),2.0628
CaseKI67_0075.ndpi,Annotation (germinal_center),1.3631
CaseKI67_0075.ndpi,Annotation (germinal_center),1.4006
CaseKI67_0075.ndpi,Annotation (germinal_center),1.5353
CaseKI67_0075.ndpi,Annotation (germinal_center),1.2156
CaseKI67_0075.ndpi,Annotation (germinal_center),1.5674
CaseKI67_0075.ndpi,Annotation (germinal_center),1.8371
CaseKI67_0075.ndpi,Annotation (germinal_center),0.5273
CaseKI67_0075.ndpi,Annotation (germinal_center),1.62
CaseKI67_0075.ndpi,Annotation (germinal_center),1.5938
CaseKI67_0075.ndpi,Annotation (germinal_center),1.5816
CaseKI67_0075.ndpi,Annotation (germinal_center),1.0695
CaseKI67_0075.ndpi,Annotation (germinal_center),1.721
CaseKI67_0075.ndpi,Annotation (germinal_center),1.692
CaseKI67_0075.ndpi,Annotation (germinal_center),1.3264
CaseKI67_0075.ndpi,Annotation (germinal_center),1.8329
CaseKI67_0075.ndpi,Annotation (germinal_center),1.315
CaseKI67_0075.ndpi,Annotation (germinal_center),1.7379
CaseKI67_0075.ndpi,Annotation (germinal_center),1.0804
CaseKI67_0075.ndpi,Annotation (germinal_center),1.2573
CaseKI67_0075.ndpi,Annotation (germinal_center),0.2203
CaseKI67_0075.ndpi,Annotation (germinal_center),1.6619
CaseKI67_0075.ndpi,Annotation (germinal_center),1.6954
CaseKI67_0075.ndpi,Annotation (germinal_center),1.0636
CaseKI67_0075.ndpi,Annotation (germinal_center),1.8467
CaseKI67_0075.ndpi,Annotation (germinal_center),0.7389
CaseKI67_0075.ndpi,Annotation (germinal_center),0.1974
CaseKI67_0075.ndpi,Annotation (germinal_center),1.2926
CaseKI67_0075.ndpi,Annotation (germinal_center),1.4453
CaseKI67_0075.ndpi,Annotation (germinal_center),1.9106
CaseKI67_0075.ndpi,Annotation (germinal_center),1.6516
CaseKI67_0075.ndpi,Annotation (germinal_center),1.1718
CaseKI67_0075.ndpi,Annotation (germinal_center),1.1484
CaseKI67_0075.ndpi,Annotation (germinal_center),1.4622
CaseKI67_0075.ndpi,Annotation (germinal_center),1.4398
CaseKI67_0075.ndpi,Annotation (germinal_center),1.3417
CaseKI67_0075.ndpi,Annotation (germinal_center),1.3957
CaseKI67_0075.ndpi,Annotation (germinal_center),1.468
CaseKI67_0075.ndpi,Annotation (germinal_center),1.3207
CaseKI67_0075.ndpi,Annotation (germinal_center),1.5675
CaseKI67_0075.ndpi,Annotation (germinal_center),1.6231
CaseKI67_0075.ndpi,Annotation (germinal_center),1.2562
CaseKI67_0075.ndpi,Annotation (germinal_center),1.651
CaseKI67_0075.ndpi,Annotation (germinal_center),1.2527
CaseKI67_0075.ndpi,Annotation (germinal_center),1.3596
CaseKI67_0075.ndpi,Annotation (germinal_center),1.5012
CaseKI67_0075.ndpi,Annotation (germinal_center),1.496
CaseKI67_0075.ndpi,Annotation (germinal_center),1.6936
CaseKI67_0075.ndpi,Annotation (germinal_center),1.4488
CaseKI67_0075.ndpi,Annotation (germinal_center),1.7176
CaseKI67_0075.ndpi,Annotation (germinal_center),1.1833
CaseKI67_0075.ndpi,Annotation (germinal_center),1.2683
CaseKI67_0075.ndpi,Annotation (germinal_center),1.6896
CaseKI67_0075.ndpi,Annotation (germinal_center),0.9808
CaseKI67_0075.ndpi,Annotation (germinal_center),1.3677
CaseKI67_0075.ndpi,Annotation (germinal_center),1.3449
CaseKI67_0075.ndpi,Annotation (germinal_center),1.8396
CaseKI67_0075.ndpi,Annotation (germinal_center),1.3737
CaseKI67_0075.ndpi,Annotation (germinal_center),1.5105
CaseKI67_0075.ndpi,Annotation (germinal_center),1.5126
CaseKI67_0075.ndpi,Annotation (germinal_center),0.9707
CaseKI67_0075.ndpi,Annotation (germinal_center),1.6893
CaseKI67_0075.ndpi,Annotation (germinal_center),1.7783
CaseKI67_0075.ndpi,Annotation (germinal_center),2.0947
CaseKI67_0075.ndpi,Annotation (germinal_center),1.8122
CaseKI67_0075.ndpi,Annotation (germinal_center),1.4073
CaseKI67_0075.ndpi,Annotation (germinal_center),
CaseKI67_0075.ndpi,Annotation (germinal_center),1.1265
CaseKI67_0075.ndpi,Annotation (germinal_center),1.4792
CaseKI67_0075.ndpi,Annotation (germinal_center),0.3087
CaseKI67_0075.ndpi,Annotation (light_zone),1.3845
CaseKI67_0075.ndpi,Annotation (light_zone),1.4519
CaseKI67_0075.ndpi,Annotation (light_zone),0.6225
CaseKI67_0075.ndpi,Annotation (light_zone),1.5357
CaseKI67_0075.ndpi,Annotation (light_zone),1.4948
CaseKI67_0075.ndpi,Annotation (light_zone),1.2895
CaseKI67_0075.ndpi,Annotation (light_zone),0.8989
CaseKI67_0075.ndpi,Annotation (light_zone),1.3768
CaseKI67_0075.ndpi,Annotation (light_zone),1.5476
CaseKI67_0075.ndpi,Annotation (light_zone),0.643
CaseKI67_0075.ndpi,Annotation (light_zone),1.2057
CaseKI67_0075.ndpi,Annotation (light_zone),1.4115
CaseKI67_0075.ndpi,Annotation (light_zone),1.0945
CaseKI67_0075.ndpi,Annotation (light_zone),0.1079
CaseKI67_0075.ndpi,Annotation (light_zone),1.6168
CaseKI67_0075.ndpi,Annotation (light_zone),0.7408
CaseKI67_0075.ndpi,Annotation (light_zone),1.3344
CaseKI67_0075.ndpi,Annotation (light_zone),0.1874
CaseKI67_0075.ndpi,Annotation (light_zone),1.1945
CaseKI67_0075.ndpi,Annotation (light_zone),1.4595
CaseKI67_0075.ndpi,Annotation (light_zone),1.3922
CaseKI67_0075.ndpi,Annotation (light_zone),1.543
CaseKI67_0075.ndpi,Annotation (light_zone),1.0746
CaseKI67_0075.ndpi,Annotation (light_zone),1.1149
CaseKI67_0075.ndpi,Annotation (light_zone),1.6037
CaseKI67_0075.ndpi,Annotation (light_zone),1.2523
CaseKI67_0075.ndpi,Annotation (light_zone),1.4153
CaseKI67_0075.ndpi,Annotation (light_zone),1.6617
CaseKI67_0075.ndpi,Annotation (light_zone),1.5419
CaseKI67_0075.ndpi,Annotation (light_zone),1.2917
CaseKI67_0075.ndpi,Annotation (light_zone),1.3911
CaseKI67_0075.ndpi,Annotation (light_zone),0.1792
CaseKI67_0075.ndpi,Annotation (light_zone),0.0853
CaseKI67_0075.ndpi,Annotation (light_zone),0.8083
CaseKI67_0075.ndpi,Annotation (light_zone),0.837
CaseKI67_0075.ndpi,Annotation (light_zone),0.0838
CaseKI67_0075.ndpi,Annotation (light_zone),0.0585
CaseKI67_0075.ndpi,Annotation (light_zone),0.4538
CaseKI67_0075.ndpi,Annotation (light_zone),1.2213
CaseKI67_0075.ndpi,Annotation (light_zone),1.5388
CaseKI67_0075.ndpi,Annotation (light_zone),1.5299
CaseKI67_0075.ndpi,Annotation (light_zone),1.1038
CaseKI67_0075.ndpi,Annotation (light_zone),1.4718
CaseKI67_0075.ndpi,Annotation (light_zone),0.2761
CaseKI67_0075.ndpi,Annotation (light_zone),1.1671
CaseKI67_0075.ndpi,Annotation (light_zone),0.9502
CaseKI67_0075.ndpi,Annotation (light_zone),1.5139
CaseKI67_0075.ndpi,Annotation (light_zone),1.3945
CaseKI67_0075.ndpi,Annotation (light_zone),1.5211
CaseKI67_0075.ndpi,Annotation (light_zone),1.1946
CaseKI67_0075.ndpi,Annotation (light_zone),
CaseKI67_0075.ndpi,Annotation (light_zone),0.1147
CaseKI67_0075.ndpi,Annotation (light_zone),1.4281
CaseKI67_0075.ndpi,Annotation (light_zone),1.661
CaseKI67_0075.ndpi,Annotation (light_zone),0.0907
CaseKI67_0075.ndpi,Annotation (light_zone),0.9502
CaseKI67_0075.ndpi,Annotation (light_zone),1.4484
CaseKI67_0075.ndpi,Annotation (light_zone),1.3106
CaseKI67_0075.ndpi,Annotation (light_zone),1.6324
CaseKI67_0075.ndpi,Annotation (light_zone),1.5034
CaseKI67_0075.ndpi,Annotation (light_zone),0.4325
CaseKI67_0075.ndpi,Annotation (light_zone),1.3079
CaseKI67_0075.ndpi,Annotation (light_zone),0.418
CaseKI67_0075.ndpi,Annotation (light_zone),0.9608
CaseKI67_0075.ndpi,Annotation (light_zone),1.2094
CaseKI67_0075.ndpi,Annotation (light_zone),1.3369
CaseKI67_0075.ndpi,Annotation (light_zone),1.0092
CaseKI67_0075.ndpi,Annotation (light_zone),0.7863
CaseKI67_0075.ndpi,Annotation (light_zone),1.3286
CaseKI67_0075.ndpi,Annotation (light_zone),1.8248
CaseKI67_0075.ndpi,Annotation (light_zone),1.2444
CaseKI67_0075.ndpi,Annotation (light_zone),0.3625
CaseKI67_0075.ndpi,Annotation (light_zone),0.6668
CaseKI67_0075.ndpi,Annotation (light_zone),1.1133
CaseKI67_0075.ndpi,Annotation (light_zone),0.1005
CaseKI67_0075.ndpi,Annotation (light_zone),
CaseKI67_0075.ndpi,Annotation (light_zone),0.3787
CaseKI67_0075.ndpi,Annotation (light_zone),1.0525
CaseKI67_0075.ndpi,Annotation (light_zone),1.1323
CaseKI67_0075.ndpi,Annotation (light_zone),0.9933
CaseKI67_0075.ndpi,Annotation (light_zone),0.9904
CaseKI67_0075.ndpi,Annotation (light_zone),1.5603
CaseKI67_0075.ndpi,Annotation (light_zone),0.9011
CaseKI67_0075.ndpi,Annotation (light_zone),0.1151
CaseKI67_0075.ndpi,Annotation (light_zone),1.2206
CaseKI67_0075.ndpi,Annotation (light_zone),1.5377
CaseKI67_0075.ndpi,Annotation (light_zone),1.1434
CaseKI67_0075.ndpi,Annotation (light_zone),1.2557
CaseKI67_0075.ndpi,Annotation (light_zone),1.3978
CaseKI67_0075.ndpi,Annotation (light_zone),1.2556
CaseKI67_0075.ndpi,Annotation (light_zone),1.0409
CaseKI67_0075.ndpi,Annotation (light_zone),1.1864
CaseKI67_0075.ndpi,Annotation (light_zone),1.4948
CaseKI67_0075.ndpi,Annotation (light_zone),1.0997
CaseKI67_0075.ndpi,Annotation (light_zone),0.0795
CaseKI67_0075.ndpi,Annotation (light_zone),1.4668
CaseKI67_0075.ndpi,Annotation (light_zone),1.2364
CaseKI67_0075.ndpi,Annotation (light_zone),1.4205
CaseKI67_0075.ndpi,Annotation (light_zone),1.2083
CaseKI67_0075.ndpi,Annotation (light_zone),1.4181
CaseKI67_0075.ndpi,Annotation (light_zone),1.3717
CaseKI67_0075.ndpi,Annotation (light_zone),0.0939
CaseKI67_0075.ndpi,Annotation (light_zone),0.4111
CaseKI67_0075.ndpi,Annotation (light_zone),1.171
CaseKI67_0075.ndpi,Annotation (light_zone),0.8547
CaseKI67_0075.ndpi,Annotation (light_zone),1.4163
CaseKI67_0075.ndpi,Annotation (light_zone),1.204
CaseKI67_0075.ndpi,Annotation (light_zone),1.0085
CaseKI67_0075.ndpi,Annotation (light_zone),0.4262
CaseKI67_0075.ndpi,Annotation (light_zone),1.6926
CaseKI67_0075.ndpi,Annotation (light_zone),1.1301
CaseKI67_0075.ndpi,Annotation (light_zone),1.0911
CaseKI67_0075.ndpi,Annotation (light_zone),1.5684
CaseKI67_0075.ndpi,Annotation (light_zone),0.9697
CaseKI67_0075.ndpi,Annotation (light_zone),1.2222
CaseKI67_0075.ndpi,Annotation (light_zone),1.5075
CaseKI67_0075.ndpi,Annotation (light_zone),1.201
CaseKI67_0075.ndpi,Annotation (light_zone),1.3797
CaseKI67_0075.ndpi,Annotation (light_zone),1.3227
CaseKI67_0075.ndpi,Annotation (light_zone),1.6242
CaseKI67_0075.ndpi,Annotation (light_zone),0.0586
CaseKI67_0075.ndpi,Annotation (light_zone),1.1071
CaseKI67_0075.ndpi,Annotation (light_zone),1.4568
CaseKI67_0075.ndpi,Annotation (light_zone),0.8715
CaseKI67_0075.ndpi,Annotation (light_zone),0.0761
CaseKI67_0075.ndpi,Annotation (light_zone),1.2556
CaseKI67_0075.ndpi,Annotation (light_zone),0.6831
CaseKI67_0075.ndpi,Annotation (light_zone),0.8831
CaseKI67_0075.ndpi,Annotation (light_zone),0.9027
CaseKI67_0075.ndpi,Annotation (light_zone),0.9935
CaseKI67_0075.ndpi,Annotation (light_zone),1.2501
CaseKI67_0075.ndpi,Annotation (light_zone),1.1072
CaseKI67_0075.ndpi,Annotation (light_zone),0.5307
CaseKI67_0075.ndpi,Annotation (light_zone),1.3856
CaseKI67_0075.ndpi,Annotation (light_zone),1.1062
CaseKI67_0075.ndpi,Annotation (light_zone),1.2656
CaseKI67_0075.ndpi,Annotation (light_zone),1.5286
CaseKI67_0075.ndpi,Annotation (light_zone),1.2689
CaseKI67_0075.ndpi,Annotation (light_zone),1.2488
CaseKI67_0075.ndpi,Annotation (light_zone),1.5861
CaseKI67_0075.ndpi,Annotation (light_zone),1.0986
CaseKI67_0075.ndpi,Annotation (light_zone),1.2206
CaseKI67_0075.ndpi,Annotation (light_zone),0.7225
CaseKI67_0075.ndpi,Annotation (light_zone),1.0366
CaseKI67_0075.ndpi,Annotation (light_zone),1.2181
CaseKI67_0075.ndpi,Annotation (light_zone),0.9136
CaseKI67_0075.ndpi,Annotation (light_zone),0.0633
CaseKI67_0075.ndpi,Annotation (light_zone),0.1126
CaseKI67_0075.ndpi,Annotation (light_zone),1.4716
CaseKI67_0075.ndpi,Annotation (light_zone),0.1559
CaseKI67_0075.ndpi,Annotation (light_zone),0.3744
CaseKI67_0075.ndpi,Annotation (light_zone),1.167
CaseKI67_0075.ndpi,Annotation (light_zone),0.7478
CaseKI67_0075.ndpi,Annotation (light_zone),1.1973
CaseKI67_0075.ndpi,Annotation (light_zone),0.9914
CaseKI67_0075.ndpi,Annotation (light_zone),1.5929
CaseKI67_0075.ndpi,Annotation (light_zone),1.1478
CaseKI67_0075.ndpi,Annotation (light_zone),0.6726
CaseKI67_0075.ndpi,Annotation (light_zone),1.0469
CaseKI67_0075.ndpi,Annotation (light_zone),0.1961
CaseKI67_0075.ndpi,Annotation (light_zone),1.169
CaseKI67_0075.ndpi,Annotation (light_zone),1.2133
CaseKI67_0075.ndpi,Annotation (light_zone),1.0102
CaseKI67_0075.ndpi,Annotation (light_zone),1.2735
CaseKI67_0075.ndpi,Annotation (light_zone),1.0344
CaseKI67_0075.ndpi,Annotation (light_zone),0.2245
CaseKI67_0075.ndpi,Annotation (light_zone),1.34
CaseKI67_0075.ndpi,Annotation (light_zone),1.1028
CaseKI67_0075.ndpi,Annotation (light_zone),0.0861
CaseKI67_0075.ndpi,Annotation (light_zone),1.3348
CaseKI67_0075.ndpi,Annotation (light_zone),1.3663
CaseKI67_0075.ndpi,Annotation (light_zone),0.1316
CaseKI67_0075.ndpi,Annotation (light_zone),1.508
CaseKI67_0075.ndpi,Annotation (light_zone),1.2271
CaseKI67_0075.ndpi,Annotation (light_zone),1.47
CaseKI67_0075.ndpi,Annotation (light_zone),0.097
CaseKI67_0075.ndpi,Annotation (light_zone),0.0462
CaseKI67_0075.ndpi,Annotation (light_zone),1.1131
CaseKI67_0075.ndpi,Annotation (light_zone),1.0756
CaseKI67_0075.ndpi,Annotation (light_zone),1.2381
CaseKI67_0075.ndpi,Annotation (light_zone),0.7364
CaseKI67_0075.ndpi,Annotation (light_zone),1.3951
CaseKI67_0075.ndpi,Annotation (light_zone),1.2072
CaseKI67_0075.ndpi,Annotation (light_zone),1.4802
CaseKI67_0075.ndpi,Annotation (light_zone),0.0771
CaseKI67_0075.ndpi,Annotation (light_zone),0.9711
CaseKI67_0075.ndpi,Annotation (light_zone),1.5041
CaseKI67_0075.ndpi,Annotation (light_zone),1.4389
CaseKI67_0075.ndpi,Annotation (light_zone),1.3679
CaseKI67_0075.ndpi,Annotation (light_zone),1.5746
CaseKI67_0075.ndpi,Annotation (light_zone),0.9305
CaseKI67_0075.ndpi,Annotation (light_zone),1.2362
CaseKI67_0075.ndpi,Annotation (light_zone),0.8382
CaseKI67_0075.ndpi,Annotation (light_zone),1.5161
CaseKI67_0075.ndpi,Annotation (light_zone),0.6679
CaseKI67_0075.ndpi,Annotation (light_zone),0.8516
CaseKI67_0075.ndpi,Annotation (light_zone),0.86
CaseKI67_0075.ndpi,Annotation (light_zone),0.079
CaseKI67_0075.ndpi,Annotation (light_zone),0.2284
CaseKI67_0075.ndpi,Annotation (light_zone),1.5338
CaseKI67_0075.ndpi,Annotation (light_zone),0.619
CaseKI67_0075.ndpi,Annotation (light_zone),1.4641
CaseKI67_0075.ndpi,Annotation (light_zone),0.6379
CaseKI67_0075.ndpi,Annotation (light_zone),1.6148
CaseKI67_0075.ndpi,Annotation (light_zone),1.3668
CaseKI67_0075.ndpi,Annotation (light_zone),1.3984
CaseKI67_0075.ndpi,Annotation (light_zone),1.6931
CaseKI67_0075.ndpi,Annotation (light_zone),1.3281
CaseKI67_0075.ndpi,Annotation (light_zone),1.0508
CaseKI67_0075.ndpi,Annotation (light_zone),1.696
CaseKI67_0075.ndpi,Annotation (light_zone),1.6286
CaseKI67_0075.ndpi,Annotation (light_zone),1.6029
CaseKI67_0075.ndpi,Annotation (light_zone),0.0646
CaseKI67_0075.ndpi,Annotation (light_zone),1.4797
CaseKI67_0075.ndpi,Annotation (light_zone),1.2572
CaseKI67_0075.ndpi,Annotation (light_zone),1.5381
CaseKI67_0075.ndpi,Annotation (light_zone),0.1034
CaseKI67_0075.ndpi,Annotation (light_zone),0.0791
CaseKI67_0075.ndpi,Annotation (light_zone),1.2162
CaseKI67_0075.ndpi,Annotation (light_zone),1.0158
CaseKI67_0075.ndpi,Annotation (light_zone),1.2665
CaseKI67_0075.ndpi,Annotation (light_zone),1.0807
CaseKI67_0075.ndpi,Annotation (light_zone),0.9874
CaseKI67_0075.ndpi,Annotation (light_zone),0.2275
CaseKI67_0075.ndpi,Annotation (light_zone),1.1914
CaseKI67_0075.ndpi,Annotation (light_zone),1.1935
CaseKI67_0075.ndpi,Annotation (light_zone),1.3348
CaseKI67_0075.ndpi,Annotation (light_zone),1.3189
CaseKI67_0075.ndpi,Annotation (light_zone),0.2404
CaseKI67_0075.ndpi,Annotation (light_zone),1.2474
CaseKI67_0075.ndpi,Annotation (light_zone),1.3752
CaseKI67_0075.ndpi,Annotation (light_zone),1.2094
CaseKI67_0075.ndpi,Annotation (light_zone),1.5825
CaseKI67_0075.ndpi,Annotation (light_zone),1.2389
CaseKI67_0075.ndpi,Annotation (light_zone),1.5466
CaseKI67_0075.ndpi,Annotation (light_zone),0.0883
CaseKI67_0075.ndpi,Annotation (light_zone),1.4297
CaseKI67_0075.ndpi,Annotation (light_zone),1.0838
CaseKI67_0075.ndpi,Annotation (light_zone),1.3128
CaseKI67_0075.ndpi,Annotation (light_zone),1.0638
CaseKI67_0075.ndpi,Annotation (light_zone),0.095
CaseKI67_0075.ndpi,Annotation (light_zone),0.8171
CaseKI67_0075.ndpi,Annotation (light_zone),0.3128
CaseKI67_0075.ndpi,Annotation (light_zone),1.4075
CaseKI67_0075.ndpi,Annotation (light_zone),1.1022
CaseKI67_0075.ndpi,Annotation (light_zone),0.8495
CaseKI67_0075.ndpi,Annotation (light_zone),1.2682
CaseKI67_0075.ndpi,Annotation (light_zone),1.7781
CaseKI67_0075.ndpi,Annotation (light_zone),1.4552
CaseKI67_0075.ndpi,Annotation (light_zone),0.665
CaseKI67_0075.ndpi,Annotation (light_zone),0.0549
CaseKI67_0075.ndpi,Annotation (light_zone),1.2221
CaseKI67_0075.ndpi,Annotation (light_zone),1.2982
CaseKI67_0075.ndpi,Annotation (light_zone),0.0927
CaseKI67_0075.ndpi,Annotation (light_zone),1.5146
CaseKI67_0075.ndpi,Annotation (light_zone),1.4266
CaseKI67_0075.ndpi,Annotation (light_zone),1.6045
CaseKI67_0075.ndpi,Annotation (light_zone),1.4022
CaseKI67_0075.ndpi,Annotation (light_zone),1.3307
CaseKI67_0075.ndpi,Annotation (light_zone),1.4962
CaseKI67_0075.ndpi,Annotation (light_zone),1.5156
CaseKI67_0075.ndpi,Annotation (light_zone),0.9206
CaseKI67_0075.ndpi,Annotation (light_zone),0.0738
CaseKI67_0075.ndpi,Annotation (light_zone),1.4008
CaseKI67_0075.ndpi,Annotation (light_zone),1.2133
CaseKI67_0075.ndpi,Annotation (light_zone),1.4735
CaseKI67_0075.ndpi,Annotation (light_zone),1.5564
CaseKI67_0075.ndpi,Annotation (light_zone),1.4162
CaseKI67_0075.ndpi,Annotation (light_zone),1.1313
CaseKI67_0075.ndpi,Annotation (light_zone),1.5665
CaseKI67_0075.ndpi,Annotation (light_zone),0.0769
CaseKI67_0075.ndpi,Annotation (light_zone),1.4231
CaseKI67_0075.ndpi,Annotation (light_zone),0.0848
CaseKI67_0075.ndpi,Annotation (light_zone),0.8757
CaseKI67_0075.ndpi,Annotation (light_zone),1.4288
CaseKI67_0075.ndpi,Annotation (light_zone),1.2718
CaseKI67_0075.ndpi,Annotation (light_zone),0.0757
CaseKI67_0075.ndpi,Annotation (light_zone),1.213
CaseKI67_0075.ndpi,Annotation (light_zone),1.3608
CaseKI67_0075.ndpi,Annotation (light_zone),1.8127
CaseKI67_0075.ndpi,Annotation (light_zone),1.2276
CaseKI67_0075.ndpi,Annotation (light_zone),1.6311
CaseKI67_0075.ndpi,Annotation (light_zone),1.0754
CaseKI67_0075.ndpi,Annotation (light_zone),1.0502
CaseKI67_0075.ndpi,Annotation (light_zone),0.0584
CaseKI67_0075.ndpi,Annotation (light_zone),1.2899
CaseKI67_0075.ndpi,Annotation (light_zone),1.4492
CaseKI67_0075.ndpi,Annotation (light_zone),1.5631
CaseKI67_0075.ndpi,Annotation (light_zone),1.5886
CaseKI67_0075.ndpi,Annotation (light_zone),1.5895
CaseKI67_0075.ndpi,Annotation (light_zone),1.3908
CaseKI67_0075.ndpi,Annotation (light_zone),1.3263
CaseKI67_0075.ndpi,Annotation (light_zone),1.6215
CaseKI67_0075.ndpi,Annotation (light_zone),1.1471
CaseKI67_0075.ndpi,Annotation (light_zone),0.0885
CaseKI67_0075.ndpi,Annotation (light_zone),0.0727
CaseKI67_0075.ndpi,Annotation (light_zone),1.6978
CaseKI67_0075.ndpi,Annotation (light_zone),0.0659
CaseKI67_0075.ndpi,Annotation (light_zone),1.1999
CaseKI67_0075.ndpi,Annotation (light_zone),1.1076
CaseKI67_0075.ndpi,Annotation (light_zone),0.1466
CaseKI67_0075.ndpi,Annotation (light_zone),1.0458
CaseKI67_0075.ndpi,Annotation (light_zone),0.0504
CaseKI67_0075.ndpi,Annotation (light_zone),1.3342
CaseKI67_0075.ndpi,Annotation (light_zone),1.0894
CaseKI67_0075.ndpi,Annotation (light_zone),0.4731
CaseKI67_0075.ndpi,Annotation (light_zone),1.4584
CaseKI67_0075.ndpi,Annotation (light_zone),1.3399
CaseKI67_0075.ndpi,Annotation (light_zone),0.0722
CaseKI67_0075.ndpi,Annotation (light_zone),0.7716
CaseKI67_0075.ndpi,Annotation (light_zone),0.3336
CaseKI67_0075.ndpi,Annotation (light_zone),0.0383
CaseKI67_0075.ndpi,Annotation (light_zone),1.2824
CaseKI67_0075.ndpi,Annotation (light_zone),1.1587
CaseKI67_0075.ndpi,Annotation (light_zone),0.9527
CaseKI67_0075.ndpi,Annotation (light_zone),1.1472
CaseKI67_0075.ndpi,Annotation (light_zone),1.7926
CaseKI67_0075.ndpi,Annotation (light_zone),0.994
CaseKI67_0075.ndpi,Annotation (light_zone),1.3857
CaseKI67_0075.ndpi,Annotation (light_zone),1.4406
CaseKI67_0075.ndpi,Annotation (light_zone),1.4379
CaseKI67_0075.ndpi,Annotation (light_zone),0.059
CaseKI67_0075.ndpi,Annotation (light_zone),1.4926
CaseKI67_0075.ndpi,Annotation (light_zone),1.4468
CaseKI67_0075.ndpi,Annotation (light_zone),1.686
CaseKI67_0075.ndpi,Annotation (light_zone),1.3053
CaseKI67_0075.ndpi,Annotation (light_zone),0.1127
CaseKI67_0075.ndpi,Annotation (light_zone),1.2438
CaseKI67_0075.ndpi,Annotation (light_zone),0.4478
CaseKI67_0075.ndpi,Annotation (light_zone),0.4401
CaseKI67_0075.ndpi,Annotation (light_zone),0.1945
CaseKI67_0075.ndpi,Annotation (light_zone),1.5143
CaseKI67_0075.ndpi,Annotation (light_zone),1.1522
CaseKI67_0075.ndpi,Annotation (light_zone),0.7069
CaseKI67_0075.ndpi,Annotation (light_zone),1.32
CaseKI67_0075.ndpi,Annotation (light_zone),1.1463
CaseKI67_0075.ndpi,Annotation (light_zone),1.5284
CaseKI67_0075.ndpi,Annotation (light_zone),1.5205
CaseKI67_0075.ndpi,Annotation (light_zone),1.2008
CaseKI67_0075.ndpi,Annotation (light_zone),1.2658
CaseKI67_0075.ndpi,Annotation (light_zone),1.1328
CaseKI67_0075.ndpi,Annotation (light_zone),0.6446
CaseKI67_0075.ndpi,Annotation (light_zone),0.7393
CaseKI67_0075.ndpi,Annotation (light_zone),0.5378
CaseKI67_0075.ndpi,Annotation (light_zone),0.3057
CaseKI67_0075.ndpi,Annotation (light_zone),0.4022
CaseKI67_0075.ndpi,Annotation (light_zone),0.1146
CaseKI67_0075.ndpi,Annotation (light_zone),1.2815
CaseKI67_0075.ndpi,Annotation (light_zone),1.2849
CaseKI67_0075.ndpi,Annotation (light_zone),0.5306
CaseKI67_0075.ndpi,Annotation (light_zone),0.0766
CaseKI67_0075.ndpi,Annotation (light_zone),0.0632
CaseKI67_0075.ndpi,Annotation (light_zone),1.3074
CaseKI67_0075.ndpi,Annotation (light_zone),1.6208
CaseKI67_0075.ndpi,Annotation (light_zone),0.4617
CaseKI67_0075.ndpi,Annotation (light_zone),1.103
CaseKI67_0075.ndpi,Annotation (light_zone),1.5237
CaseKI67_0075.ndpi,Annotation (light_zone),1.4576
CaseKI67_0075.ndpi,Annotation (light_zone),0.606
CaseKI67_0075.ndpi,Annotation (light_zone),0.1836
CaseKI67_0075.ndpi,Annotation (light_zone),0.2667
CaseKI67_0075.ndpi,Annotation (light_zone),1.0285
CaseKI67_0075.ndpi,Annotation (light_zone),0.2614
CaseKI67_0075.ndpi,Annotation (light_zone),1.2477
CaseKI67_0075.ndpi,Annotation (light_zone),1.4107
CaseKI67_0075.ndpi,Annotation (light_zone),1.3121
CaseKI67_0075.ndpi,Annotation (light_zone),1.0401
CaseKI67_0075.ndpi,Annotation (light_zone),1.3859
CaseKI67_0075.ndpi,Annotation (light_zone),0.2831
CaseKI67_0075.ndpi,Annotation (light_zone),0.332
CaseKI67_0075.ndpi,Annotation (light_zone),0.2592
CaseKI67_0075.ndpi,Annotation (light_zone),1.2007
CaseKI67_0075.ndpi,Annotation (light_zone),1.4017
CaseKI67_0075.ndpi,Annotation (light_zone),0.0558
CaseKI67_0075.ndpi,Annotation (light_zone),0.8389
CaseKI67_0075.ndpi,Annotation (light_zone),1.0931
CaseKI67_0075.ndpi,Annotation (light_zone),0.8967
CaseKI67_0075.ndpi,Annotation (light_zone),1.348
CaseKI67_0075.ndpi,Annotation (light_zone),1.1652
CaseKI67_0075.ndpi,Annotation (light_zone),1.2917
CaseKI67_0075.ndpi,Annotation (light_zone),0.4021
CaseKI67_0075.ndpi,Annotation (light_zone),0.5243
CaseKI67_0075.ndpi,Annotation (light_zone),1.2904
CaseKI67_0075.ndpi,Annotation (light_zone),0.9953
CaseKI67_0075.ndpi,Annotation (light_zone),1.4223
CaseKI67_0075.ndpi,Annotation (light_zone),0.294
CaseKI67_0075.ndpi,Annotation (light_zone),1.0893
CaseKI67_0075.ndpi,Annotation (light_zone),0.7716
CaseKI67_0075.ndpi,Annotation (light_zone),0.709
CaseKI67_0075.ndpi,Annotation (light_zone),0.5645
CaseKI67_0075.ndpi,Annotation (light_zone),1.6247
CaseKI67_0075.ndpi,Annotation (light_zone),0.5615
CaseKI67_0075.ndpi,Annotation (light_zone),1.2383
CaseKI67_0075.ndpi,Annotation (light_zone),0.6989
CaseKI67_0075.ndpi,Annotation (light_zone),0.5774
CaseKI67_0075.ndpi,Annotation (light_zone),0.8982
CaseKI67_0075.ndpi,Annotation (light_zone),1.3068
CaseKI67_0075.ndpi,Annotation (light_zone),0.8242
CaseKI67_0075.ndpi,Annotation (light_zone),1.5131
CaseKI67_0075.ndpi,Annotation (light_zone),1.3329
CaseKI67_0075.ndpi,Annotation (light_zone),1.5437
CaseKI67_0075.ndpi,Annotation (light_zone),1.4359
CaseKI67_0075.ndpi,Annotation (light_zone),1.4454
CaseKI67_0075.ndpi,Annotation (light_zone),1.3651
CaseKI67_0075.ndpi,Annotation (light_zone),1.4822
CaseKI67_0075.ndpi,Annotation (light_zone),1.3842
CaseKI67_0075.ndpi,Annotation (light_zone),1.4156
CaseKI67_0075.ndpi,Annotation (light_zone),0.0482
CaseKI67_0075.ndpi,Annotation (light_zone),0.7584
CaseKI67_0075.ndpi,Annotation (light_zone),0.3045
CaseKI67_0075.ndpi,Annotation (light_zone),1.3417
CaseKI67_0075.ndpi,Annotation (light_zone),1.5231
CaseKI67_0075.ndpi,Annotation (light_zone),0.2897
CaseKI67_0075.ndpi,Annotation (light_zone),1.1763
CaseKI67_0075.ndpi,Annotation (light_zone),0.0504
CaseKI67_0075.ndpi,Annotation (light_zone),0.2516
CaseKI67_0075.ndpi,Annotation (light_zone),0.0887
CaseKI67_0075.ndpi,Annotation (light_zone),1.1824
CaseKI67_0075.ndpi,Annotation (light_zone),0.2095
CaseKI67_0075.ndpi,Annotation (light_zone),1.4734
CaseKI67_0075.ndpi,Annotation (light_zone),1.5203
CaseKI67_0075.ndpi,Annotation (light_zone),1.3118
CaseKI67_0075.ndpi,Annotation (light_zone),1.4894
CaseKI67_0075.ndpi,Annotation (light_zone),0.0527
CaseKI67_0075.ndpi,Annotation (light_zone),0.6154
CaseKI67_0075.ndpi,Annotation (light_zone),0.2398
CaseKI67_0075.ndpi,Annotation (light_zone),1.4684
CaseKI67_0075.ndpi,Annotation (light_zone),1.0199
CaseKI67_0075.ndpi,Annotation (light_zone),0.0676
CaseKI67_0075.ndpi,Annotation (light_zone),1.4527
CaseKI67_0075.ndpi,Annotation (light_zone),0.4684
CaseKI67_0075.ndpi,Annotation (light_zone),0.9494
CaseKI67_0075.ndpi,Annotation (light_zone),1.1585
CaseKI67_0075.ndpi,Annotation (light_zone),1.3356
CaseKI67_0075.ndpi,Annotation (light_zone),1.2052
CaseKI67_0075.ndpi,Annotation (light_zone),1.3692
CaseKI67_0075.ndpi,Annotation (light_zone),1.4454
CaseKI67_0075.ndpi,Annotation (light_zone),1.2123
CaseKI67_0075.ndpi,Annotation (light_zone),1.4565
CaseKI67_0075.ndpi,Annotation (light_zone),1.1062
CaseKI67_0075.ndpi,Annotation (light_zone),1.5889
CaseKI67_0075.ndpi,Annotation (light_zone),1.3654
CaseKI67_0075.ndpi,Annotation (light_zone),1.6466
CaseKI67_0075.ndpi,Annotation (light_zone),1.5191
CaseKI67_0075.ndpi,Annotation (light_zone),1.4056
CaseKI67_0075.ndpi,Annotation (light_zone),1.77
CaseKI67_0075.ndpi,Annotation (light_zone),1.085
CaseKI67_0075.ndpi,Annotation (light_zone),0.7518
CaseKI67_0075.ndpi,Annotation (light_zone),1.1824
CaseKI67_0075.ndpi,Annotation (light_zone),1.318
CaseKI67_0075.ndpi,Annotation (light_zone),0.5393
CaseKI67_0075.ndpi,Annotation (light_zone),1.638
CaseKI67_0075.ndpi,Annotation (light_zone),0.0821
CaseKI67_0075.ndpi,Annotation (light_zone),1.4106
CaseKI67_0075.ndpi,Annotation (light_zone),1.7339
CaseKI67_0075.ndpi,Annotation (light_zone),0.0763
CaseKI67_0075.ndpi,Annotation (light_zone),1.7062
CaseKI67_0075.ndpi,Annotation (light_zone),1.1595
CaseKI67_0075.ndpi,Annotation (light_zone),1.5411
CaseKI67_0075.ndpi,Annotation (light_zone),1.4556
CaseKI67_0075.ndpi,Annotation (light_zone),0.8615
CaseKI67_0075.ndpi,Annotation (light_zone),0.882
CaseKI67_0075.ndpi,Annotation (light_zone),1.4938
CaseKI67_0075.ndpi,Annotation (light_zone),0.0999
CaseKI67_0075.ndpi,Annotation (light_zone),1.2479
CaseKI67_0075.ndpi,Annotation (light_zone),1.3581
CaseKI67_0075.ndpi,Annotation (light_zone),1.6709
CaseKI67_0075.ndpi,Annotation (light_zone),1.7039
CaseKI67_0075.ndpi,Annotation (light_zone),1.5481
CaseKI67_0075.ndpi,Annotation (light_zone),1.5138
CaseKI67_0075.ndpi,Annotation (light_zone),1.1004
CaseKI67_0075.ndpi,Annotation (light_zone),1.4071
CaseKI67_0075.ndpi,Annotation (light_zone),0.9295
CaseKI67_0075.ndpi,Annotation (light_zone),1.4975
CaseKI67_0075.ndpi,Annotation (light_zone),1.1213
CaseKI67_0075.ndpi,Annotation (light_zone),1.3299
CaseKI67_0075.ndpi,Annotation (light_zone),1.3417
CaseKI67_0075.ndpi,Annotation (light_zone),0.4631
CaseKI67_0075.ndpi,Annotation (light_zone),1.1386
CaseKI67_0075.ndpi,Annotation (light_zone),0.7655
CaseKI67_0075.ndpi,Annotation (light_zone),1.1535
CaseKI67_0075.ndpi,Annotation (light_zone),1.7385
CaseKI67_0075.ndpi,Annotation (light_zone),1.3552
CaseKI67_0075.ndpi,Annotation (light_zone),1.4267
CaseKI67_0075.ndpi,Annotation (light_zone),0.636
CaseKI67_0075.ndpi,Annotation (light_zone),0.0699
CaseKI67_0075.ndpi,Annotation (light_zone),1.4284
CaseKI67_0075.ndpi,Annotation (light_zone),0.8151
CaseKI67_0075.ndpi,Annotation (light_zone),1.4437
CaseKI67_0075.ndpi,Annotation (light_zone),1.3398
CaseKI67_0075.ndpi,Annotation (light_zone),1.6447
CaseKI67_0075.ndpi,Annotation (light_zone),1.5971
CaseKI67_0075.ndpi,Annotation (light_zone),0.1287
CaseKI67_0075.ndpi,Annotation (light_zone),1.1624
CaseKI67_0075.ndpi,Annotation (light_zone),0.8469
CaseKI67_0075.ndpi,Annotation (light_zone),1.4656
CaseKI67_0075.ndpi,Annotation (light_zone),0.0783
CaseKI67_0075.ndpi,Annotation (light_zone),1.313
CaseKI67_0075.ndpi,Annotation (light_zone),0.6378
CaseKI67_0075.ndpi,Annotation (light_zone),1.4702
CaseKI67_0075.ndpi,Annotation (light_zone),1.4058
CaseKI67_0075.ndpi,Annotation (light_zone),1.2945
CaseKI67_0075.ndpi,Annotation (light_zone),1.6379
CaseKI67_0075.ndpi,Annotation (light_zone),0.0663
CaseKI67_0075.ndpi,Annotation (light_zone),1.3396
CaseKI67_0075.ndpi,Annotation (light_zone),1.1166
CaseKI67_0075.ndpi,Annotation (light_zone),1.4492
CaseKI67_0075.ndpi,Annotation (light_zone),1.5831
CaseKI67_0075.ndpi,Annotation (light_zone),0.1057
CaseKI67_0075.ndpi,Annotation (light_zone),1.8484
CaseKI67_0075.ndpi,Annotation (light_zone),0.0464
CaseKI67_0075.ndpi,Annotation (light_zone),0.5702
CaseKI67_0075.ndpi,Annotation (light_zone),0.0912
CaseKI67_0075.ndpi,Annotation (light_zone),1.4671
CaseKI67_0075.ndpi,Annotation (light_zone),0.9335
CaseKI67_0075.ndpi,Annotation (light_zone),1.4837
CaseKI67_0075.ndpi,Annotation (light_zone),1.0775
CaseKI67_0075.ndpi,Annotation (light_zone),1.7531
CaseKI67_0075.ndpi,Annotation (light_zone),1.6963
CaseKI67_0075.ndpi,Annotation (light_zone),1.1864
CaseKI67_0075.ndpi,Annotation (light_zone),1.4126
CaseKI67_0075.ndpi,Annotation (light_zone),0.6924
CaseKI67_0075.ndpi,Annotation (light_zone),0.6044
CaseKI67_0075.ndpi,Annotation (light_zone),1.4394
CaseKI67_0075.ndpi,Annotation (light_zone),0.4815
CaseKI67_0075.ndpi,Annotation (light_zone),0.0937
CaseKI67_0075.ndpi,Annotation (light_zone),1.0166
CaseKI67_0075.ndpi,Annotation (light_zone),1.4812
CaseKI67_0075.ndpi,Annotation (light_zone),1.5262
CaseKI67_0075.ndpi,Annotation (light_zone),1.1649
CaseKI67_0075.ndpi,Annotation (light_zone),0.4166
CaseKI67_0075.ndpi,Annotation (light_zone),1.1334
CaseKI67_0075.ndpi,Annotation (light_zone),1.5822
CaseKI67_0075.ndpi,Annotation (light_zone),1.6178
CaseKI67_0075.ndpi,Annotation (light_zone),0.223
CaseKI67_0075.ndpi,Annotation (light_zone),1.0654
CaseKI67_0075.ndpi,Annotation (light_zone),1.0182
CaseKI67_0075.ndpi,Annotation (light_zone),0.8832
CaseKI67_0075.ndpi,Annotation (light_zone),1.4243
CaseKI67_0075.ndpi,Annotation (light_zone),0.927
CaseKI67_0075.ndpi,Annotation (light_zone),0.2938
CaseKI67_0075.ndpi,Annotation (light_zone),0.5485
CaseKI67_0075.ndpi,Annotation (light_zone),1.8679
CaseKI67_0075.ndpi,Annotation (light_zone),1.4967
CaseKI67_0075.ndpi,Annotation (light_zone),0.3906
CaseKI67_0075.ndpi,Annotation (light_zone),0.4058
CaseKI67_0075.ndpi,Annotation (light_zone),0.5713
CaseKI67_0075.ndpi,Annotation (light_zone),0.9475
CaseKI67_0075.ndpi,Annotation (light_zone),1.5483
CaseKI67_0075.ndpi,Annotation (light_zone),0.7506
CaseKI67_0075.ndpi,Annotation (light_zone),0.1379
CaseKI67_0075.ndpi,Annotation (light_zone),1.6773
CaseKI67_0075.ndpi,Annotation (light_zone),1.7527
CaseKI67_0075.ndpi,Annotation (light_zone),1.5048
CaseKI67_0075.ndpi,Annotation (light_zone),1.695
CaseKI67_0075.ndpi,Annotation (light_zone),1.7533
CaseKI67_0075.ndpi,Annotation (light_zone),1.1842
CaseKI67_0075.ndpi,Annotation (light_zone),1.6181
CaseKI67_0075.ndpi,Annotation (light_zone),1.3827
CaseKI67_0075.ndpi,Annotation (light_zone),1.3188
CaseKI67_0075.ndpi,Annotation (light_zone),1.593
CaseKI67_0075.ndpi,Annotation (light_zone),1.0113
CaseKI67_0075.ndpi,Annotation (light_zone),1.2483
CaseKI67_0075.ndpi,Annotation (light_zone),1.0428
CaseKI67_0075.ndpi,Annotation (light_zone),1.3742
CaseKI67_0075.ndpi,Annotation (light_zone),1.2807
CaseKI67_0075.ndpi,Annotation (light_zone),1.422
CaseKI67_0075.ndpi,Annotation (light_zone),0.2504
CaseKI67_0075.ndpi,Annotation (light_zone),1.5123
CaseKI67_0075.ndpi,Annotation (light_zone),0.0738
CaseKI67_0075.ndpi,Annotation (light_zone),1.2712
CaseKI67_0075.ndpi,Annotation (light_zone),1.152
CaseKI67_0075.ndpi,Annotation (light_zone),1.7142
CaseKI67_0075.ndpi,Annotation (light_zone),1.2145
CaseKI67_0075.ndpi,Annotation (light_zone),1.4445
CaseKI67_0075.ndpi,Annotation (light_zone),0.9419
CaseKI67_0075.ndpi,Annotation (light_zone),0.3854
CaseKI67_0075.ndpi,Annotation (light_zone),1.4029
CaseKI67_0075.ndpi,Annotation (light_zone),0.0801
CaseKI67_0075.ndpi,Annotation (light_zone),1.1031
CaseKI67_0075.ndpi,Annotation (light_zone),0.9516
CaseKI67_0075.ndpi,Annotation (light_zone),1.3148
CaseKI67_0075.ndpi,Annotation (light_zone),0.2053
CaseKI67_0075.ndpi,Annotation (light_zone),0.5721
CaseKI67_0075.ndpi,Annotation (light_zone),1.1502
CaseKI67_0075.ndpi,Annotation (light_zone),0.1074
CaseKI67_0075.ndpi,Annotation (light_zone),1.3539
CaseKI67_0075.ndpi,Annotation (light_zone),1.2846
CaseKI67_0075.ndpi,Annotation (light_zone),1.4776
CaseKI67_0075.ndpi,Annotation (light_zone),1.2541
CaseKI67_0075.ndpi,Annotation (light_zone),1.064
CaseKI67_0075.ndpi,Annotation (light_zone),1.1018
CaseKI67_0075.ndpi,Annotation (light_zone),1.1707
CaseKI67_0075.ndpi,Annotation (light_zone),0.7215
CaseKI67_0075.ndpi,Annotation (light_zone),0.6096
CaseKI67_0075.ndpi,Annotation (light_zone),1.4694
CaseKI67_0075.ndpi,Annotation (light_zone),1.3264
CaseKI67_0075.ndpi,Annotation (light_zone),0.7005
CaseKI67_0075.ndpi,Annotation (light_zone),1.3227
CaseKI67_0075.ndpi,Annotation (light_zone),1.0766
CaseKI67_0075.ndpi,Annotation (light_zone),1.2036
CaseKI67_0075.ndpi,Annotation (light_zone),1.4749
CaseKI67_0075.ndpi,Annotation (light_zone),1.6342
CaseKI67_0075.ndpi,Annotation (light_zone),1.1206
CaseKI67_0075.ndpi,Annotation (light_zone),1.123
CaseKI67_0075.ndpi,Annotation (light_zone),0.9917
CaseKI67_0075.ndpi,Annotation (light_zone),1.0416
CaseKI67_0075.ndpi,Annotation (light_zone),0.8107
CaseKI67_0075.ndpi,Annotation (light_zone),1.383
CaseKI67_0075.ndpi,Annotation (light_zone),0.9646
CaseKI67_0075.ndpi,Annotation (light_zone),1.2247
CaseKI67_0075.ndpi,Annotation (light_zone),1.207
CaseKI67_0075.ndpi,Annotation (light_zone),1.1259
CaseKI67_0075.ndpi,Annotation (light_zone),1.022
CaseKI67_0075.ndpi,Annotation (light_zone),1.0512
CaseKI67_0075.ndpi,Annotation (light_zone),1.4766
CaseKI67_0075.ndpi,Annotation (light_zone),1.2619
CaseKI67_0075.ndpi,Annotation (light_zone),1.1547
CaseKI67_0075.ndpi,Annotation (light_zone),1.168
CaseKI67_0075.ndpi,Annotation (light_zone),1.0245
CaseKI67_0075.ndpi,Annotation (light_zone),1.3752
CaseKI67_0075.ndpi,Annotation (light_zone),1.1235
CaseKI67_0075.ndpi,Annotation (light_zone),1.2262
CaseKI67_0075.ndpi,Annotation (light_zone),1.3727
CaseKI67_0075.ndpi,Annotation (light_zone),0.3236
CaseKI67_0075.ndpi,Annotation (light_zone),1.4906
CaseKI67_0075.ndpi,Annotation (light_zone),1.163
CaseKI67_0075.ndpi,Annotation (light_zone),0.1638
CaseKI67_0075.ndpi,Annotation (light_zone),0.935
CaseKI67_0075.ndpi,Annotation (light_zone),1.3213
CaseKI67_0075.ndpi,Annotation (light_zone),1.2124
CaseKI67_0075.ndpi,Annotation (light_zone),1.025
CaseKI67_0075.ndpi,Annotation (light_zone),0.9453
CaseKI67_0075.ndpi,Annotation (light_zone),1.1765
CaseKI67_0075.ndpi,Annotation (light_zone),0.2828
CaseKI67_0075.ndpi,Annotation (light_zone),1.3183
CaseKI67_0075.ndpi,Annotation (light_zone),0.9884
CaseKI67_0075.ndpi,Annotation (light_zone),1.1038
CaseKI67_0075.ndpi,Annotation (light_zone),0.0697
CaseKI67_0075.ndpi,Annotation (light_zone),1.1783
CaseKI67_0075.ndpi,Annotation (light_zone),0.5256
CaseKI67_0075.ndpi,Annotation (light_zone),0.7828
CaseKI67_0075.ndpi,Annotation (light_zone),1.347
CaseKI67_0075.ndpi,Annotation (light_zone),0.2591
CaseKI67_0075.ndpi,Annotation (light_zone),0.0706
CaseKI67_0075.ndpi,Annotation (light_zone),1.3798
CaseKI67_0075.ndpi,Annotation (light_zone),1.5614
CaseKI67_0075.ndpi,Annotation (light_zone),1.4367
CaseKI67_0075.ndpi,Annotation (light_zone),0.7031
CaseKI67_0075.ndpi,Annotation (light_zone),0.0623
CaseKI67_0075.ndpi,Annotation (light_zone),1.1846
CaseKI67_0075.ndpi,Annotation (light_zone),1.0519
CaseKI67_0075.ndpi,Annotation (light_zone),0.842
CaseKI67_0075.ndpi,Annotation (light_zone),0.1388
CaseKI67_0075.ndpi,Annotation (light_zone),1.239
CaseKI67_0075.ndpi,Annotation (light_zone),1.3131
CaseKI67_0075.ndpi,Annotation (light_zone),1.1855
CaseKI67_0075.ndpi,Annotation (light_zone),0.0638
CaseKI67_0075.ndpi,Annotation (light_zone),0.7751
CaseKI67_0075.ndpi,Annotation (light_zone),1.114
CaseKI67_0075.ndpi,Annotation (light_zone),1.1835
CaseKI67_0075.ndpi,Annotation (light_zone),0.8097
CaseKI67_0075.ndpi,Annotation (light_zone),1.216
CaseKI67_0075.ndpi,Annotation (light_zone),0.0845
CaseKI67_0075.ndpi,Annotation (light_zone),0.0606
CaseKI67_0075.ndpi,Annotation (light_zone),1.0333
CaseKI67_0075.ndpi,Annotation (light_zone),0.1994
CaseKI67_0075.ndpi,Annotation (light_zone),0.0621
CaseKI67_0075.ndpi,Annotation (light_zone),0.6982
CaseKI67_0075.ndpi,Annotation (light_zone),0.8202
CaseKI67_0075.ndpi,Annotation (light_zone),1.0861
CaseKI67_0075.ndpi,Annotation (light_zone),1.3253
CaseKI67_0075.ndpi,Annotation (light_zone),0.0728
CaseKI67_0075.ndpi,Annotation (light_zone),0.635
CaseKI67_0075.ndpi,Annotation (light_zone),0.1129
CaseKI67_0075.ndpi,Annotation (light_zone),1.1515
CaseKI67_0075.ndpi,Annotation (light_zone),0.4054
CaseKI67_0075.ndpi,Annotation (light_zone),0.8282
CaseKI67_0075.ndpi,Annotation (light_zone),1.0342
CaseKI67_0075.ndpi,Annotation (light_zone),1.6063
CaseKI67_0075.ndpi,Annotation (light_zone),1.3756
CaseKI67_0075.ndpi,Annotation (light_zone),1.0696
CaseKI67_0075.ndpi,Annotation (light_zone),1.4111
CaseKI67_0075.ndpi,Annotation (light_zone),0.0655
CaseKI67_0075.ndpi,Annotation (light_zone),0.0594
CaseKI67_0075.ndpi,Annotation (light_zone),1.3626
CaseKI67_0075.ndpi,Annotation (light_zone),1.1297
CaseKI67_0075.ndpi,Annotation (light_zone),1.2515
CaseKI67_0075.ndpi,Annotation (light_zone),0.0817
CaseKI67_0075.ndpi,Annotation (light_zone),0.2975
CaseKI67_0075.ndpi,Annotation (light_zone),1.0691
CaseKI67_0075.ndpi,Annotation (light_zone),1.4162
CaseKI67_0075.ndpi,Annotation (light_zone),1.1786
CaseKI67_0075.ndpi,Annotation (light_zone),1.0412
CaseKI67_0075.ndpi,Annotation (light_zone),0.0776
CaseKI67_0075.ndpi,Annotation (light_zone),1.03
CaseKI67_0075.ndpi,Annotation (light_zone),0.2124
CaseKI67_0075.ndpi,Annotation (light_zone),1.0844
CaseKI67_0075.ndpi,Annotation (light_zone),0.9441
CaseKI67_0075.ndpi,Annotation (light_zone),1.2494
CaseKI67_0075.ndpi,Annotation (light_zone),1.0509
CaseKI67_0075.ndpi,Annotation (light_zone),1.0083
CaseKI67_0075.ndpi,Annotation (light_zone),1.0409
CaseKI67_0075.ndpi,Annotation (light_zone),0.7344
CaseKI67_0075.ndpi,Annotation (light_zone),0.8404
CaseKI67_0075.ndpi,Annotation (light_zone),1.5338
CaseKI67_0075.ndpi,Annotation (light_zone),1.1011
CaseKI67_0075.ndpi,Annotation (light_zone),0.7163
CaseKI67_0075.ndpi,Annotation (light_zone),1.2841
CaseKI67_0075.ndpi,Annotation (light_zone),1.0553
CaseKI67_0075.ndpi,Annotation (light_zone),1.1342
CaseKI67_0075.ndpi,Annotation (light_zone),0.0714
CaseKI67_0075.ndpi,Annotation (light_zone),1.0687
CaseKI67_0075.ndpi,Annotation (light_zone),1.4335
CaseKI67_0075.ndpi,Annotation (light_zone),1.2686
CaseKI67_0075.ndpi,Annotation (light_zone),1.3403
CaseKI67_0075.ndpi,Annotation (light_zone),1.3612
CaseKI67_0075.ndpi,Annotation (light_zone),1.1926
CaseKI67_0075.ndpi,Annotation (light_zone),1.2689
CaseKI67_0075.ndpi,Annotation (light_zone),1.3053
CaseKI67_0075.ndpi,Annotation (light_zone),1.1031
CaseKI67_0075.ndpi,Annotation (light_zone),1.0227
CaseKI67_0075.ndpi,Annotation (light_zone),1.1958
CaseKI67_0075.ndpi,Annotation (light_zone),0.9779
CaseKI67_0075.ndpi,Annotation (light_zone),1.0565
CaseKI67_0075.ndpi,Annotation (light_zone),0.592
CaseKI67_0075.ndpi,Annotation (light_zone),0.0544
CaseKI67_0075.ndpi,Annotation (light_zone),1.2637
CaseKI67_0075.ndpi,Annotation (light_zone),1.2657
CaseKI67_0075.ndpi,Annotation (light_zone),1.1639
CaseKI67_0075.ndpi,Annotation (light_zone),1.2892
CaseKI67_0075.ndpi,Annotation (light_zone),1.1648
CaseKI67_0075.ndpi,Annotation (light_zone),1.4881
CaseKI67_0075.ndpi,Annotation (light_zone),1.1433
CaseKI67_0075.ndpi,Annotation (light_zone),1.0121
CaseKI67_0075.ndpi,Annotation (light_zone),0.9504
CaseKI67_0075.ndpi,Annotation (light_zone),1.1531
CaseKI67_0075.ndpi,Annotation (light_zone),1.4315
CaseKI67_0075.ndpi,Annotation (light_zone),0.4409
CaseKI67_0075.ndpi,Annotation (light_zone),0.9717
CaseKI67_0075.ndpi,Annotation (light_zone),0.7184
CaseKI67_0075.ndpi,Annotation (light_zone),0.9824
CaseKI67_0075.ndpi,Annotation (light_zone),0.0836
CaseKI67_0075.ndpi,Annotation (light_zone),0.7542
CaseKI67_0075.ndpi,Annotation (light_zone),1.1602
CaseKI67_0075.ndpi,Annotation (light_zone),0.1115
CaseKI67_0075.ndpi,Annotation (light_zone),0.0505
CaseKI67_0075.ndpi,Annotation (light_zone),1.4009
CaseKI67_0075.ndpi,Annotation (light_zone),0.9295
CaseKI67_0075.ndpi,Annotation (light_zone),1.1402
CaseKI67_0075.ndpi,Annotation (light_zone),1.0868
CaseKI67_0075.ndpi,Annotation (light_zone),1.2237
CaseKI67_0075.ndpi,Annotation (light_zone),0.7764
CaseKI67_0075.ndpi,Annotation (light_zone),0.7489
CaseKI67_0075.ndpi,Annotation (light_zone),0.731
CaseKI67_0075.ndpi,Annotation (light_zone),1.2569
CaseKI67_0075.ndpi,Annotation (light_zone),0.1159
CaseKI67_0075.ndpi,Annotation (light_zone),
CaseKI67_0075.ndpi,Annotation (light_zone),0.0888
CaseKI67_0075.ndpi,Annotation (light_zone),0.2056
CaseKI67_0075.ndpi,Annotation (light_zone),0.6912
CaseKI67_0075.ndpi,Annotation (light_zone),0.6449
CaseKI67_0075.ndpi,Annotation (light_zone),1.263
CaseKI67_0075.ndpi,Annotation (light_zone),1.1011
CaseKI67_0075.ndpi,Annotation (light_zone),1.4935
CaseKI67_0075.ndpi,Annotation (light_zone),0.0649
CaseKI67_0075.ndpi,Annotation (light_zone),0.5347
CaseKI67_0075.ndpi,Annotation (light_zone),0.1826
CaseKI67_0075.ndpi,Annotation (light_zone),1.1943
CaseKI67_0075.ndpi,Annotation (light_zone),1.2037
CaseKI67_0075.ndpi,Annotation (light_zone),1.2891
CaseKI67_0075.ndpi,Annotation (light_zone),0.4245
CaseKI67_0075.ndpi,Annotation (light_zone),0.0936
CaseKI67_0075.ndpi,Annotation (light_zone),1.3389
CaseKI67_0075.ndpi,Annotation (light_zone),1.1147
CaseKI67_0075.ndpi,Annotation (light_zone),1.503
CaseKI67_0075.ndpi,Annotation (light_zone),0.0963
CaseKI67_0075.ndpi,Annotation (light_zone),0.1221
CaseKI67_0075.ndpi,Annotation (light_zone),1.4488
CaseKI67_0075.ndpi,Annotation (light_zone),0.2251
CaseKI67_0075.ndpi,Annotation (light_zone),1.4677
CaseKI67_0075.ndpi,Annotation (light_zone),1.5922
CaseKI67_0075.ndpi,Annotation (light_zone),1.4309
CaseKI67_0075.ndpi,Annotation (light_zone),1.0203
CaseKI67_0075.ndpi,Annotation (light_zone),0.2893
CaseKI67_0075.ndpi,Annotation (light_zone),1.2527
CaseKI67_0075.ndpi,Annotation (light_zone),0.8385
CaseKI67_0075.ndpi,Annotation (light_zone),1.2221
CaseKI67_0075.ndpi,Annotation (light_zone),1.3108
CaseKI67_0075.ndpi,Annotation (light_zone),1.0162
CaseKI67_0075.ndpi,Annotation (light_zone),1.3087
CaseKI67_0075.ndpi,Annotation (light_zone),0.1027
CaseKI67_0075.ndpi,Annotation (light_zone),0.619
CaseKI67_0075.ndpi,Annotation (light_zone),0.1213
CaseKI67_0075.ndpi,Annotation (light_zone),1.1284
CaseKI67_0075.ndpi,Annotation (light_zone),1.0469
CaseKI67_0075.ndpi,Annotation (light_zone),1.0155
CaseKI67_0075.ndpi,Annotation (light_zone),1.091
CaseKI67_0075.ndpi,Annotation (light_zone),0.0865
CaseKI67_0075.ndpi,Annotation (light_zone),0.0768
CaseKI67_0075.ndpi,Annotation (light_zone),0.0883
CaseKI67_0075.ndpi,Annotation (light_zone),0.5917
CaseKI67_0075.ndpi,Annotation (light_zone),0.6585
CaseKI67_0075.ndpi,Annotation (light_zone),0.0885
CaseKI67_0075.ndpi,Annotation (light_zone),1.0718
CaseKI67_0075.ndpi,Annotation (light_zone),1.2862
CaseKI67_0075.ndpi,Annotation (light_zone),1.2003
CaseKI67_0075.ndpi,Annotation (light_zone),1.2204
CaseKI67_0075.ndpi,Annotation (light_zone),1.3015
CaseKI67_0075.ndpi,Annotation (light_zone),0.3512
CaseKI67_0075.ndpi,Annotation (light_zone),1.3177
CaseKI67_0075.ndpi,Annotation (light_zone),1.2878
CaseKI67_0075.ndpi,Annotation (light_zone),0.083
CaseKI67_0075.ndpi,Annotation (light_zone),0.6801
CaseKI67_0075.ndpi,Annotation (light_zone),1.0195
CaseKI67_0075.ndpi,Annotation (light_zone),0.0615
CaseKI67_0075.ndpi,Annotation (light_zone),1.3308
CaseKI67_0075.ndpi,Annotation (light_zone),1.0769
CaseKI67_0075.ndpi,Annotation (light_zone),1.2737
CaseKI67_0075.ndpi,Annotation (light_zone),1.4015
CaseKI67_0075.ndpi,Annotation (light_zone),1.1118
CaseKI67_0075.ndpi,Annotation (light_zone),0.7001
CaseKI67_0075.ndpi,Annotation (light_zone),1.0961
CaseKI67_0075.ndpi,Annotation (light_zone),1.5082
CaseKI67_0075.ndpi,Annotation (light_zone),1.1658
CaseKI67_0075.ndpi,Annotation (light_zone),0.2802
CaseKI67_0075.ndpi,Annotation (light_zone),0.8941
CaseKI67_0075.ndpi,Annotation (light_zone),1.3671
CaseKI67_0075.ndpi,Annotation (light_zone),0.0622
CaseKI67_0075.ndpi,Annotation (light_zone),0.873
CaseKI67_0075.ndpi,Annotation (light_zone),0.6763
CaseKI67_0075.ndpi,Annotation (light_zone),0.0822
CaseKI67_0075.ndpi,Annotation (light_zone),0.048
CaseKI67_0075.ndpi,Annotation (light_zone),0.2216
CaseKI67_0075.ndpi,Annotation (light_zone),0.2176
CaseKI67_0075.ndpi,Annotation (light_zone),0.086
CaseKI67_0075.ndpi,Annotation (light_zone),0.668
CaseKI67_0075.ndpi,Annotation (light_zone),0.515
CaseKI67_0075.ndpi,Annotation (light_zone),1.1952
CaseKI67_0075.ndpi,Annotation (light_zone),1.1982
CaseKI67_0075.ndpi,Annotation (light_zone),1.3153
CaseKI67_0075.ndpi,Annotation (light_zone),1.1642
CaseKI67_0075.ndpi,Annotation (light_zone),1.7211
CaseKI67_0075.ndpi,Annotation (light_zone),1.5005
CaseKI67_0075.ndpi,Annotation (light_zone),1.6857
CaseKI67_0075.ndpi,Annotation (light_zone),1.7863
CaseKI67_0075.ndpi,Annotation (light_zone),1.3115
CaseKI67_0075.ndpi,Annotation (light_zone),1.2977
CaseKI67_0075.ndpi,Annotation (light_zone),1.3132
CaseKI67_0075.ndpi,Annotation (light_zone),0.9635
CaseKI67_0075.ndpi,Annotation (light_zone),1.1412
CaseKI67_0075.ndpi,Annotation (light_zone),0.9527
CaseKI67_0075.ndpi,Annotation (light_zone),0.824
CaseKI67_0075.ndpi,Annotation (light_zone),0.0712
CaseKI67_0075.ndpi,Annotation (light_zone),0.1078
CaseKI67_0075.ndpi,Annotation (light_zone),1.7292
CaseKI67_0075.ndpi,Annotation (light_zone),1.0988
CaseKI67_0075.ndpi,Annotation (light_zone),1.2614
CaseKI67_0075.ndpi,Annotation (light_zone),0.6484
CaseKI67_0075.ndpi,Annotation (light_zone),1.3604
CaseKI67_0075.ndpi,Annotation (light_zone),1.1161
CaseKI67_0075.ndpi,Annotation (light_zone),1.3751
CaseKI67_0075.ndpi,Annotation (light_zone),1.3996
CaseKI67_0075.ndpi,Annotation (light_zone),0.7684
CaseKI67_0075.ndpi,Annotation (light_zone),0.0756
CaseKI67_0075.ndpi,Annotation (light_zone),1.5718
CaseKI67_0075.ndpi,Annotation (light_zone),0.1028
CaseKI67_0075.ndpi,Annotation (light_zone),0.0691
CaseKI67_0075.ndpi,Annotation (light_zone),0.8225
CaseKI67_0075.ndpi,Annotation (light_zone),0.0995
CaseKI67_0075.ndpi,Annotation (light_zone),0.5691
CaseKI67_0075.ndpi,Annotation (light_zone),1.3367
CaseKI67_0075.ndpi,Annotation (light_zone),0.1798
CaseKI67_0075.ndpi,Annotation (light_zone),0.0654
CaseKI67_0075.ndpi,Annotation (light_zone),0.4262
CaseKI67_0075.ndpi,Annotation (light_zone),0.9387
CaseKI67_0075.ndpi,Annotation (light_zone),0.1935
CaseKI67_0075.ndpi,Annotation (light_zone),1.3149
CaseKI67_0075.ndpi,Annotation (light_zone),0.9805
CaseKI67_0075.ndpi,Annotation (light_zone),0.8293
CaseKI67_0075.ndpi,Annotation (light_zone),1.1891
CaseKI67_0075.ndpi,Annotation (light_zone),0.1328
CaseKI67_0075.ndpi,Annotation (light_zone),1.1037
CaseKI67_0075.ndpi,Annotation (light_zone),1.4115
CaseKI67_0075.ndpi,Annotation (light_zone),0.0891
CaseKI67_0075.ndpi,Annotation (light_zone),0.2585
CaseKI67_0075.ndpi,Annotation (light_zone),1.4055
CaseKI67_0075.ndpi,Annotation (light_zone),1.373
CaseKI67_0075.ndpi,Annotation (light_zone),1.3825
CaseKI67_0075.ndpi,Annotation (light_zone),0.1994
CaseKI67_0075.ndpi,Annotation (light_zone),1.3095
CaseKI67_0075.ndpi,Annotation (light_zone),1.1338
CaseKI67_0075.ndpi,Annotation (light_zone),1.249
CaseKI67_0075.ndpi,Annotation (light_zone),1.4332
CaseKI67_0075.ndpi,Annotation (light_zone),1.581
CaseKI67_0075.ndpi,Annotation (light_zone),0.0974
CaseKI67_0075.ndpi,Annotation (light_zone),0.3991
CaseKI67_0075.ndpi,Annotation (light_zone),0.7246
CaseKI67_0075.ndpi,Annotation (light_zone),1.4293
CaseKI67_0075.ndpi,Annotation (light_zone),1.4327
CaseKI67_0075.ndpi,Annotation (light_zone),1.2827
CaseKI67_0075.ndpi,Annotation (light_zone),1.5449
CaseKI67_0075.ndpi,Annotation (light_zone),0.0823
CaseKI67_0075.ndpi,Annotation (light_zone),1.1301
CaseKI67_0075.ndpi,Annotation (light_zone),0.4458
CaseKI67_0075.ndpi,Annotation (light_zone),1.6007
CaseKI67_0075.ndpi,Annotation (light_zone),1.1469
CaseKI67_0075.ndpi,Annotation (light_zone),1.4232
CaseKI67_0075.ndpi,Annotation (light_zone),0.451
CaseKI67_0075.ndpi,Annotation (light_zone),1.4255
CaseKI67_0075.ndpi,Annotation (light_zone),0.6558
CaseKI67_0075.ndpi,Annotation (light_zone),0.8695
CaseKI67_0075.ndpi,Annotation (light_zone),1.3493
CaseKI67_0075.ndpi,Annotation (light_zone),0.8858
CaseKI67_0075.ndpi,Annotation (light_zone),0.9403
CaseKI67_0075.ndpi,Annotation (light_zone),1.0477
CaseKI67_0075.ndpi,Annotation (light_zone),1.0542
CaseKI67_0075.ndpi,Annotation (light_zone),1.3039
CaseKI67_0075.ndpi,Annotation (light_zone),1.4968
CaseKI67_0075.ndpi,Annotation (light_zone),0.8227
CaseKI67_0075.ndpi,Annotation (light_zone),0.9767
CaseKI67_0075.ndpi,Annotation (light_zone),0.7922
CaseKI67_0075.ndpi,Annotation (light_zone),1.39
CaseKI67_0075.ndpi,Annotation (light_zone),1.1246
CaseKI67_0075.ndpi,Annotation (light_zone),1.234
CaseKI67_0075.ndpi,Annotation (light_zone),1.2077
CaseKI67_0075.ndpi,Annotation (light_zone),1.3065
CaseKI67_0075.ndpi,Annotation (light_zone),1.3924
CaseKI67_0075.ndpi,Annotation (light_zone),1.1381
CaseKI67_0075.ndpi,Annotation (light_zone),1.0157
CaseKI67_0075.ndpi,Annotation (light_zone),1.0441
CaseKI67_0075.ndpi,Annotation (light_zone),0.7907
CaseKI67_0075.ndpi,Annotation (light_zone),1.0565
CaseKI67_0075.ndpi,Annotation (light_zone),0.6545
CaseKI67_0075.ndpi,Annotation (light_zone),1.1223
CaseKI67_0075.ndpi,Annotation (light_zone),0.0602
CaseKI67_0075.ndpi,Annotation (light_zone),0.0847
CaseKI67_0075.ndpi,Annotation (light_zone),1.4857
CaseKI67_0075.ndpi,Annotation (light_zone),1.5664
CaseKI67_0075.ndpi,Annotation (light_zone),0.8766
CaseKI67_0075.ndpi,Annotation (light_zone),1.0046
CaseKI67_0075.ndpi,Annotation (light_zone),0.0791
CaseKI67_0075.ndpi,Annotation (light_zone),0.6173
CaseKI67_0075.ndpi,Annotation (light_zone),0.4274
CaseKI67_0075.ndpi,Annotation (light_zone),0.0661
CaseKI67_0075.ndpi,Annotation (light_zone),0.1832
CaseKI67_0075.ndpi,Annotation (light_zone),1.0071
CaseKI67_0075.ndpi,Annotation (light_zone),0.0711
CaseKI67_0075.ndpi,Annotation (light_zone),1.0763
CaseKI67_0075.ndpi,Annotation (light_zone),0.1342
CaseKI67_0075.ndpi,Annotation (light_zone),1.6586
CaseKI67_0075.ndpi,Annotation (light_zone),1.6901
CaseKI67_0075.ndpi,Annotation (light_zone),1.6194
CaseKI67_0075.ndpi,Annotation (light_zone),0.4383
CaseKI67_0075.ndpi,Annotation (light_zone),1.3172
CaseKI67_0075.ndpi,Annotation (light_zone),1.4098
CaseKI67_0075.ndpi,Annotation (light_zone),1.3632
CaseKI67_0075.ndpi,Annotation (light_zone),0.0653
CaseKI67_0075.ndpi,Annotation (light_zone),1.0374
CaseKI67_0075.ndpi,Annotation (light_zone),0.1337
CaseKI67_0075.ndpi,Annotation (light_zone),1.0429
CaseKI67_0075.ndpi,Annotation (light_zone),0.95
CaseKI67_0075.ndpi,Annotation (light_zone),1.3923
CaseKI67_0075.ndpi,Annotation (light_zone),1.7878
CaseKI67_0075.ndpi,Annotation (light_zone),1.5929
CaseKI67_0075.ndpi,Annotation (light_zone),1.411
CaseKI67_0075.ndpi,Annotation (light_zone),1.6367
CaseKI67_0075.ndpi,Annotation (light_zone),1.383
CaseKI67_0075.ndpi,Annotation (light_zone),0.0775
CaseKI67_0075.ndpi,Annotation (light_zone),1.6087
CaseKI67_0075.ndpi,Annotation (light_zone),1.5324
CaseKI67_0075.ndpi,Annotation (light_zone),0.772
CaseKI67_0075.ndpi,Annotation (light_zone),1.2605
CaseKI67_0075.ndpi,Annotation (light_zone),0.223
CaseKI67_0075.ndpi,Annotation (light_zone),1.5116
CaseKI67_0075.ndpi,Annotation (light_zone),1.5641
CaseKI67_0075.ndpi,Annotation (light_zone),0.8036
CaseKI67_0075.ndpi,Annotation (light_zone),0.087
CaseKI67_0075.ndpi,Annotation (light_zone),1.4734
CaseKI67_0075.ndpi,Annotation (light_zone),1.1125
CaseKI67_0075.ndpi,Annotation (light_zone),1.0959
CaseKI67_0075.ndpi,Annotation (light_zone),0.2294
CaseKI67_0075.ndpi,Annotation (light_zone),1.6622
CaseKI67_0075.ndpi,Annotation (light_zone),0.9889
CaseKI67_0075.ndpi,Annotation (light_zone),1.6655
CaseKI67_0075.ndpi,Annotation (light_zone),1.4734
CaseKI67_0075.ndpi,Annotation (light_zone),1.4041
CaseKI67_0075.ndpi,Annotation (light_zone),0.7933
CaseKI67_0075.ndpi,Annotation (light_zone),1.0501
CaseKI67_0075.ndpi,Annotation (light_zone),0.9924
CaseKI67_0075.ndpi,Annotation (light_zone),0.1144
CaseKI67_0075.ndpi,Annotation (light_zone),1.3658
CaseKI67_0075.ndpi,Annotation (light_zone),1.0561
CaseKI67_0075.ndpi,Annotation (light_zone),0.4958
CaseKI67_0075.ndpi,Annotation (light_zone),1.6015
CaseKI67_0075.ndpi,Annotation (light_zone),1.1423
CaseKI67_0075.ndpi,Annotation (light_zone),0.1107
CaseKI67_0075.ndpi,Annotation (light_zone),1.5551
CaseKI67_0075.ndpi,Annotation (light_zone),1.4063
CaseKI67_0075.ndpi,Annotation (light_zone),1.7053
CaseKI67_0075.ndpi,Annotation (light_zone),1.5599
CaseKI67_0075.ndpi,Annotation (light_zone),1.7628
CaseKI67_0075.ndpi,Annotation (light_zone),1.6677
CaseKI67_0075.ndpi,Annotation (light_zone),1.4406
CaseKI67_0075.ndpi,Annotation (light_zone),1.6952
CaseKI67_0075.ndpi,Annotation (light_zone),0.4771
CaseKI67_0075.ndpi,Annotation (light_zone),1.282
CaseKI67_0075.ndpi,Annotation (light_zone),1.3041
CaseKI67_0075.ndpi,Annotation (light_zone),0.9505
CaseKI67_0075.ndpi,Annotation (light_zone),1.6753
CaseKI67_0075.ndpi,Annotation (light_zone),1.9726
CaseKI67_0075.ndpi,Annotation (light_zone),0.2812
CaseKI67_0075.ndpi,Annotation (light_zone),0.4033
CaseKI67_0075.ndpi,Annotation (light_zone),1.261
CaseKI67_0075.ndpi,Annotation (light_zone),1.309
CaseKI67_0075.ndpi,Annotation (light_zone),1.2839
CaseKI67_0075.ndpi,Annotation (light_zone),1.496
CaseKI67_0075.ndpi,Annotation (light_zone),1.3183
CaseKI67_0075.ndpi,Annotation (light_zone),0.0983
CaseKI67_0075.ndpi,Annotation (light_zone),1.2617
CaseKI67_0075.ndpi,Annotation (light_zone),0.1494
CaseKI67_0075.ndpi,Annotation (light_zone),1.3457
CaseKI67_0075.ndpi,Annotation (light_zone),1.3161
CaseKI67_0075.ndpi,Annotation (light_zone),1.4246
CaseKI67_0075.ndpi,Annotation (light_zone),1.1826
CaseKI67_0075.ndpi,Annotation (light_zone),1.5029
CaseKI67_0075.ndpi,Annotation (light_zone),1.3812
CaseKI67_0075.ndpi,Annotation (light_zone),1.3829
CaseKI67_0075.ndpi,Annotation (light_zone),1.5532
CaseKI67_0075.ndpi,Annotation (light_zone),1.5884
CaseKI67_0075.ndpi,Annotation (light_zone),1.2609
CaseKI67_0075.ndpi,Annotation (light_zone),1.2808
CaseKI67_0075.ndpi,Annotation (light_zone),1.512
CaseKI67_0075.ndpi,Annotation (light_zone),1.3065
CaseKI67_0075.ndpi,Annotation (light_zone),1.6679
CaseKI67_0075.ndpi,Annotation (light_zone),1.533
CaseKI67_0075.ndpi,Annotation (light_zone),1.6333
CaseKI67_0075.ndpi,Annotation (light_zone),1.3428
CaseKI67_0075.ndpi,Annotation (light_zone),1.2442
CaseKI67_0075.ndpi,Annotation (light_zone),1.4048
CaseKI67_0075.ndpi,Annotation (light_zone),1.4113
CaseKI67_0075.ndpi,Annotation (light_zone),1.4095
CaseKI67_0075.ndpi,Annotation (light_zone),1.2373
CaseKI67_0075.ndpi,Annotation (light_zone),1.3675
CaseKI67_0075.ndpi,Annotation (light_zone),0.3238
CaseKI67_0075.ndpi,Annotation (light_zone),1.4939
CaseKI67_0075.ndpi,Annotation (light_zone),1.3336
CaseKI67_0075.ndpi,Annotation (light_zone),1.2603
CaseKI67_0075.ndpi,Annotation (light_zone),1.2777
CaseKI67_0075.ndpi,Annotation (light_zone),1.3458
CaseKI67_0075.ndpi,Annotation (light_zone),1.3
CaseKI67_0075.ndpi,Annotation (light_zone),1.3581
CaseKI67_0075.ndpi,Annotation (light_zone),1.478
CaseKI67_0075.ndpi,Annotation (light_zone),1.1915
CaseKI67_0075.ndpi,Annotation (light_zone),1.5439
CaseKI67_0075.ndpi,Annotation (light_zone),0.6274
CaseKI67_0075.ndpi,Annotation (light_zone),1.5267
CaseKI67_0075.ndpi,Annotation (light_zone),0.6497
CaseKI67_0075.ndpi,Annotation (light_zone),1.5508
CaseKI67_0075.ndpi,Annotation (light_zone),1.4484
CaseKI67_0075.ndpi,Annotation (light_zone),0.7344
CaseKI67_0075.ndpi,Annotation (light_zone),1.4102
CaseKI67_0075.ndpi,Annotation (light_zone),1.517
CaseKI67_0075.ndpi,Annotation (light_zone),1.5723
CaseKI67_0075.ndpi,Annotation (light_zone),1.9172
CaseKI67_0075.ndpi,Annotation (light_zone),1.304
CaseKI67_0075.ndpi,Annotation (light_zone),1.2324
CaseKI67_0075.ndpi,Annotation (light_zone),1.4162
CaseKI67_0075.ndpi,Annotation (light_zone),0.3689
CaseKI67_0075.ndpi,Annotation (light_zone),1.6212
CaseKI67_0075.ndpi,Annotation (light_zone),1.2784
CaseKI67_0075.ndpi,Annotation (light_zone),1.6811
CaseKI67_0075.ndpi,Annotation (light_zone),1.3221
CaseKI67_0075.ndpi,Annotation (light_zone),1.1207
CaseKI67_0075.ndpi,Annotation (light_zone),1.2896
CaseKI67_0075.ndpi,Annotation (light_zone),1.2562
CaseKI67_0075.ndpi,Annotation (light_zone),1.161
CaseKI67_0075.ndpi,Annotation (light_zone),1.1419
CaseKI67_0075.ndpi,Annotation (light_zone),1.4235
CaseKI67_0075.ndpi,Annotation (light_zone),0.874
CaseKI67_0075.ndpi,Annotation (light_zone),0.1846
CaseKI67_0075.ndpi,Annotation (light_zone),0.5172
CaseKI67_0075.ndpi,Annotation (light_zone),1.1726
CaseKI67_0075.ndpi,Annotation (light_zone),1.537
CaseKI67_0075.ndpi,Annotation (light_zone),0.4879
CaseKI67_0075.ndpi,Annotation (dark_zone),1.2999
CaseKI67_0075.ndpi,Annotation (dark_zone),1.217
CaseKI67_0075.ndpi,Annotation (dark_zone),0.8936
CaseKI67_0075.ndpi,Annotation (dark_zone),1.3139
CaseKI67_0075.ndpi,Annotation (dark_zone),1.2673
CaseKI67_0075.ndpi,Annotation (dark_zone),1.4271
CaseKI67_0075.ndpi,Annotation (dark_zone),1.2587
CaseKI67_0075.ndpi,Annotation (dark_zone),1.4756
CaseKI67_0075.ndpi,Annotation (dark_zone),1.3779
CaseKI67_0075.ndpi,Annotation (dark_zone),1.5013
CaseKI67_0075.ndpi,Annotation (dark_zone),1.3519
CaseKI67_0075.ndpi,Annotation (dark_zone),1.4383
CaseKI67_0075.ndpi,Annotation (dark_zone),1.4667
CaseKI67_0075.ndpi,Annotation (dark_zone),0.6986
CaseKI67_0075.ndpi,Annotation (dark_zone),1.5149
CaseKI67_0075.ndpi,Annotation (dark_zone),1.4659
CaseKI67_0075.ndpi,Annotation (dark_zone),0.0701
CaseKI67_0075.ndpi,Annotation (dark_zone),1.4322
CaseKI67_0075.ndpi,Annotation (dark_zone),1.5973
CaseKI67_0075.ndpi,Annotation (dark_zone),0.0812
CaseKI67_0075.ndpi,Annotation (dark_zone),1.3683
CaseKI67_0075.ndpi,Annotation (dark_zone),1.3237
CaseKI67_0075.ndpi,Annotation (dark_zone),1.5638
CaseKI67_0075.ndpi,Annotation (dark_zone),1.308
CaseKI67_0075.ndpi,Annotation (dark_zone),1.0734
CaseKI67_0075.ndpi,Annotation (dark_zone),0.4533
CaseKI67_0075.ndpi,Annotation (dark_zone),1.5846
CaseKI67_0075.ndpi,Annotation (dark_zone),1.5407
CaseKI67_0075.ndpi,Annotation (dark_zone),0.8979
CaseKI67_0075.ndpi,Annotation (dark_zone),0.7808
CaseKI67_0075.ndpi,Annotation (dark_zone),1.304
CaseKI67_0075.ndpi,Annotation (dark_zone),1.5413
CaseKI67_0075.ndpi,Annotation (dark_zone),1.5569
CaseKI67_0075.ndpi,Annotation (dark_zone),1.0767
CaseKI67_0075.ndpi,Annotation (dark_zone),1.5916
CaseKI67_0075.ndpi,Annotation (dark_zone),1.3655
CaseKI67_0075.ndpi,Annotation (dark_zone),1.2224
CaseKI67_0075.ndpi,Annotation (dark_zone),1.342
CaseKI67_0075.ndpi,Annotation (dark_zone),1.3727
CaseKI67_0075.ndpi,Annotation (dark_zone),1.2013
CaseKI67_0075.ndpi,Annotation (dark_zone),0.9328
CaseKI67_0075.ndpi,Annotation (dark_zone),0.1149
CaseKI67_0075.ndpi,Annotation (dark_zone),0.9966
CaseKI67_0075.ndpi,Annotation (dark_zone),1.2641
CaseKI67_0075.ndpi,Annotation (dark_zone),0.424
CaseKI67_0075.ndpi,Annotation (dark_zone),1.1138
CaseKI67_0075.ndpi,Annotation (dark_zone),1.4967
CaseKI67_0075.ndpi,Annotation (dark_zone),1.0206
CaseKI67_0075.ndpi,Annotation (dark_zone),1.702
CaseKI67_0075.ndpi,Annotation (dark_zone),1.5073
CaseKI67_0075.ndpi,Annotation (dark_zone),0.4958
CaseKI67_0075.ndpi,Annotation (dark_zone),1.5031
CaseKI67_0075.ndpi,Annotation (dark_zone),1.1346
CaseKI67_0075.ndpi,Annotation (dark_zone),0.7855
CaseKI67_0075.ndpi,Annotation (dark_zone),0.6257
CaseKI67_0075.ndpi,Annotation (dark_zone),1.2936
CaseKI67_0075.ndpi,Annotation (dark_zone),1.8045
CaseKI67_0075.ndpi,Annotation (dark_zone),1.4038
CaseKI67_0075.ndpi,Annotation (dark_zone),1.8376
CaseKI67_0075.ndpi,Annotation (dark_zone),1.2798
CaseKI67_0075.ndpi,Annotation (dark_zone),0.4537
CaseKI67_0075.ndpi,Annotation (dark_zone),1.5865
CaseKI67_0075.ndpi,Annotation (dark_zone),0.6766
CaseKI67_0075.ndpi,Annotation (dark_zone),1.0713
CaseKI67_0075.ndpi,Annotation (dark_zone),0.8083
CaseKI67_0075.ndpi,Annotation (dark_zone),0.1113
CaseKI67_0075.ndpi,Annotation (dark_zone),1.2892
CaseKI67_0075.ndpi,Annotation (dark_zone),1.1132
CaseKI67_0075.ndpi,Annotation (dark_zone),1.4451
CaseKI67_0075.ndpi,Annotation (dark_zone),1.5643
CaseKI67_0075.ndpi,Annotation (dark_zone),1.3034
CaseKI67_0075.ndpi,Annotation (dark_zone),1.2837
CaseKI67_0075.ndpi,Annotation (dark_zone),1.4139
CaseKI67_0075.ndpi,Annotation (dark_zone),1.2733
CaseKI67_0075.ndpi,Annotation (dark_zone),0.0966
CaseKI67_0075.ndpi,Annotation (dark_zone),1.4054
CaseKI67_0075.ndpi,Annotation (dark_zone),1.5065
CaseKI67_0075.ndpi,Annotation (dark_zone),1.4842
CaseKI67_0075.ndpi,Annotation (dark_zone),1.2595
CaseKI67_0075.ndpi,Annotation (dark_zone),0.893
CaseKI67_0075.ndpi,Annotation (dark_zone),1.696
CaseKI67_0075.ndpi,Annotation (dark_zone),1.7197
CaseKI67_0075.ndpi,Annotation (dark_zone),0.9648
CaseKI67_0075.ndpi,Annotation (dark_zone),1.7451
CaseKI67_0075.ndpi,Annotation (dark_zone),1.8416
CaseKI67_0075.ndpi,Annotation (dark_zone),1.5921
CaseKI67_0075.ndpi,Annotation (dark_zone),1.3236
CaseKI67_0075.ndpi,Annotation (dark_zone),1.6399
CaseKI67_0075.ndpi,Annotation (dark_zone),1.3547
CaseKI67_0075.ndpi,Annotation (dark_zone),1.4005
CaseKI67_0075.ndpi,Annotation (dark_zone),1.4888
CaseKI67_0075.ndpi,Annotation (dark_zone),1.4835
CaseKI67_0075.ndpi,Annotation (dark_zone),1.1351
CaseKI67_0075.ndpi,Annotation (dark_zone),1.6045
CaseKI67_0075.ndpi,Annotation (dark_zone),1.2408
CaseKI67_0075.ndpi,Annotation (dark_zone),1.1046
CaseKI67_0075.ndpi,Annotation (dark_zone),1.3768
CaseKI67_0075.ndpi,Annotation (dark_zone),1.8684
CaseKI67_0075.ndpi,Annotation (dark_zone),1.1267
CaseKI67_0075.ndpi,Annotation (dark_zone),1.5519
CaseKI67_0075.ndpi,Annotation (dark_zone),1.3317
CaseKI67_0075.ndpi,Annotation (dark_zone),1.4246
CaseKI67_0075.ndpi,Annotation (dark_zone),1.5981
CaseKI67_0075.ndpi,Annotation (dark_zone),0.7468
CaseKI67_0075.ndpi,Annotation (dark_zone),0.9323
CaseKI67_0075.ndpi,Annotation (dark_zone),1.4548
CaseKI67_0075.ndpi,Annotation (dark_zone),0.8849
CaseKI67_0075.ndpi,Annotation (dark_zone),1.6746
CaseKI67_0075.ndpi,Annotation (dark_zone),1.1734
CaseKI67_0075.ndpi,Annotation (dark_zone),1.5887
CaseKI67_0075.ndpi,Annotation (dark_zone),1.3969
CaseKI67_0075.ndpi,Annotation (dark_zone),1.3941
CaseKI67_0075.ndpi,Annotation (dark_zone),1.6184
CaseKI67_0075.ndpi,Annotation (dark_zone),1.1317
CaseKI67_0075.ndpi,Annotation (dark_zone),1.446
CaseKI67_0075.ndpi,Annotation (dark_zone),1.3235
CaseKI67_0075.ndpi,Annotation (dark_zone),1.1982
CaseKI67_0075.ndpi,Annotation (dark_zone),1.1987
CaseKI67_0075.ndpi,Annotation (dark_zone),1.4721
CaseKI67_0075.ndpi,Annotation (dark_zone),1.0482
CaseKI67_0075.ndpi,Annotation (dark_zone),1.2632
CaseKI67_0075.ndpi,Annotation (dark_zone),1.082
CaseKI67_0075.ndpi,Annotation (dark_zone),1.5485
CaseKI67_0075.ndpi,Annotation (dark_zone),1.1704
CaseKI67_0075.ndpi,Annotation (dark_zone),1.5666
CaseKI67_0075.ndpi,Annotation (dark_zone),1.4826
CaseKI67_0075.ndpi,Annotation (dark_zone),1.5325
CaseKI67_0075.ndpi,Annotation (dark_zone),1.0015
CaseKI67_0075.ndpi,Annotation (dark_zone),1.3794
CaseKI67_0075.ndpi,Annotation (dark_zone),1.3702
CaseKI67_0075.ndpi,Annotation (dark_zone),1.3443
CaseKI67_0075.ndpi,Annotation (dark_zone),1.0837
CaseKI67_0075.ndpi,Annotation (dark_zone),1.4768
CaseKI67_0075.ndpi,Annotation (dark_zone),1.5131
CaseKI67_0075.ndpi,Annotation (dark_zone),1.5143
CaseKI67_0075.ndpi,Annotation (dark_zone),1.3275
CaseKI67_0075.ndpi,Annotation (dark_zone),1.3329
CaseKI67_0075.ndpi,Annotation (dark_zone),0.4291
CaseKI67_0075.ndpi,Annotation (dark_zone),1.4274
CaseKI67_0075.ndpi,Annotation (dark_zone),1.589
CaseKI67_0075.ndpi,Annotation (dark_zone),1.4456
CaseKI67_0075.ndpi,Annotation (dark_zone),1.4649
CaseKI67_0075.ndpi,Annotation (dark_zone),1.6938
CaseKI67_0075.ndpi,Annotation (dark_zone),1.1017
CaseKI67_0075.ndpi,Annotation (dark_zone),1.068
CaseKI67_0075.ndpi,Annotation (dark_zone),1.3596
CaseKI67_0075.ndpi,Annotation (dark_zone),1.5413
CaseKI67_0075.ndpi,Annotation (dark_zone),1.3904
CaseKI67_0075.ndpi,Annotation (dark_zone),1.4969
CaseKI67_0075.ndpi,Annotation (dark_zone),1.7403
CaseKI67_0075.ndpi,Annotation (dark_zone),1.617
CaseKI67_0075.ndpi,Annotation (dark_zone),1.0516
CaseKI67_0075.ndpi,Annotation (dark_zone),1.9733
CaseKI67_0075.ndpi,Annotation (dark_zone),1.077
CaseKI67_0075.ndpi,Annotation (dark_zone),1.3361
CaseKI67_0075.ndpi,Annotation (dark_zone),1.2765
CaseKI67_0075.ndpi,Annotation (dark_zone),1.5126
CaseKI67_0075.ndpi,Annotation (dark_zone),0.9962
CaseKI67_0075.ndpi,Annotation (dark_zone),1.0812
CaseKI67_0075.ndpi,Annotation (dark_zone),1.378
CaseKI67_0075.ndpi,Annotation (dark_zone),1.5087
CaseKI67_0075.ndpi,Annotation (dark_zone),1.2383
CaseKI67_0075.ndpi,Annotation (dark_zone),1.29
CaseKI67_0075.ndpi,Annotation (dark_zone),1.318
CaseKI67_0075.ndpi,Annotation (dark_zone),1.3394
CaseKI67_0075.ndpi,Annotation (dark_zone),1.0826
CaseKI67_0075.ndpi,Annotation (dark_zone),1.5238
CaseKI67_0075.ndpi,Annotation (dark_zone),1.6024
CaseKI67_0075.ndpi,Annotation (dark_zone),1.4241
CaseKI67_0075.ndpi,Annotation (dark_zone),1.4281
CaseKI67_0075.ndpi,Annotation (dark_zone),1.5143
CaseKI67_0075.ndpi,Annotation (dark_zone),1.0478
CaseKI67_0075.ndpi,Annotation (dark_zone),1.4776
CaseKI67_0075.ndpi,Annotation (dark_zone),1.6237
CaseKI67_0075.ndpi,Annotation (dark_zone),1.5183
CaseKI67_0075.ndpi,Annotation (dark_zone),1.4428
CaseKI67_0075.ndpi,Annotation (dark_zone),1.3142
CaseKI67_0075.ndpi,Annotation (dark_zone),1.3789
CaseKI67_0075.ndpi,Annotation (dark_zone),1.4692
CaseKI67_0075.ndpi,Annotation (dark_zone),1.7495
CaseKI67_0075.ndpi,Annotation (dark_zone),0.9167
CaseKI67_0075.ndpi,Annotation (dark_zone),1.18
CaseKI67_0075.ndpi,Annotation (dark_zone),1.5712
CaseKI67_0075.ndpi,Annotation (dark_zone),1.5427
CaseKI67_0075.ndpi,Annotation (dark_zone),1.2118
CaseKI67_0075.ndpi,Annotation (dark_zone),0.9724
CaseKI67_0075.ndpi,Annotation (dark_zone),1.3789
CaseKI67_0075.ndpi,Annotation (dark_zone),1.4377
CaseKI67_0075.ndpi,Annotation (dark_zone),1.5378
CaseKI67_0075.ndpi,Annotation (dark_zone),1.3906
CaseKI67_0075.ndpi,Annotation (dark_zone),1.6701
CaseKI67_0075.ndpi,Annotation (dark_zone),1.3037
CaseKI67_0075.ndpi,Annotation (dark_zone),1.4037
CaseKI67_0075.ndpi,Annotation (dark_zone),1.7278
CaseKI67_0075.ndpi,Annotation (dark_zone),1.5409
CaseKI67_0075.ndpi,Annotation (dark_zone),1.5809
CaseKI67_0075.ndpi,Annotation (dark_zone),1.6039
CaseKI67_0075.ndpi,Annotation (dark_zone),1.5644
CaseKI67_0075.ndpi,Annotation (dark_zone),1.4732
CaseKI67_0075.ndpi,Annotation (dark_zone),1.3423
CaseKI67_0075.ndpi,Annotation (dark_zone),1.3082
CaseKI67_0075.ndpi,Annotation (dark_zone),1.7301
CaseKI67_0075.ndpi,Annotation (dark_zone),1.2572
CaseKI67_0075.ndpi,Annotation (dark_zone),0.4139
CaseKI67_0075.ndpi,Annotation (dark_zone),1.2134
CaseKI67_0075.ndpi,Annotation (dark_zone),1.2869
CaseKI67_0075.ndpi,Annotation (dark_zone),1.3826
CaseKI67_0075.ndpi,Annotation (dark_zone),1.4705
CaseKI67_0075.ndpi,Annotation (dark_zone),1.4485
CaseKI67_0075.ndpi,Annotation (dark_zone),1.3927
CaseKI67_0075.ndpi,Annotation (dark_zone),1.0402
CaseKI67_0075.ndpi,Annotation (dark_zone),1.3566
CaseKI67_0075.ndpi,Annotation (dark_zone),0.9097
CaseKI67_0075.ndpi,Annotation (dark_zone),1.5186
CaseKI67_0075.ndpi,Annotation (dark_zone),1.3033
CaseKI67_0075.ndpi,Annotation (dark_zone),1.2558
CaseKI67_0075.ndpi,Annotation (dark_zone),1.4565
CaseKI67_0075.ndpi,Annotation (dark_zone),1.2702
CaseKI67_0075.ndpi,Annotation (dark_zone),1.1917
CaseKI67_0075.ndpi,Annotation (dark_zone),1.4797
CaseKI67_0075.ndpi,Annotation (dark_zone),1.2833
CaseKI67_0075.ndpi,Annotation (dark_zone),1.3225
CaseKI67_0075.ndpi,Annotation (dark_zone),1.5457
CaseKI67_0075.ndpi,Annotation (dark_zone),1.2012
CaseKI67_0075.ndpi,Annotation (dark_zone),1.239
CaseKI67_0075.ndpi,Annotation (dark_zone),1.4754
CaseKI67_0075.ndpi,Annotation (dark_zone),1.5487
CaseKI67_0075.ndpi,Annotation (dark_zone),1.0558
CaseKI67_0075.ndpi,Annotation (dark_zone),1.4095
CaseKI67_0075.ndpi,Annotation (dark_zone),1.4459
CaseKI67_0075.ndpi,Annotation (dark_zone),1.2228
CaseKI67_0075.ndpi,Annotation (dark_zone),1.5426
CaseKI67_0075.ndpi,Annotation (dark_zone),1.5895
CaseKI67_0075.ndpi,Annotation (dark_zone),0.4582
CaseKI67_0075.ndpi,Annotation (dark_zone),1.5429
CaseKI67_0075.ndpi,Annotation (dark_zone),1.3824
CaseKI67_0075.ndpi,Annotation (dark_zone),1.3514
CaseKI67_0075.ndpi,Annotation (dark_zone),1.3037
CaseKI67_0075.ndpi,Annotation (dark_zone),1.3625
CaseKI67_0075.ndpi,Annotation (dark_zone),1.3586
CaseKI67_0075.ndpi,Annotation (dark_zone),1.3699
CaseKI67_0075.ndpi,Annotation (dark_zone),1.3819
CaseKI67_0075.ndpi,Annotation (dark_zone),1.1504
CaseKI67_0075.ndpi,Annotation (dark_zone),1.8736
CaseKI67_0075.ndpi,Annotation (dark_zone),1.2104
CaseKI67_0075.ndpi,Annotation (dark_zone),1.5973
CaseKI67_0075.ndpi,Annotation (dark_zone),1.8065
CaseKI67_0075.ndpi,Annotation (dark_zone),1.0425
CaseKI67_0075.ndpi,Annotation (dark_zone),1.5637
CaseKI67_0075.ndpi,Annotation (dark_zone),1.3589
CaseKI67_0075.ndpi,Annotation (dark_zone),1.9278
CaseKI67_0075.ndpi,Annotation (dark_zone),1.2894
CaseKI67_0075.ndpi,Annotation (dark_zone),1.7434
CaseKI67_0075.ndpi,Annotation (dark_zone),0.0595
CaseKI67_0075.ndpi,Annotation (dark_zone),1.3489
CaseKI67_0075.ndpi,Annotation (dark_zone),1.3817
CaseKI67_0075.ndpi,Annotation (dark_zone),0.9926
CaseKI67_0075.ndpi,Annotation (dark_zone),0.9912
CaseKI67_0075.ndpi,Annotation (dark_zone),1.3313
CaseKI67_0075.ndpi,Annotation (dark_zone),1.3604
CaseKI67_0075.ndpi,Annotation (dark_zone),1.1628
CaseKI67_0075.ndpi,Annotation (dark_zone),1.5729
CaseKI67_0075.ndpi,Annotation (dark_zone),1.7377
CaseKI67_0075.ndpi,Annotation (dark_zone),1.6195
CaseKI67_0075.ndpi,Annotation (dark_zone),1.6591
CaseKI67_0075.ndpi,Annotation (dark_zone),0.7313
CaseKI67_0075.ndpi,Annotation (dark_zone),1.5331
CaseKI67_0075.ndpi,Annotation (dark_zone),1.6486
CaseKI67_0075.ndpi,Annotation (dark_zone),1.7095
CaseKI67_0075.ndpi,Annotation (dark_zone),1.5699
CaseKI67_0075.ndpi,Annotation (dark_zone),1.1468
CaseKI67_0075.ndpi,Annotation (dark_zone),1.4407
CaseKI67_0075.ndpi,Annotation (dark_zone),1.5284
CaseKI67_0075.ndpi,Annotation (dark_zone),1.7542
CaseKI67_0075.ndpi,Annotation (dark_zone),1.6757
CaseKI67_0075.ndpi,Annotation (dark_zone),1.2754
CaseKI67_0075.ndpi,Annotation (dark_zone),1.3772
CaseKI67_0075.ndpi,Annotation (dark_zone),1.1908
CaseKI67_0075.ndpi,Annotation (dark_zone),1.1842
CaseKI67_0075.ndpi,Annotation (dark_zone),1.4085
CaseKI67_0075.ndpi,Annotation (dark_zone),0.091
CaseKI67_0075.ndpi,Annotation (dark_zone),1.7058
CaseKI67_0075.ndpi,Annotation (dark_zone),1.4101
CaseKI67_0075.ndpi,Annotation (dark_zone),1.6422
CaseKI67_0075.ndpi,Annotation (dark_zone),1.6038
CaseKI67_0075.ndpi,Annotation (dark_zone),1.6557
CaseKI67_0075.ndpi,Annotation (dark_zone),0.0937
CaseKI67_0075.ndpi,Annotation (dark_zone),1.396
CaseKI67_0075.ndpi,Annotation (dark_zone),1.4239
CaseKI67_0075.ndpi,Annotation (dark_zone),1.8149
CaseKI67_0075.ndpi,Annotation (dark_zone),1.2219
CaseKI67_0075.ndpi,Annotation (dark_zone),1.233
CaseKI67_0075.ndpi,Annotation (dark_zone),1.331
CaseKI67_0075.ndpi,Annotation (dark_zone),1.1198
CaseKI67_0075.ndpi,Annotation (dark_zone),1.6959
CaseKI67_0075.ndpi,Annotation (dark_zone),0.3441
CaseKI67_0075.ndpi,Annotation (dark_zone),1.7857
CaseKI67_0075.ndpi,Annotation (dark_zone),0.1128
CaseKI67_0075.ndpi,Annotation (dark_zone),1.3463
CaseKI67_0075.ndpi,Annotation (dark_zone),1.5628
CaseKI67_0075.ndpi,Annotation (dark_zone),1.6405
CaseKI67_0075.ndpi,Annotation (dark_zone),0.1588
CaseKI67_0075.ndpi,Annotation (dark_zone),1.3094
CaseKI67_0075.ndpi,Annotation (dark_zone),0.8589
CaseKI67_0075.ndpi,Annotation (dark_zone),1.4787
CaseKI67_0075.ndpi,Annotation (dark_zone),1.5509
CaseKI67_0075.ndpi,Annotation (dark_zone),1.4464
CaseKI67_0075.ndpi,Annotation (dark_zone),1.5836
CaseKI67_0075.ndpi,Annotation (dark_zone),1.5193
CaseKI67_0075.ndpi,Annotation (dark_zone),1.4753
CaseKI67_0075.ndpi,Annotation (dark_zone),1.7385
CaseKI67_0075.ndpi,Annotation (dark_zone),1.3286
CaseKI67_0075.ndpi,Annotation (dark_zone),1.4753
CaseKI67_0075.ndpi,Annotation (dark_zone),1.3214
CaseKI67_0075.ndpi,Annotation (dark_zone),0.9363
CaseKI67_0075.ndpi,Annotation (dark_zone),1.4125
CaseKI67_0075.ndpi,Annotation (dark_zone),1.5451
CaseKI67_0075.ndpi,Annotation (dark_zone),1.5032
CaseKI67_0075.ndpi,Annotation (dark_zone),1.7717
CaseKI67_0075.ndpi,Annotation (dark_zone),1.4089
CaseKI67_0075.ndpi,Annotation (dark_zone),1.2116
CaseKI67_0075.ndpi,Annotation (dark_zone),1.3778
CaseKI67_0075.ndpi,Annotation (dark_zone),1.6397
CaseKI67_0075.ndpi,Annotation (dark_zone),1.5516
CaseKI67_0075.ndpi,Annotation (dark_zone),1.3981
CaseKI67_0075.ndpi,Annotation (dark_zone),1.0432
CaseKI67_0075.ndpi,Annotation (dark_zone),0.7801
CaseKI67_0075.ndpi,Annotation (dark_zone),1.0511
CaseKI67_0075.ndpi,Annotation (dark_zone),1.173
CaseKI67_0075.ndpi,Annotation (dark_zone),1.2895
CaseKI67_0075.ndpi,Annotation (dark_zone),1.742
CaseKI67_0075.ndpi,Annotation (dark_zone),1.4677
CaseKI67_0075.ndpi,Annotation (dark_zone),1.3261
CaseKI67_0075.ndpi,Annotation (dark_zone),0.07
CaseKI67_0075.ndpi,Annotation (dark_zone),1.1309
CaseKI67_0075.ndpi,Annotation (dark_zone),1.5708
CaseKI67_0075.ndpi,Annotation (dark_zone),1.5528
CaseKI67_0075.ndpi,Annotation (dark_zone),1.61
CaseKI67_0075.ndpi,Annotation (dark_zone),1.5971
CaseKI67_0075.ndpi,Annotation (dark_zone),1.426
CaseKI67_0075.ndpi,Annotation (dark_zone),0.1333
CaseKI67_0075.ndpi,Annotation (dark_zone),1.3732
CaseKI67_0075.ndpi,Annotation (dark_zone),1.5348
CaseKI67_0075.ndpi,Annotation (dark_zone),1.2254
CaseKI67_0075.ndpi,Annotation (dark_zone),1.3331
CaseKI67_0075.ndpi,Annotation (dark_zone),1.4343
CaseKI67_0075.ndpi,Annotation (dark_zone),1.2264
CaseKI67_0075.ndpi,Annotation (dark_zone),1.3197
CaseKI67_0075.ndpi,Annotation (dark_zone),1.7034
CaseKI67_0075.ndpi,Annotation (dark_zone),1.6697
CaseKI67_0075.ndpi,Annotation (dark_zone),1.287
CaseKI67_0075.ndpi,Annotation (dark_zone),1.2931
CaseKI67_0075.ndpi,Annotation (dark_zone),1.5693
CaseKI67_0075.ndpi,Annotation (dark_zone),1.6404
CaseKI67_0075.ndpi,Annotation (dark_zone),1.4229
CaseKI67_0075.ndpi,Annotation (dark_zone),1.352
CaseKI67_0075.ndpi,Annotation (dark_zone),0.557
CaseKI67_0075.ndpi,Annotation (dark_zone),1.5425
CaseKI67_0075.ndpi,Annotation (dark_zone),1.0973
CaseKI67_0075.ndpi,Annotation (dark_zone),1.5079
CaseKI67_0075.ndpi,Annotation (dark_zone),1.1177
CaseKI67_0075.ndpi,Annotation (dark_zone),0.29
CaseKI67_0075.ndpi,Annotation (dark_zone),0.6213
CaseKI67_0075.ndpi,Annotation (dark_zone),1.0438
CaseKI67_0075.ndpi,Annotation (dark_zone),1.1478
CaseKI67_0075.ndpi,Annotation (dark_zone),1.3169
CaseKI67_0075.ndpi,Annotation (dark_zone),0.2613
CaseKI67_0075.ndpi,Annotation (dark_zone),1.526
CaseKI67_0075.ndpi,Annotation (dark_zone),1.3103
CaseKI67_0075.ndpi,Annotation (dark_zone),0.1338
CaseKI67_0075.ndpi,Annotation (dark_zone),1.5167
CaseKI67_0075.ndpi,Annotation (dark_zone),1.5274
CaseKI67_0075.ndpi,Annotation (dark_zone),1.4221
CaseKI67_0075.ndpi,Annotation (dark_zone),1.7917
CaseKI67_0075.ndpi,Annotation (dark_zone),1.5428
CaseKI67_0075.ndpi,Annotation (dark_zone),1.4193
CaseKI67_0075.ndpi,Annotation (dark_zone),1.3058
CaseKI67_0075.ndpi,Annotation (dark_zone),1.5101
CaseKI67_0075.ndpi,Annotation (dark_zone),1.6842
CaseKI67_0075.ndpi,Annotation (dark_zone),1.4942
CaseKI67_0075.ndpi,Annotation (dark_zone),1.2045
CaseKI67_0075.ndpi,Annotation (dark_zone),1.2374
CaseKI67_0075.ndpi,Annotation (dark_zone),1.6476
CaseKI67_0075.ndpi,Annotation (dark_zone),1.5432
CaseKI67_0075.ndpi,Annotation (dark_zone),1.5455
CaseKI67_0075.ndpi,Annotation (dark_zone),0.7143
CaseKI67_0075.ndpi,Annotation (dark_zone),1.6724
CaseKI67_0075.ndpi,Annotation (dark_zone),1.3377
CaseKI67_0075.ndpi,Annotation (dark_zone),1.2586
CaseKI67_0075.ndpi,Annotation (dark_zone),1.4102
CaseKI67_0075.ndpi,Annotation (dark_zone),1.0604
CaseKI67_0075.ndpi,Annotation (dark_zone),1.4825
CaseKI67_0075.ndpi,Annotation (dark_zone),1.2877
CaseKI67_0075.ndpi,Annotation (dark_zone),0.079
CaseKI67_0075.ndpi,Annotation (dark_zone),1.5795
CaseKI67_0075.ndpi,Annotation (dark_zone),1.4196
CaseKI67_0075.ndpi,Annotation (dark_zone),1.1394
CaseKI67_0075.ndpi,Annotation (dark_zone),1.1096
CaseKI67_0075.ndpi,Annotation (dark_zone),0.968
CaseKI67_0075.ndpi,Annotation (dark_zone),1.464
CaseKI67_0075.ndpi,Annotation (dark_zone),1.4308
CaseKI67_0075.ndpi,Annotation (dark_zone),1.2867
CaseKI67_0075.ndpi,Annotation (dark_zone),1.3564
CaseKI67_0075.ndpi,Annotation (dark_zone),1.0827
CaseKI67_0075.ndpi,Annotation (dark_zone),1.4307
CaseKI67_0075.ndpi,Annotation (dark_zone),1.03
CaseKI67_0075.ndpi,Annotation (dark_zone),1.3489
CaseKI67_0075.ndpi,Annotation (dark_zone),1.6518
CaseKI67_0075.ndpi,Annotation (dark_zone),0.9649
CaseKI67_0075.ndpi,Annotation (dark_zone),0.0576
CaseKI67_0075.ndpi,Annotation (dark_zone),1.2642
CaseKI67_0075.ndpi,Annotation (dark_zone),1.5263
CaseKI67_0075.ndpi,Annotation (dark_zone),1.5922
CaseKI67_0075.ndpi,Annotation (dark_zone),1.3845
CaseKI67_0075.ndpi,Annotation (dark_zone),1.2445
CaseKI67_0075.ndpi,Annotation (dark_zone),1.4351
CaseKI67_0075.ndpi,Annotation (dark_zone),1.0071
CaseKI67_0075.ndpi,Annotation (dark_zone),1.3031
CaseKI67_0075.ndpi,Annotation (dark_zone),1.4719
CaseKI67_0075.ndpi,Annotation (dark_zone),1.2556
CaseKI67_0075.ndpi,Annotation (dark_zone),1.4876
CaseKI67_0075.ndpi,Annotation (dark_zone),1.1168
CaseKI67_0075.ndpi,Annotation (dark_zone),1.5523
CaseKI67_0075.ndpi,Annotation (dark_zone),1.5261
CaseKI67_0075.ndpi,Annotation (dark_zone),1.4987
CaseKI67_0075.ndpi,Annotation (dark_zone),0.9925
CaseKI67_0075.ndpi,Annotation (dark_zone),1.1558
CaseKI67_0075.ndpi,Annotation (dark_zone),1.4401
CaseKI67_0075.ndpi,Annotation (dark_zone),1.1211
CaseKI67_0075.ndpi,Annotation (dark_zone),1.6962
CaseKI67_0075.ndpi,Annotation (dark_zone),1.4611
CaseKI67_0075.ndpi,Annotation (dark_zone),1.1432
CaseKI67_0075.ndpi,Annotation (dark_zone),1.2609
CaseKI67_0075.ndpi,Annotation (dark_zone),1.3643
CaseKI67_0075.ndpi,Annotation (dark_zone),1.5319
CaseKI67_0075.ndpi,Annotation (dark_zone),1.5038
CaseKI67_0075.ndpi,Annotation (dark_zone),1.0873
CaseKI67_0075.ndpi,Annotation (dark_zone),1.1916
CaseKI67_0075.ndpi,Annotation (dark_zone),0.0557
CaseKI67_0075.ndpi,Annotation (dark_zone),1.3661
CaseKI67_0075.ndpi,Annotation (dark_zone),1.032
CaseKI67_0075.ndpi,Annotation (dark_zone),1.1863
CaseKI67_0075.ndpi,Annotation (dark_zone),1.3193
CaseKI67_0075.ndpi,Annotation (dark_zone),1.5816
CaseKI67_0075.ndpi,Annotation (dark_zone),1.4719
CaseKI67_0075.ndpi,Annotation (dark_zone),1.2887
CaseKI67_0075.ndpi,Annotation (dark_zone),1.4025
CaseKI67_0075.ndpi,Annotation (dark_zone),1.2528
CaseKI67_0075.ndpi,Annotation (dark_zone),1.3042
CaseKI67_0075.ndpi,Annotation (dark_zone),1.7227
CaseKI67_0075.ndpi,Annotation (dark_zone),1.2492
CaseKI67_0075.ndpi,Annotation (dark_zone),0.9703
CaseKI67_0075.ndpi,Annotation (dark_zone),1.2779
CaseKI67_0075.ndpi,Annotation (dark_zone),1.5022
CaseKI67_0075.ndpi,Annotation (dark_zone),1.6312
CaseKI67_0075.ndpi,Annotation (dark_zone),1.4968
CaseKI67_0075.ndpi,Annotation (dark_zone),1.4821
CaseKI67_0075.ndpi,Annotation (dark_zone),1.6163
CaseKI67_0075.ndpi,Annotation (dark_zone),1.3814
CaseKI67_0075.ndpi,Annotation (dark_zone),1.3109
CaseKI67_0075.ndpi,Annotation (dark_zone),1.1815
CaseKI67_0075.ndpi,Annotation (dark_zone),1.5229
CaseKI67_0075.ndpi,Annotation (dark_zone),0.17
CaseKI67_0075.ndpi,Annotation (dark_zone),1.1719
CaseKI67_0075.ndpi,Annotation (dark_zone),0.0921
CaseKI67_0075.ndpi,Annotation (dark_zone),1.5357
CaseKI67_0075.ndpi,Annotation (dark_zone),1.0562
CaseKI67_0075.ndpi,Annotation (dark_zone),1.0773
CaseKI67_0075.ndpi,Annotation (dark_zone),1.4516
CaseKI67_0075.ndpi,Annotation (dark_zone),1.8276
CaseKI67_0075.ndpi,Annotation (dark_zone),1.5639
CaseKI67_0075.ndpi,Annotation (dark_zone),1.0732
CaseKI67_0075.ndpi,Annotation (dark_zone),1.0622
CaseKI67_0075.ndpi,Annotation (dark_zone),1.5945
CaseKI67_0075.ndpi,Annotation (dark_zone),1.1074
CaseKI67_0075.ndpi,Annotation (dark_zone),1.2343
CaseKI67_0075.ndpi,Annotation (dark_zone),1.5637
CaseKI67_0075.ndpi,Annotation (dark_zone),0.0732
CaseKI67_0075.ndpi,Annotation (dark_zone),1.6245
CaseKI67_0075.ndpi,Annotation (dark_zone),1.5533
CaseKI67_0075.ndpi,Annotation (dark_zone),1.5977
CaseKI67_0075.ndpi,Annotation (dark_zone),1.7532
CaseKI67_0075.ndpi,Annotation (dark_zone),1.2322
CaseKI67_0075.ndpi,Annotation (dark_zone),1.1677
CaseKI67_0075.ndpi,Annotation (dark_zone),1.3653
CaseKI67_0075.ndpi,Annotation (dark_zone),1.3426
CaseKI67_0075.ndpi,Annotation (dark_zone),1.0667
CaseKI67_0075.ndpi,Annotation (dark_zone),1.1293
CaseKI67_0075.ndpi,Annotation (dark_zone),1.4091
CaseKI67_0075.ndpi,Annotation (dark_zone),1.7198
CaseKI67_0075.ndpi,Annotation (dark_zone),1.2243
CaseKI67_0075.ndpi,Annotation (dark_zone),1.4374
CaseKI67_0075.ndpi,Annotation (dark_zone),0.7746
CaseKI67_0075.ndpi,Annotation (dark_zone),1.3415
CaseKI67_0075.ndpi,Annotation (dark_zone),1.5431
CaseKI67_0075.ndpi,Annotation (dark_zone),0.9794
CaseKI67_0075.ndpi,Annotation (dark_zone),1.3513
CaseKI67_0075.ndpi,Annotation (dark_zone),1.2802
CaseKI67_0075.ndpi,Annotation (dark_zone),1.3102
CaseKI67_0075.ndpi,Annotation (dark_zone),1.5772
CaseKI67_0075.ndpi,Annotation (dark_zone),1.4575
CaseKI67_0075.ndpi,Annotation (dark_zone),1.3833
CaseKI67_0075.ndpi,Annotation (dark_zone),0.9634
CaseKI67_0075.ndpi,Annotation (dark_zone),1.5261
CaseKI67_0075.ndpi,Annotation (dark_zone),1.2834
CaseKI67_0075.ndpi,Annotation (dark_zone),1.4858
CaseKI67_0075.ndpi,Annotation (dark_zone),1.2599
CaseKI67_0075.ndpi,Annotation (dark_zone),0.5618
CaseKI67_0075.ndpi,Annotation (dark_zone),1.2875
CaseKI67_0075.ndpi,Annotation (dark_zone),1.0125
CaseKI67_0075.ndpi,Annotation (dark_zone),1.2069
CaseKI67_0075.ndpi,Annotation (dark_zone),1.3787
CaseKI67_0075.ndpi,Annotation (dark_zone),1.1645
CaseKI67_0075.ndpi,Annotation (dark_zone),0.9222
CaseKI67_0075.ndpi,Annotation (dark_zone),1.3617
CaseKI67_0075.ndpi,Annotation (dark_zone),1.4921
CaseKI67_0075.ndpi,Annotation (dark_zone),0.8139
CaseKI67_0075.ndpi,Annotation (dark_zone),1.3512
CaseKI67_0075.ndpi,Annotation (dark_zone),1.0541
CaseKI67_0075.ndpi,Annotation (dark_zone),1.5525
CaseKI67_0075.ndpi,Annotation (dark_zone),1.5518
CaseKI67_0075.ndpi,Annotation (dark_zone),1.6611
CaseKI67_0075.ndpi,Annotation (dark_zone),1.6522
CaseKI67_0075.ndpi,Annotation (dark_zone),1.5471
CaseKI67_0075.ndpi,Annotation (dark_zone),1.3216
CaseKI67_0075.ndpi,Annotation (dark_zone),1.6757
CaseKI67_0075.ndpi,Annotation (dark_zone),1.6671
CaseKI67_0075.ndpi,Annotation (dark_zone),1.5798
CaseKI67_0075.ndpi,Annotation (dark_zone),1.7512
CaseKI67_0075.ndpi,Annotation (dark_zone),1.3276
CaseKI67_0075.ndpi,Annotation (dark_zone),1.407
CaseKI67_0075.ndpi,Annotation (dark_zone),1.4527
CaseKI67_0075.ndpi,Annotation (dark_zone),1.7826
CaseKI67_0075.ndpi,Annotation (dark_zone),1.6419
CaseKI67_0075.ndpi,Annotation (dark_zone),1.6439
CaseKI67_0075.ndpi,Annotation (dark_zone),1.6968
CaseKI67_0075.ndpi,Annotation (dark_zone),1.2303
CaseKI67_0075.ndpi,Annotation (dark_zone),1.3313
CaseKI67_0075.ndpi,Annotation (dark_zone),1.0614
CaseKI67_0075.ndpi,Annotation (dark_zone),1.2638
CaseKI67_0075.ndpi,Annotation (dark_zone),1.1916
CaseKI67_0075.ndpi,Annotation (dark_zone),1.014
CaseKI67_0075.ndpi,Annotation (dark_zone),1.284
CaseKI67_0075.ndpi,Annotation (dark_zone),0.1251
CaseKI67_0075.ndpi,Annotation (dark_zone),1.2881
CaseKI67_0075.ndpi,Annotation (dark_zone),1.5443
CaseKI67_0075.ndpi,Annotation (dark_zone),1.777
CaseKI67_0075.ndpi,Annotation (dark_zone),1.8334
CaseKI67_0075.ndpi,Annotation (dark_zone),1.2761
CaseKI67_0075.ndpi,Annotation (dark_zone),1.1746
CaseKI67_0075.ndpi,Annotation (dark_zone),0.8725
CaseKI67_0075.ndpi,Annotation (dark_zone),1.8053
CaseKI67_0075.ndpi,Annotation (dark_zone),0.9535
CaseKI67_0075.ndpi,Annotation (dark_zone),1.4002
CaseKI67_0075.ndpi,Annotation (dark_zone),1.0994
CaseKI67_0075.ndpi,Annotation (dark_zone),1.5013
CaseKI67_0075.ndpi,Annotation (dark_zone),1.6701
CaseKI67_0075.ndpi,Annotation (dark_zone),1.6855
CaseKI67_0075.ndpi,Annotation (dark_zone),1.7721
CaseKI67_0075.ndpi,Annotation (dark_zone),1.4681
CaseKI67_0075.ndpi,Annotation (dark_zone),1.0248
CaseKI67_0075.ndpi,Annotation (dark_zone),1.6476
CaseKI67_0075.ndpi,Annotation (dark_zone),1.4492
CaseKI67_0075.ndpi,Annotation (dark_zone),1.2364
CaseKI67_0075.ndpi,Annotation (dark_zone),1.1772
CaseKI67_0075.ndpi,Annotation (dark_zone),0.9893
CaseKI67_0075.ndpi,Annotation (dark_zone),1.6221
CaseKI67_0075.ndpi,Annotation (dark_zone),1.5409
CaseKI67_0075.ndpi,Annotation (dark_zone),1.345
CaseKI67_0075.ndpi,Annotation (dark_zone),1.3331
CaseKI67_0075.ndpi,Annotation (dark_zone),1.5681
CaseKI67_0075.ndpi,Annotation (dark_zone),1.2048
CaseKI67_0075.ndpi,Annotation (dark_zone),1.2506
CaseKI67_0075.ndpi,Annotation (dark_zone),1.5902
CaseKI67_0075.ndpi,Annotation (dark_zone),1.2747
CaseKI67_0075.ndpi,Annotation (dark_zone),1.7995
CaseKI67_0075.ndpi,Annotation (dark_zone),1.5241
CaseKI67_0075.ndpi,Annotation (dark_zone),1.6791
CaseKI67_0075.ndpi,Annotation (dark_zone),0.0763
CaseKI67_0075.ndpi,Annotation (dark_zone),0.1151
CaseKI67_0075.ndpi,Annotation (dark_zone),1.7876
CaseKI67_0075.ndpi,Annotation (dark_zone),1.6854
CaseKI67_0075.ndpi,Annotation (dark_zone),1.1711
CaseKI67_0075.ndpi,Annotation (dark_zone),1.6598
CaseKI67_0075.ndpi,Annotation (dark_zone),1.1724
CaseKI67_0075.ndpi,Annotation (dark_zone),1.6812
CaseKI67_0075.ndpi,Annotation (dark_zone),1.6892
CaseKI67_0075.ndpi,Annotation (dark_zone),1.4701
CaseKI67_0075.ndpi,Annotation (dark_zone),1.4624
CaseKI67_0075.ndpi,Annotation (dark_zone),1.5378
CaseKI67_0075.ndpi,Annotation (dark_zone),1.2598
CaseKI67_0075.ndpi,Annotation (dark_zone),1.0894
CaseKI67_0075.ndpi,Annotation (dark_zone),1.5023
CaseKI67_0075.ndpi,Annotation (dark_zone),0.8731
CaseKI67_0075.ndpi,Annotation (dark_zone),1.1224
CaseKI67_0075.ndpi,Annotation (dark_zone),1.3962
CaseKI67_0075.ndpi,Annotation (dark_zone),1.3039
CaseKI67_0075.ndpi,Annotation (dark_zone),1.4958
CaseKI67_0075.ndpi,Annotation (dark_zone),1.5656
CaseKI67_0075.ndpi,Annotation (dark_zone),1.5237
CaseKI67_0075.ndpi,Annotation (dark_zone),1.5107
CaseKI67_0075.ndpi,Annotation (dark_zone),1.3394
CaseKI67_0075.ndpi,Annotation (dark_zone),1.3668
CaseKI67_0075.ndpi,Annotation (dark_zone),1.5293
CaseKI67_0075.ndpi,Annotation (dark_zone),0.0894
CaseKI67_0075.ndpi,Annotation (dark_zone),1.559
CaseKI67_0075.ndpi,Annotation (dark_zone),1.4765
CaseKI67_0075.ndpi,Annotation (dark_zone),1.1905
CaseKI67_0075.ndpi,Annotation (dark_zone),1.5848
CaseKI67_0075.ndpi,Annotation (dark_zone),1.2844
CaseKI67_0075.ndpi,Annotation (dark_zone),1.3929
CaseKI67_0075.ndpi,Annotation (dark_zone),1.3037
CaseKI67_0075.ndpi,Annotation (dark_zone),0.8895
CaseKI67_0075.ndpi,Annotation (dark_zone),1.4574
CaseKI67_0075.ndpi,Annotation (dark_zone),1.7474
CaseKI67_0075.ndpi,Annotation (dark_zone),1.3362
CaseKI67_0075.ndpi,Annotation (dark_zone),1.3872
CaseKI67_0075.ndpi,Annotation (dark_zone),1.282
CaseKI67_0075.ndpi,Annotation (dark_zone),1.3138
CaseKI67_0075.ndpi,Annotation (dark_zone),1.275
CaseKI67_0075.ndpi,Annotation (dark_zone),1.3783
CaseKI67_0075.ndpi,Annotation (dark_zone),0.8627
CaseKI67_0075.ndpi,Annotation (dark_zone),1.4049
CaseKI67_0075.ndpi,Annotation (dark_zone),1.0847
CaseKI67_0075.ndpi,Annotation (dark_zone),0.0657
CaseKI67_0075.ndpi,Annotation (dark_zone),0.9813
CaseKI67_0075.ndpi,Annotation (dark_zone),0.2563
CaseKI67_0075.ndpi,Annotation (dark_zone),1.3586
CaseKI67_0075.ndpi,Annotation (dark_zone),1.6359
CaseKI67_0075.ndpi,Annotation (dark_zone),1.3693
CaseKI67_0075.ndpi,Annotation (dark_zone),0.9873
CaseKI67_0075.ndpi,Annotation (dark_zone),1.4294
CaseKI67_0075.ndpi,Annotation (dark_zone),0.1891
CaseKI67_0075.ndpi,Annotation (dark_zone),0.8135
CaseKI67_0075.ndpi,Annotation (dark_zone),1.2763
CaseKI67_0075.ndpi,Annotation (dark_zone),1.1569
CaseKI67_0075.ndpi,Annotation (dark_zone),0.7994
CaseKI67_0075.ndpi,Annotation (dark_zone),0.0747
CaseKI67_0075.ndpi,Annotation (dark_zone),1.6234
CaseKI67_0075.ndpi,Annotation (dark_zone),1.4746
CaseKI67_0075.ndpi,Annotation (dark_zone),0.9178
CaseKI67_0075.ndpi,Annotation (dark_zone),1.5415
CaseKI67_0075.ndpi,Annotation (dark_zone),0.0593
CaseKI67_0075.ndpi,Annotation (dark_zone),1.0028
CaseKI67_0075.ndpi,Annotation (dark_zone),1.2153
CaseKI67_0075.ndpi,Annotation (dark_zone),1.0909
CaseKI67_0075.ndpi,Annotation (dark_zone),1.0021
CaseKI67_0075.ndpi,Annotation (dark_zone),1.3648
CaseKI67_0075.ndpi,Annotation (dark_zone),0.8801
CaseKI67_0075.ndpi,Annotation (dark_zone),1.2107
CaseKI67_0075.ndpi,Annotation (dark_zone),1.5995
CaseKI67_0075.ndpi,Annotation (dark_zone),1.3819
CaseKI67_0075.ndpi,Annotation (dark_zone),1.5418
CaseKI67_0075.ndpi,Annotation (dark_zone),
CaseKI67_0075.ndpi,Annotation (dark_zone),1.4296
CaseKI67_0075.ndpi,Annotation (dark_zone),1.3234
CaseKI67_0075.ndpi,Annotation (dark_zone),1.2919
CaseKI67_0075.ndpi,Annotation (dark_zone),1.2145
CaseKI67_0075.ndpi,Annotation (dark_zone),1.3837
CaseKI67_0075.ndpi,Annotation (dark_zone),1.5076
CaseKI67_0075.ndpi,Annotation (dark_zone),1.4243
CaseKI67_0075.ndpi,Annotation (dark_zone),1.472
CaseKI67_0075.ndpi,Annotation (dark_zone),0.5444
CaseKI67_0075.ndpi,Annotation (dark_zone),1.5626
CaseKI67_0075.ndpi,Annotation (dark_zone),1.11
CaseKI67_0075.ndpi,Annotation (dark_zone),0.746
CaseKI67_0075.ndpi,Annotation (dark_zone),0.095
CaseKI67_0075.ndpi,Annotation (dark_zone),1.3201
CaseKI67_0075.ndpi,Annotation (dark_zone),1.3183
CaseKI67_0075.ndpi,Annotation (dark_zone),1.511
CaseKI67_0075.ndpi,Annotation (dark_zone),1.1852
CaseKI67_0075.ndpi,Annotation (dark_zone),1.5784
CaseKI67_0075.ndpi,Annotation (dark_zone),1.7149
CaseKI67_0075.ndpi,Annotation (dark_zone),0.6944
CaseKI67_0075.ndpi,Annotation (dark_zone),1.4055
CaseKI67_0075.ndpi,Annotation (dark_zone),1.7233
CaseKI67_0075.ndpi,Annotation (dark_zone),1.506
CaseKI67_0075.ndpi,Annotation (dark_zone),1.2508
CaseKI67_0075.ndpi,Annotation (dark_zone),1.3183
CaseKI67_0075.ndpi,Annotation (dark_zone),1.0653
CaseKI67_0075.ndpi,Annotation (dark_zone),1.5456
CaseKI67_0075.ndpi,Annotation (dark_zone),1.0092
CaseKI67_0075.ndpi,Annotation (dark_zone),1.2486
CaseKI67_0075.ndpi,Annotation (dark_zone),1.5164
CaseKI67_0075.ndpi,Annotation (dark_zone),1.3821
CaseKI67_0075.ndpi,Annotation (dark_zone),1.4102
CaseKI67_0075.ndpi,Annotation (dark_zone),1.434
CaseKI67_0075.ndpi,Annotation (dark_zone),1.5601
CaseKI67_0075.ndpi,Annotation (dark_zone),1.1601
CaseKI67_0075.ndpi,Annotation (dark_zone),1.0393
CaseKI67_0075.ndpi,Annotation (dark_zone),0.8919
CaseKI67_0075.ndpi,Annotation (dark_zone),1.1566
CaseKI67_0075.ndpi,Annotation (dark_zone),1.4713
CaseKI67_0075.ndpi,Annotation (dark_zone),1.285
CaseKI67_0075.ndpi,Annotation (dark_zone),1.1981
CaseKI67_0075.ndpi,Annotation (dark_zone),1
CaseKI67_0075.ndpi,Annotation (dark_zone),1.3915
CaseKI67_0075.ndpi,Annotation (dark_zone),1.3935
CaseKI67_0075.ndpi,Annotation (dark_zone),1.0054
CaseKI67_0075.ndpi,Annotation (dark_zone),1.0932
CaseKI67_0075.ndpi,Annotation (dark_zone),1.1945
CaseKI67_0075.ndpi,Annotation (dark_zone),1.421
CaseKI67_0075.ndpi,Annotation (dark_zone),1.1132
CaseKI67_0075.ndpi,Annotation (dark_zone),1.5552
CaseKI67_0075.ndpi,Annotation (dark_zone),1.6054
CaseKI67_0075.ndpi,Annotation (dark_zone),1.4955
CaseKI67_0075.ndpi,Annotation (dark_zone),1.1153
CaseKI67_0075.ndpi,Annotation (dark_zone),1.2836
CaseKI67_0075.ndpi,Annotation (dark_zone),1.3955
CaseKI67_0075.ndpi,Annotation (dark_zone),1.2018
CaseKI67_0075.ndpi,Annotation (dark_zone),1.3864
CaseKI67_0075.ndpi,Annotation (dark_zone),1.24
CaseKI67_0075.ndpi,Annotation (dark_zone),0.8324
CaseKI67_0075.ndpi,Annotation (dark_zone),1.222
CaseKI67_0075.ndpi,Annotation (dark_zone),0.402
CaseKI67_0075.ndpi,Annotation (dark_zone),1.42
CaseKI67_0075.ndpi,Annotation (dark_zone),0.8899
CaseKI67_0075.ndpi,Annotation (dark_zone),1.1574
CaseKI67_0075.ndpi,Annotation (dark_zone),1.0714
CaseKI67_0075.ndpi,Annotation (dark_zone),1.5675
CaseKI67_0075.ndpi,Annotation (dark_zone),1.3331
CaseKI67_0075.ndpi,Annotation (dark_zone),0.9601
CaseKI67_0075.ndpi,Annotation (dark_zone),1.4409
CaseKI67_0075.ndpi,Annotation (dark_zone),1.5286
CaseKI67_0075.ndpi,Annotation (dark_zone),1.4324
CaseKI67_0075.ndpi,Annotation (dark_zone),1.3335
CaseKI67_0075.ndpi,Annotation (dark_zone),1.6249
CaseKI67_0075.ndpi,Annotation (dark_zone),1.1868
CaseKI67_0075.ndpi,Annotation (dark_zone),1.2673
CaseKI67_0075.ndpi,Annotation (dark_zone),0.8527
CaseKI67_0075.ndpi,Annotation (dark_zone),1.3692
CaseKI67_0075.ndpi,Annotation (dark_zone),1.2207
CaseKI67_0075.ndpi,Annotation (dark_zone),1.3596
CaseKI67_0075.ndpi,Annotation (dark_zone),1.3396
CaseKI67_0075.ndpi,Annotation (dark_zone),1.6073
CaseKI67_0075.ndpi,Annotation (dark_zone),1.156
CaseKI67_0075.ndpi,Annotation (dark_zone),1.1619
CaseKI67_0075.ndpi,Annotation (dark_zone),1.592
CaseKI67_0075.ndpi,Annotation (dark_zone),1.3614
CaseKI67_0075.ndpi,Annotation (dark_zone),1.377
CaseKI67_0075.ndpi,Annotation (dark_zone),0.8753
CaseKI67_0075.ndpi,Annotation (dark_zone),1.2627
CaseKI67_0075.ndpi,Annotation (dark_zone),1.3318
CaseKI67_0075.ndpi,Annotation (dark_zone),1.3163
CaseKI67_0075.ndpi,Annotation (dark_zone),1.234
CaseKI67_0075.ndpi,Annotation (dark_zone),1.0985
CaseKI67_0075.ndpi,Annotation (dark_zone),1.3055
CaseKI67_0075.ndpi,Annotation (dark_zone),1.2416
CaseKI67_0075.ndpi,Annotation (dark_zone),1.7088
CaseKI67_0075.ndpi,Annotation (dark_zone),0.576
CaseKI67_0075.ndpi,Annotation (dark_zone),1.3421
CaseKI67_0075.ndpi,Annotation (dark_zone),1.1632
CaseKI67_0075.ndpi,Annotation (dark_zone),1.1885
CaseKI67_0075.ndpi,Annotation (dark_zone),1.652
CaseKI67_0075.ndpi,Annotation (dark_zone),1.2768
CaseKI67_0075.ndpi,Annotation (dark_zone),1.5751
CaseKI67_0075.ndpi,Annotation (dark_zone),1.1663
CaseKI67_0075.ndpi,Annotation (dark_zone),1.5495
CaseKI67_0075.ndpi,Annotation (dark_zone),1.3555
CaseKI67_0075.ndpi,Annotation (dark_zone),1.6128
CaseKI67_0075.ndpi,Annotation (dark_zone),1.54
CaseKI67_0075.ndpi,Annotation (dark_zone),1.2168
CaseKI67_0075.ndpi,Annotation (dark_zone),1.1011
CaseKI67_0075.ndpi,Annotation (dark_zone),1.4057
CaseKI67_0075.ndpi,Annotation (dark_zone),1.5534
CaseKI67_0075.ndpi,Annotation (dark_zone),0.9411
CaseKI67_0075.ndpi,Annotation (dark_zone),1.2371
CaseKI67_0075.ndpi,Annotation (dark_zone),0.9958
CaseKI67_0075.ndpi,Annotation (dark_zone),1.6016
CaseKI67_0075.ndpi,Annotation (dark_zone),1.609
CaseKI67_0075.ndpi,Annotation (dark_zone),0.4861
CaseKI67_0075.ndpi,Annotation (dark_zone),1.531
CaseKI67_0075.ndpi,Annotation (dark_zone),1.2489
CaseKI67_0075.ndpi,Annotation (dark_zone),1.5816
CaseKI67_0075.ndpi,Annotation (dark_zone),1.5212
CaseKI67_0075.ndpi,Annotation (dark_zone),1.4524
CaseKI67_0075.ndpi,Annotation (dark_zone),1.2712
CaseKI67_0075.ndpi,Annotation (dark_zone),1.338
CaseKI67_0075.ndpi,Annotation (dark_zone),1.3461
CaseKI67_0075.ndpi,Annotation (dark_zone),0.9243
CaseKI67_0075.ndpi,Annotation (dark_zone),1.4792
CaseKI67_0075.ndpi,Annotation (dark_zone),0.8191
CaseKI67_0075.ndpi,Annotation (dark_zone),1.1216
CaseKI67_0075.ndpi,Annotation (dark_zone),1.4509
CaseKI67_0075.ndpi,Annotation (dark_zone),1.3927
CaseKI67_0075.ndpi,Annotation (dark_zone),1.1778
CaseKI67_0075.ndpi,Annotation (dark_zone),0.9495
CaseKI67_0075.ndpi,Annotation (dark_zone),0.9585
CaseKI67_0075.ndpi,Annotation (dark_zone),1.355
CaseKI67_0075.ndpi,Annotation (dark_zone),1.3105
CaseKI67_0075.ndpi,Annotation (dark_zone),1.2084
CaseKI67_0075.ndpi,Annotation (dark_zone),1.2776
CaseKI67_0075.ndpi,Annotation (dark_zone),1.3347
CaseKI67_0075.ndpi,Annotation (dark_zone),1.167
CaseKI67_0075.ndpi,Annotation (dark_zone),1.301
CaseKI67_0075.ndpi,Annotation (dark_zone),1.0626
CaseKI67_0075.ndpi,Annotation (dark_zone),1.2991
CaseKI67_0075.ndpi,Annotation (dark_zone),1.1715
CaseKI67_0075.ndpi,Annotation (dark_zone),1.1869
CaseKI67_0075.ndpi,Annotation (dark_zone),1.1721
CaseKI67_0075.ndpi,Annotation (dark_zone),1.0512
CaseKI67_0075.ndpi,Annotation (dark_zone),0.1065
CaseKI67_0075.ndpi,Annotation (dark_zone),0.9571
CaseKI67_0075.ndpi,Annotation (dark_zone),1.3578
CaseKI67_0075.ndpi,Annotation (dark_zone),1.161
CaseKI67_0075.ndpi,Annotation (dark_zone),1.3631
CaseKI67_0075.ndpi,Annotation (dark_zone),1.3448
CaseKI67_0075.ndpi,Annotation (dark_zone),1.3206
CaseKI67_0075.ndpi,Annotation (dark_zone),1.1891
CaseKI67_0075.ndpi,Annotation (dark_zone),1.7419
CaseKI67_0075.ndpi,Annotation (dark_zone),1.212
CaseKI67_0075.ndpi,Annotation (dark_zone),0.1614
CaseKI67_0075.ndpi,Annotation (dark_zone),1.5061
CaseKI67_0075.ndpi,Annotation (dark_zone),0.0756
CaseKI67_0075.ndpi,Annotation (dark_zone),1.1855
CaseKI67_0075.ndpi,Annotation (dark_zone),0.8141
CaseKI67_0075.ndpi,Annotation (dark_zone),1.3097
CaseKI67_0075.ndpi,Annotation (dark_zone),1.4356
CaseKI67_0075.ndpi,Annotation (dark_zone),1.6538
CaseKI67_0075.ndpi,Annotation (dark_zone),1.5738
CaseKI67_0075.ndpi,Annotation (dark_zone),1.4961
CaseKI67_0075.ndpi,Annotation (dark_zone),1.6288
CaseKI67_0075.ndpi,Annotation (dark_zone),1.3061
CaseKI67_0075.ndpi,Annotation (dark_zone),1.1438
CaseKI67_0075.ndpi,Annotation (dark_zone),1.8274
CaseKI67_0075.ndpi,Annotation (dark_zone),1.1655
CaseKI67_0075.ndpi,Annotation (dark_zone),1.2901
CaseKI67_0075.ndpi,Annotation (dark_zone),1.4993
CaseKI67_0075.ndpi,Annotation (dark_zone),1.4693
CaseKI67_0075.ndpi,Annotation (dark_zone),1.4994
CaseKI67_0075.ndpi,Annotation (dark_zone),0.6064
CaseKI67_0075.ndpi,Annotation (dark_zone),1.8943
CaseKI67_0075.ndpi,Annotation (dark_zone),1.1724
CaseKI67_0075.ndpi,Annotation (dark_zone),1.4977
CaseKI67_0075.ndpi,Annotation (dark_zone),1.5595
CaseKI67_0075.ndpi,Annotation (dark_zone),1.1982
CaseKI67_0075.ndpi,Annotation (dark_zone),1.2468
CaseKI67_0075.ndpi,Annotation (dark_zone),1.0737
CaseKI67_0075.ndpi,Annotation (dark_zone),1.1613
CaseKI67_0075.ndpi,Annotation (dark_zone),1.8313
CaseKI67_0075.ndpi,Annotation (dark_zone),1.5032
CaseKI67_0075.ndpi,Annotation (dark_zone),1.2805
CaseKI67_0075.ndpi,Annotation (dark_zone),1.8162
CaseKI67_0075.ndpi,Annotation (dark_zone),1.6382
CaseKI67_0075.ndpi,Annotation (dark_zone),2.1263
CaseKI67_0075.ndpi,Annotation (dark_zone),1.2631
CaseKI67_0075.ndpi,Annotation (dark_zone),1.3419
CaseKI67_0075.ndpi,Annotation (dark_zone),1.6141
CaseKI67_0075.ndpi,Annotation (dark_zone),1.3856
CaseKI67_0075.ndpi,Annotation (dark_zone),1.9295
CaseKI67_0075.ndpi,Annotation (dark_zone),1.6306
CaseKI67_0075.ndpi,Annotation (dark_zone),1.4496
CaseKI67_0075.ndpi,Annotation (dark_zone),1.3334
CaseKI67_0075.ndpi,Annotation (dark_zone),1.2666
CaseKI67_0075.ndpi,Annotation (dark_zone),1.3577
CaseKI67_0075.ndpi,Annotation (dark_zone),1.514
CaseKI67_0075.ndpi,Annotation (dark_zone),1.3892
CaseKI67_0075.ndpi,Annotation (dark_zone),1.3565
CaseKI67_0075.ndpi,Annotation (dark_zone),1.8619
CaseKI67_0075.ndpi,Annotation (dark_zone),1.7825
CaseKI67_0075.ndpi,Annotation (dark_zone),1.2258
CaseKI67_0075.ndpi,Annotation (dark_zone),1.1173
CaseKI67_0075.ndpi,Annotation (dark_zone),1.3841
CaseKI67_0075.ndpi,Annotation (dark_zone),1.1324
CaseKI67_0075.ndpi,Annotation (dark_zone),1.1641
CaseKI67_0075.ndpi,Annotation (dark_zone),1.3326
CaseKI67_0075.ndpi,Annotation (dark_zone),1.4305
CaseKI67_0075.ndpi,Annotation (dark_zone),1.3313
CaseKI67_0075.ndpi,Annotation (dark_zone),1.417
CaseKI67_0075.ndpi,Annotation (dark_zone),1.3875
CaseKI67_0075.ndpi,Annotation (dark_zone),1.518
CaseKI67_0075.ndpi,Annotation (dark_zone),1.385
CaseKI67_0075.ndpi,Annotation (dark_zone),0.9738
CaseKI67_0075.ndpi,Annotation (dark_zone),1.1268
CaseKI67_0075.ndpi,Annotation (dark_zone),1.5615
CaseKI67_0075.ndpi,Annotation (dark_zone),1.5542
CaseKI67_0075.ndpi,Annotation (dark_zone),1.5481
CaseKI67_0075.ndpi,Annotation (dark_zone),1.6001
CaseKI67_0075.ndpi,Annotation (dark_zone),1.5798
CaseKI67_0075.ndpi,Annotation (dark_zone),1.5744
CaseKI67_0075.ndpi,Annotation (dark_zone),1.4786
CaseKI67_0075.ndpi,Annotation (dark_zone),1.2888
CaseKI67_0075.ndpi,Annotation (dark_zone),0.9854
CaseKI67_0075.ndpi,Annotation (dark_zone),1.5566
CaseKI67_0075.ndpi,Annotation (dark_zone),1.5222
CaseKI67_0075.ndpi,Annotation (dark_zone),1.5723
CaseKI67_0075.ndpi,Annotation (dark_zone),0.2816
CaseKI67_0075.ndpi,Annotation (dark_zone),1.6025
CaseKI67_0075.ndpi,Annotation (dark_zone),1.51
CaseKI67_0075.ndpi,Annotation (dark_zone),1.1359
CaseKI67_0075.ndpi,Annotation (dark_zone),1.091
CaseKI67_0075.ndpi,Annotation (dark_zone),1.5827
CaseKI67_0075.ndpi,Annotation (dark_zone),0.9478
CaseKI67_0075.ndpi,Annotation (dark_zone),1.624
CaseKI67_0075.ndpi,Annotation (dark_zone),1.4942
CaseKI67_0075.ndpi,Annotation (dark_zone),1.134
CaseKI67_0075.ndpi,Annotation (dark_zone),1.093
CaseKI67_0075.ndpi,Annotation (dark_zone),1.2343
CaseKI67_0075.ndpi,Annotation (dark_zone),1.2317
CaseKI67_0075.ndpi,Annotation (dark_zone),1.0322
CaseKI67_0075.ndpi,Annotation (dark_zone),1.2943
CaseKI67_0075.ndpi,Annotation (dark_zone),1.3306
CaseKI67_0075.ndpi,Annotation (dark_zone),1.0713
CaseKI67_0075.ndpi,Annotation (dark_zone),1.2157
CaseKI67_0075.ndpi,Annotation (dark_zone),1.5573
CaseKI67_0075.ndpi,Annotation (dark_zone),1.1694
CaseKI67_0075.ndpi,Annotation (dark_zone),1.3372
CaseKI67_0075.ndpi,Annotation (dark_zone),1.3522
CaseKI67_0075.ndpi,Annotation (dark_zone),1.4163
CaseKI67_0075.ndpi,Annotation (dark_zone),1.3313
CaseKI67_0075.ndpi,Annotation (dark_zone),1.5537
CaseKI67_0075.ndpi,Annotation (dark_zone),1.4099
CaseKI67_0075.ndpi,Annotation (dark_zone),1.2215
CaseKI67_0075.ndpi,Annotation (dark_zone),1.1586
CaseKI67_0075.ndpi,Annotation (dark_zone),1.1516
CaseKI67_0075.ndpi,Annotation (dark_zone),0.0877
CaseKI67_0075.ndpi,Annotation (dark_zone),1.6705
CaseKI67_0075.ndpi,Annotation (dark_zone),1.3757
CaseKI67_0075.ndpi,Annotation (dark_zone),1.5292
CaseKI67_0075.ndpi,Annotation (dark_zone),1.2361
CaseKI67_0075.ndpi,Annotation (dark_zone),1.2738
CaseKI67_0075.ndpi,Annotation (dark_zone),1.3662
CaseKI67_0075.ndpi,Annotation (dark_zone),1.7943
CaseKI67_0075.ndpi,Annotation (dark_zone),1.0908
CaseKI67_0075.ndpi,Annotation (dark_zone),1.4981
CaseKI67_0075.ndpi,Annotation (dark_zone),1.4747
CaseKI67_0075.ndpi,Annotation (dark_zone),1.383
CaseKI67_0075.ndpi,Annotation (dark_zone),1.2905
CaseKI67_0075.ndpi,Annotation (dark_zone),1.6914
CaseKI67_0075.ndpi,Annotation (dark_zone),1.2513
CaseKI67_0075.ndpi,Annotation (dark_zone),1.4533
CaseKI67_0075.ndpi,Annotation (dark_zone),1.5947
CaseKI67_0075.ndpi,Annotation (dark_zone),1.2934
CaseKI67_0075.ndpi,Annotation (dark_zone),1.5054
CaseKI67_0075.ndpi,Annotation (dark_zone),1.4142
CaseKI67_0075.ndpi,Annotation (dark_zone),1.583
CaseKI67_0075.ndpi,Annotation (dark_zone),0.9379
CaseKI67_0075.ndpi,Annotation (dark_zone),1.568
CaseKI67_0075.ndpi,Annotation (dark_zone),1.6066
CaseKI67_0075.ndpi,Annotation (dark_zone),1.5852
CaseKI67_0075.ndpi,Annotation (dark_zone),0.8561
CaseKI67_0075.ndpi,Annotation (dark_zone),1.1731
CaseKI67_0075.ndpi,Annotation (dark_zone),1.475
CaseKI67_0075.ndpi,Annotation (dark_zone),0.0828
CaseKI67_0075.ndpi,Annotation (dark_zone),1.5184
CaseKI67_0075.ndpi,Annotation (dark_zone),1.3274
CaseKI67_0075.ndpi,Annotation (dark_zone),0.4342
CaseKI67_0075.ndpi,Annotation (dark_zone),0.9782
CaseKI67_0075.ndpi,Annotation (dark_zone),0.8846
CaseKI67_0075.ndpi,Annotation (dark_zone),0.1317
CaseKI67_0075.ndpi,Annotation (dark_zone),0.4465
CaseKI67_0075.ndpi,Annotation (dark_zone),0.7757
CaseKI67_0075.ndpi,Annotation (dark_zone),1.6707
CaseKI67_0075.ndpi,Annotation (dark_zone),0.7864
CaseKI67_0075.ndpi,Annotation (dark_zone),1.292
CaseKI67_0075.ndpi,Annotation (dark_zone),
CaseKI67_0075.ndpi,Annotation (dark_zone),1.5088
CaseKI67_0075.ndpi,Annotation (dark_zone),1.2544
CaseKI67_0075.ndpi,Annotation (dark_zone),1.2739
CaseKI67_0075.ndpi,Annotation (dark_zone),1.228
CaseKI67_0075.ndpi,Annotation (dark_zone),1.2223
CaseKI67_0075.ndpi,Annotation (dark_zone),1.451
CaseKI67_0075.ndpi,Annotation (dark_zone),0.1284
CaseKI67_0075.ndpi,Annotation (dark_zone),1.4378
CaseKI67_0075.ndpi,Annotation (dark_zone),1.2599
CaseKI67_0075.ndpi,Annotation (dark_zone),1.438
CaseKI67_0075.ndpi,Annotation (dark_zone),1.5333
CaseKI67_0075.ndpi,Annotation (dark_zone),1.4246
CaseKI67_0075.ndpi,Annotation (dark_zone),1.0847
CaseKI67_0075.ndpi,Annotation (dark_zone),1.4045
CaseKI67_0075.ndpi,Annotation (dark_zone),1.3565
CaseKI67_0075.ndpi,Annotation (dark_zone),0.4588
CaseKI67_0075.ndpi,Annotation (dark_zone),1.4689
CaseKI67_0075.ndpi,Annotation (dark_zone),0.2962
CaseKI67_0075.ndpi,Annotation (dark_zone),0.9609
CaseKI67_0075.ndpi,Annotation (dark_zone),1.6114
CaseKI67_0075.ndpi,Annotation (dark_zone),1.5121
CaseKI67_0075.ndpi,Annotation (dark_zone),1.5034
CaseKI67_0075.ndpi,Annotation (dark_zone),1.8755
CaseKI67_0075.ndpi,Annotation (dark_zone),0.6532
CaseKI67_0075.ndpi,Annotation (dark_zone),0.7955
CaseKI67_0075.ndpi,Annotation (dark_zone),1.5969
CaseKI67_0075.ndpi,Annotation (dark_zone),1.3833
CaseKI67_0075.ndpi,Annotation (dark_zone),0.9874
CaseKI67_0075.ndpi,Annotation (dark_zone),1.406
CaseKI67_0075.ndpi,Annotation (dark_zone),1.1378
CaseKI67_0075.ndpi,Annotation (dark_zone),1.4487
CaseKI67_0075.ndpi,Annotation (dark_zone),1.622
CaseKI67_0075.ndpi,Annotation (dark_zone),1.5954
CaseKI67_0075.ndpi,Annotation (dark_zone),1.6361
CaseKI67_0075.ndpi,Annotation (dark_zone),1.1636
CaseKI67_0075.ndpi,Annotation (dark_zone),1.3076
CaseKI67_0075.ndpi,Annotation (dark_zone),1.3642
CaseKI67_0075.ndpi,Annotation (dark_zone),0.8943
CaseKI67_0075.ndpi,Annotation (dark_zone),1.4806
CaseKI67_0075.ndpi,Annotation (dark_zone),1.3064
CaseKI67_0075.ndpi,Annotation (dark_zone),1.468
CaseKI67_0075.ndpi,Annotation (dark_zone),1.6507
CaseKI67_0075.ndpi,Annotation (dark_zone),1.2924
CaseKI67_0075.ndpi,Annotation (dark_zone),1.5501
CaseKI67_0075.ndpi,Annotation (dark_zone),1.2324
CaseKI67_0075.ndpi,Annotation (dark_zone),1.4116
CaseKI67_0075.ndpi,Annotation (dark_zone),1.631
CaseKI67_0075.ndpi,Annotation (dark_zone),1.3959
CaseKI67_0075.ndpi,Annotation (dark_zone),1.1963
CaseKI67_0075.ndpi,Annotation (dark_zone),0.8516
CaseKI67_0075.ndpi,Annotation (dark_zone),1.7617
CaseKI67_0075.ndpi,Annotation (dark_zone),1.463
CaseKI67_0075.ndpi,Annotation (dark_zone),1.4359
CaseKI67_0075.ndpi,Annotation (dark_zone),1.674
CaseKI67_0075.ndpi,Annotation (dark_zone),1.4446
CaseKI67_0075.ndpi,Annotation (dark_zone),1.392
CaseKI67_0075.ndpi,Annotation (dark_zone),1.3812
CaseKI67_0075.ndpi,Annotation (dark_zone),1.4331
CaseKI67_0075.ndpi,Annotation (dark_zone),1.0113
CaseKI67_0075.ndpi,Annotation (dark_zone),1.2923
CaseKI67_0075.ndpi,Annotation (dark_zone),1.3745
CaseKI67_0075.ndpi,Annotation (dark_zone),1.5109
CaseKI67_0075.ndpi,Annotation (dark_zone),1.2418
CaseKI67_0075.ndpi,Annotation (dark_zone),1.4607
CaseKI67_0075.ndpi,Annotation (dark_zone),1.4919
CaseKI67_0075.ndpi,Annotation (dark_zone),1.1131
CaseKI67_0075.ndpi,Annotation (dark_zone),1.7597
CaseKI67_0075.ndpi,Annotation (dark_zone),1.5141
CaseKI67_0075.ndpi,Annotation (dark_zone),1.3727
CaseKI67_0075.ndpi,Annotation (dark_zone),0.659
CaseKI67_0075.ndpi,Annotation (dark_zone),1.2916
CaseKI67_0075.ndpi,Annotation (dark_zone),1.5151
CaseKI67_0075.ndpi,Annotation (dark_zone),1.3225
CaseKI67_0075.ndpi,Annotation (dark_zone),1.4518
CaseKI67_0075.ndpi,Annotation (dark_zone),0.0808
CaseKI67_0075.ndpi,Annotation (dark_zone),1.7837
CaseKI67_0075.ndpi,Annotation (dark_zone),1.5503
CaseKI67_0075.ndpi,Annotation (dark_zone),1.2692
CaseKI67_0075.ndpi,Annotation (dark_zone),1.9404
CaseKI67_0075.ndpi,Annotation (dark_zone),1.4928
CaseKI67_0075.ndpi,Annotation (dark_zone),1.6425
CaseKI67_0075.ndpi,Annotation (dark_zone),1.3065
CaseKI67_0075.ndpi,Annotation (dark_zone),1.0229
CaseKI67_0075.ndpi,Annotation (dark_zone),1.6155
CaseKI67_0075.ndpi,Annotation (dark_zone),1.3323
CaseKI67_0075.ndpi,Annotation (dark_zone),0.7001
CaseKI67_0075.ndpi,Annotation (dark_zone),1.6233
CaseKI67_0075.ndpi,Annotation (dark_zone),1.3217
CaseKI67_0075.ndpi,Annotation (dark_zone),0.7932
CaseKI67_0075.ndpi,Annotation (dark_zone),1.4249
CaseKI67_0075.ndpi,Annotation (dark_zone),1.4101
CaseKI67_0075.ndpi,Annotation (dark_zone),0.7273
CaseKI67_0075.ndpi,Annotation (dark_zone),1.6353
CaseKI67_0075.ndpi,Annotation (dark_zone),1.3116
CaseKI67_0075.ndpi,Annotation (dark_zone),1.1107
CaseKI67_0075.ndpi,Annotation (dark_zone),0.1003
CaseKI67_0075.ndpi,Annotation (dark_zone),0.8044
CaseKI67_0075.ndpi,Annotation (dark_zone),1.1526
CaseKI67_0075.ndpi,Annotation (dark_zone),1.1134
CaseKI67_0075.ndpi,Annotation (dark_zone),1.5257
CaseKI67_0075.ndpi,Annotation (dark_zone),1.7586
CaseKI67_0075.ndpi,Annotation (dark_zone),1.3759
CaseKI67_0075.ndpi,Annotation (dark_zone),1.4213
CaseKI67_0075.ndpi,Annotation (dark_zone),1.2929
CaseKI67_0075.ndpi,Annotation (dark_zone),1.4856
CaseKI67_0075.ndpi,Annotation (dark_zone),1.5844
CaseKI67_0075.ndpi,Annotation (dark_zone),1.4792
CaseKI67_0075.ndpi,Annotation (dark_zone),1.2435
CaseKI67_0075.ndpi,Annotation (dark_zone),1.1049
CaseKI67_0075.ndpi,Annotation (dark_zone),1.6286
CaseKI67_0075.ndpi,Annotation (dark_zone),1.4001
CaseKI67_0075.ndpi,Annotation (dark_zone),1.4946
CaseKI67_0075.ndpi,Annotation (dark_zone),1.623
CaseKI67_0075.ndpi,Annotation (dark_zone),1.7477
CaseKI67_0075.ndpi,Annotation (dark_zone),1.817
CaseKI67_0075.ndpi,Annotation (dark_zone),1.4786
CaseKI67_0075.ndpi,Annotation (dark_zone),1.6673
CaseKI67_0075.ndpi,Annotation (dark_zone),1.135
CaseKI67_0075.ndpi,Annotation (dark_zone),1.6501
CaseKI67_0075.ndpi,Annotation (dark_zone),1.3597
CaseKI67_0075.ndpi,Annotation (dark_zone),1.5877
CaseKI67_0075.ndpi,Annotation (dark_zone),1.598
CaseKI67_0075.ndpi,Annotation (dark_zone),1.3606
CaseKI67_0075.ndpi,Annotation (dark_zone),1.3185
CaseKI67_0075.ndpi,Annotation (dark_zone),1.5466
CaseKI67_0075.ndpi,Annotation (dark_zone),1.0185
CaseKI67_0075.ndpi,Annotation (dark_zone),1.5746
CaseKI67_0075.ndpi,Annotation (dark_zone),1.8167
CaseKI67_0075.ndpi,Annotation (dark_zone),1.6831
CaseKI67_0075.ndpi,Annotation (dark_zone),1.688
CaseKI67_0075.ndpi,Annotation (dark_zone),1.1733
CaseKI67_0075.ndpi,Annotation (dark_zone),1.5015
CaseKI67_0075.ndpi,Annotation (dark_zone),1.3138
CaseKI67_0075.ndpi,Annotation (dark_zone),0.8928
CaseKI67_0075.ndpi,Annotation (dark_zone),1.392
CaseKI67_0075.ndpi,Annotation (dark_zone),1.8465
CaseKI67_0075.ndpi,Annotation (dark_zone),1.9241
CaseKI67_0075.ndpi,Annotation (dark_zone),0.7879
CaseKI67_0075.ndpi,Annotation (dark_zone),1.4112
CaseKI67_0075.ndpi,Annotation (dark_zone),1.1194
CaseKI67_0075.ndpi,Annotation (dark_zone),1.4041
CaseKI67_0075.ndpi,Annotation (dark_zone),1.3304
CaseKI67_0075.ndpi,Annotation (dark_zone),1.0995
CaseKI67_0075.ndpi,Annotation (dark_zone),1.0938
CaseKI67_0075.ndpi,Annotation (dark_zone),1.2711
CaseKI67_0075.ndpi,Annotation (dark_zone),0.6705
CaseKI67_0075.ndpi,Annotation (dark_zone),1.6943
CaseKI67_0075.ndpi,Annotation (dark_zone),1.7914
CaseKI67_0075.ndpi,Annotation (dark_zone),1.632
CaseKI67_0075.ndpi,Annotation (dark_zone),1.3508
CaseKI67_0075.ndpi,Annotation (dark_zone),1.074
CaseKI67_0075.ndpi,Annotation (dark_zone),1.0527
CaseKI67_0075.ndpi,Annotation (dark_zone),1.7627
CaseKI67_0075.ndpi,Annotation (dark_zone),1.211
CaseKI67_0075.ndpi,Annotation (dark_zone),1.4174
CaseKI67_0075.ndpi,Annotation (dark_zone),1.4821
CaseKI67_0075.ndpi,Annotation (dark_zone),1.4981
CaseKI67_0075.ndpi,Annotation (dark_zone),1.2749
CaseKI67_0075.ndpi,Annotation (dark_zone),1.2848
CaseKI67_0075.ndpi,Annotation (dark_zone),2.0384
CaseKI67_0075.ndpi,Annotation (dark_zone),1.4625
CaseKI67_0075.ndpi,Annotation (dark_zone),1.047
CaseKI67_0075.ndpi,Annotation (dark_zone),1.943
CaseKI67_0075.ndpi,Annotation (dark_zone),1.5895
CaseKI67_0075.ndpi,Annotation (dark_zone),1.3619
CaseKI67_0075.ndpi,Annotation (dark_zone),1.2305
CaseKI67_0075.ndpi,Annotation (dark_zone),1.2971
CaseKI67_0075.ndpi,Annotation (dark_zone),1.4907
CaseKI67_0075.ndpi,Annotation (dark_zone),1.3819
CaseKI67_0075.ndpi,Annotation (dark_zone),1.5327
CaseKI67_0075.ndpi,Annotation (dark_zone),1.6503
CaseKI67_0075.ndpi,Annotation (dark_zone),1.478
CaseKI67_0075.ndpi,Annotation (dark_zone),1.4393
CaseKI67_0075.ndpi,Annotation (dark_zone),1.4399
CaseKI67_0075.ndpi,Annotation (dark_zone),0.0736
CaseKI67_0075.ndpi,Annotation (dark_zone),0.4586
CaseKI67_0075.ndpi,Annotation (dark_zone),1.6717
CaseKI67_0075.ndpi,Annotation (dark_zone),1.1385
CaseKI67_0075.ndpi,Annotation (dark_zone),1.2035
CaseKI67_0075.ndpi,Annotation (dark_zone),1.4392
CaseKI67_0075.ndpi,Annotation (dark_zone),1.2495
CaseKI67_0075.ndpi,Annotation (dark_zone),1.2089
CaseKI67_0075.ndpi,Annotation (dark_zone),1.581
CaseKI67_0075.ndpi,Annotation (dark_zone),1.4448
CaseKI67_0075.ndpi,Annotation (dark_zone),0.9862
CaseKI67_0075.ndpi,Annotation (dark_zone),1.4919
CaseKI67_0075.ndpi,Annotation (dark_zone),1.7635
CaseKI67_0075.ndpi,Annotation (dark_zone),1.1211
CaseKI67_0075.ndpi,Annotation (dark_zone),1.4429
CaseKI67_0075.ndpi,Annotation (dark_zone),1.3636
CaseKI67_0075.ndpi,Annotation (dark_zone),1.3284
CaseKI67_0075.ndpi,Annotation (dark_zone),1.7858
CaseKI67_0075.ndpi,Annotation (dark_zone),1.1933
CaseKI67_0075.ndpi,Annotation (dark_zone),1.0131
CaseKI67_0075.ndpi,Annotation (dark_zone),1.3871
CaseKI67_0075.ndpi,Annotation (dark_zone),1.2691
CaseKI67_0075.ndpi,Annotation (dark_zone),1.4378
CaseKI67_0075.ndpi,Annotation (dark_zone),1.6101
CaseKI67_0075.ndpi,Annotation (dark_zone),1.2707
CaseKI67_0075.ndpi,Annotation (dark_zone),1.6402
CaseKI67_0075.ndpi,Annotation (dark_zone),1.5003
CaseKI67_0075.ndpi,Annotation (dark_zone),1.6286
CaseKI67_0075.ndpi,Annotation (dark_zone),1.7534
CaseKI67_0075.ndpi,Annotation (dark_zone),1.6692
CaseKI67_0075.ndpi,Annotation (dark_zone),1.9232
CaseKI67_0075.ndpi,Annotation (dark_zone),0.6375
CaseKI67_0075.ndpi,Annotation (dark_zone),1.2696
CaseKI67_0075.ndpi,Annotation (dark_zone),1.7225
CaseKI67_0075.ndpi,Annotation (dark_zone),1.3293
CaseKI67_0075.ndpi,Annotation (dark_zone),1.9588
CaseKI67_0075.ndpi,Annotation (dark_zone),1.7176
CaseKI67_0075.ndpi,Annotation (dark_zone),1.6157
CaseKI67_0075.ndpi,Annotation (dark_zone),1.5354
CaseKI67_0075.ndpi,Annotation (dark_zone),1.4492
CaseKI67_0075.ndpi,Annotation (dark_zone),1.2574
CaseKI67_0075.ndpi,Annotation (dark_zone),1.7262
CaseKI67_0075.ndpi,Annotation (dark_zone),1.3195
CaseKI67_0075.ndpi,Annotation (dark_zone),2.0624
CaseKI67_0075.ndpi,Annotation (dark_zone),1.6508
CaseKI67_0075.ndpi,Annotation (dark_zone),1.582
CaseKI67_0075.ndpi,Annotation (dark_zone),1.1714
CaseKI67_0075.ndpi,Annotation (dark_zone),1.6339
CaseKI67_0075.ndpi,Annotation (dark_zone),1.5693
CaseKI67_0075.ndpi,Annotation (dark_zone),1.7822
CaseKI67_0075.ndpi,Annotation (dark_zone),1.081
CaseKI67_0075.ndpi,Annotation (dark_zone),1.8103
CaseKI67_0075.ndpi,Annotation (dark_zone),1.5862
CaseKI67_0075.ndpi,Annotation (dark_zone),1.4651
CaseKI67_0075.ndpi,Annotation (dark_zone),1.7033
CaseKI67_0075.ndpi,Annotation (dark_zone),1.9819
CaseKI67_0075.ndpi,Annotation (dark_zone),1.983
CaseKI67_0075.ndpi,Annotation (dark_zone),1.8483
CaseKI67_0075.ndpi,Annotation (dark_zone),1.9257
CaseKI67_0075.ndpi,Annotation (dark_zone),1.4495
CaseKI67_0075.ndpi,Annotation (dark_zone),1.4859
CaseKI67_0075.ndpi,Annotation (dark_zone),1.6388
CaseKI67_0075.ndpi,Annotation (dark_zone),1.747
CaseKI67_0075.ndpi,Annotation (dark_zone),1.2444
CaseKI67_0075.ndpi,Annotation (dark_zone),1.7205
CaseKI67_0075.ndpi,Annotation (dark_zone),1.3824
CaseKI67_0075.ndpi,Annotation (dark_zone),1.9335
CaseKI67_0075.ndpi,Annotation (dark_zone),1.4637
CaseKI67_0075.ndpi,Annotation (dark_zone),1.6624
CaseKI67_0075.ndpi,Annotation (dark_zone),1.6413
CaseKI67_0075.ndpi,Annotation (dark_zone),1.6939
CaseKI67_0075.ndpi,Annotation (dark_zone),1.6271
CaseKI67_0075.ndpi,Annotation (dark_zone),1.0842
CaseKI67_0075.ndpi,Annotation (dark_zone),1.7026
CaseKI67_0075.ndpi,Annotation (dark_zone),1.4684
CaseKI67_0075.ndpi,Annotation (dark_zone),1.3503
CaseKI67_0075.ndpi,Annotation (dark_zone),1.6083
CaseKI67_0075.ndpi,Annotation (dark_zone),1.2504
CaseKI67_0075.ndpi,Annotation (dark_zone),1.5686
CaseKI67_0075.ndpi,Annotation (dark_zone),1.8235
CaseKI67_0075.ndpi,Annotation (dark_zone),1.2222
CaseKI67_0075.ndpi,Annotation (dark_zone),1.4125
CaseKI67_0075.ndpi,Annotation (dark_zone),0.9379
CaseKI67_0075.ndpi,Annotation (dark_zone),1.5016
CaseKI67_0075.ndpi,Annotation (dark_zone),1.5229
CaseKI67_0075.ndpi,Annotation (dark_zone),1.3863
CaseKI67_0075.ndpi,Annotation (dark_zone),1.3929
CaseKI67_0075.ndpi,Annotation (dark_zone),0.8126
CaseKI67_0075.ndpi,Annotation (dark_zone),1.6712
CaseKI67_0075.ndpi,Annotation (dark_zone),1.3385
CaseKI67_0075.ndpi,Annotation (dark_zone),1.5682
CaseKI67_0075.ndpi,Annotation (dark_zone),1.4457
CaseKI67_0075.ndpi,Annotation (dark_zone),0.0983
CaseKI67_0075.ndpi,Annotation (dark_zone),1.8203
CaseKI67_0075.ndpi,Annotation (dark_zone),1.2813
CaseKI67_0075.ndpi,Annotation (dark_zone),1.2314
CaseKI67_0075.ndpi,Annotation (dark_zone),1.6117
CaseKI67_0075.ndpi,Annotation (dark_zone),1.2176
CaseKI67_0075.ndpi,Annotation (dark_zone),1.4698
CaseKI67_0075.ndpi,Annotation (dark_zone),1.5347
CaseKI67_0075.ndpi,Annotation (dark_zone),1.7178
CaseKI67_0075.ndpi,Annotation (dark_zone),1.5845
CaseKI67_0075.ndpi,Annotation (dark_zone),1.3519
CaseKI67_0075.ndpi,Annotation (dark_zone),0.791
CaseKI67_0075.ndpi,Annotation (dark_zone),1.6651
CaseKI67_0075.ndpi,Annotation (dark_zone),1.3257
CaseKI67_0075.ndpi,Annotation (dark_zone),1.2791
CaseKI67_0075.ndpi,Annotation (dark_zone),0.8823
CaseKI67_0075.ndpi,Annotation (dark_zone),1.7004
CaseKI67_0075.ndpi,Annotation (dark_zone),1.5593
CaseKI67_0075.ndpi,Annotation (dark_zone),1.8593
CaseKI67_0075.ndpi,Annotation (dark_zone),1.8572
CaseKI67_0075.ndpi,Annotation (dark_zone),1.9131
CaseKI67_0075.ndpi,Annotation (dark_zone),1.5391
CaseKI67_0075.ndpi,Annotation (dark_zone),1.3099
CaseKI67_0075.ndpi,Annotation (dark_zone),1.6228
CaseKI67_0075.ndpi,Annotation (dark_zone),1.7131
CaseKI67_0075.ndpi,Annotation (dark_zone),1.2729
CaseKI67_0075.ndpi,Annotation (dark_zone),1.9139
CaseKI67_0075.ndpi,Annotation (dark_zone),1.4775
CaseKI67_0075.ndpi,Annotation (dark_zone),1.1873
CaseKI67_0075.ndpi,Annotation (dark_zone),0.6037
CaseKI67_0075.ndpi,Annotation (dark_zone),2.0452
CaseKI67_0075.ndpi,Annotation (dark_zone),1.4328
CaseKI67_0075.ndpi,Annotation (dark_zone),1.0872
CaseKI67_0075.ndpi,Annotation (dark_zone),1.4749
CaseKI67_0075.ndpi,Annotation (dark_zone),1.8264
CaseKI67_0075.ndpi,Annotation (dark_zone),1.4429
CaseKI67_0075.ndpi,Annotation (dark_zone),1.3696
CaseKI67_0075.ndpi,Annotation (dark_zone),0.9666
CaseKI67_0075.ndpi,Annotation (dark_zone),1.3424
CaseKI67_0075.ndpi,Annotation (dark_zone),1.5026
CaseKI67_0075.ndpi,Annotation (dark_zone),1.064
CaseKI67_0075.ndpi,Annotation (dark_zone),1.3323
CaseKI67_0075.ndpi,Annotation (dark_zone),1.2508
CaseKI67_0075.ndpi,Annotation (dark_zone),1.4125
CaseKI67_0075.ndpi,Annotation (dark_zone),1.5277
CaseKI67_0075.ndpi,Annotation (dark_zone),1.3292
CaseKI67_0075.ndpi,Annotation (dark_zone),1.5019
CaseKI67_0075.ndpi,Annotation (dark_zone),1.8866
CaseKI67_0075.ndpi,Annotation (dark_zone),1.8208
CaseKI67_0075.ndpi,Annotation (dark_zone),1.4654
CaseKI67_0075.ndpi,Annotation (dark_zone),1.4508
CaseKI67_0075.ndpi,Annotation (dark_zone),1.4808
CaseKI67_0075.ndpi,Annotation (dark_zone),1.4708
CaseKI67_0075.ndpi,Annotation (dark_zone),1.2636
CaseKI67_0075.ndpi,Annotation (dark_zone),1.6155
CaseKI67_0075.ndpi,Annotation (dark_zone),1.4479
CaseKI67_0075.ndpi,Annotation (dark_zone),0.0854
CaseKI67_0075.ndpi,Annotation (dark_zone),1.0564
CaseKI67_0075.ndpi,Annotation (dark_zone),1.1469
CaseKI67_0075.ndpi,Annotation (dark_zone),1.5459
CaseKI67_0075.ndpi,Annotation (dark_zone),1.2909
CaseKI67_0075.ndpi,Annotation (dark_zone),1.4529
CaseKI67_0075.ndpi,Annotation (dark_zone),1.5892
CaseKI67_0075.ndpi,Annotation (dark_zone),1.2479
CaseKI67_0075.ndpi,Annotation (dark_zone),1.8295
CaseKI67_0075.ndpi,Annotation (dark_zone),1.7246
CaseKI67_0075.ndpi,Annotation (dark_zone),1.542
CaseKI67_0075.ndpi,Annotation (dark_zone),1.2796
CaseKI67_0075.ndpi,Annotation (dark_zone),1.2504
CaseKI67_0075.ndpi,Annotation (dark_zone),1.4012
CaseKI67_0075.ndpi,Annotation (dark_zone),1.4898
CaseKI67_0075.ndpi,Annotation (dark_zone),1.3396
CaseKI67_0075.ndpi,Annotation (dark_zone),1.0419
CaseKI67_0075.ndpi,Annotation (dark_zone),1.5766
CaseKI67_0075.ndpi,Annotation (dark_zone),1.8139
CaseKI67_0075.ndpi,Annotation (dark_zone),1.1864
CaseKI67_0075.ndpi,Annotation (dark_zone),1.1581
CaseKI67_0075.ndpi,Annotation (dark_zone),1.259
CaseKI67_0075.ndpi,Annotation (dark_zone),1.622
CaseKI67_0075.ndpi,Annotation (dark_zone),1.3663
CaseKI67_0075.ndpi,Annotation (dark_zone),0.3353
CaseKI67_0075.ndpi,Annotation (dark_zone),1.7704
CaseKI67_0075.ndpi,Annotation (dark_zone),1.1435
CaseKI67_0075.ndpi,Annotation (dark_zone),1.5594
CaseKI67_0075.ndpi,Annotation (dark_zone),0.8228
CaseKI67_0075.ndpi,Annotation (dark_zone),1.8578
CaseKI67_0075.ndpi,Annotation (dark_zone),1.5175
CaseKI67_0075.ndpi,Annotation (dark_zone),1.68
CaseKI67_0075.ndpi,Annotation (dark_zone),1.4946
CaseKI67_0075.ndpi,Annotation (dark_zone),1.902
CaseKI67_0075.ndpi,Annotation (dark_zone),1.26
CaseKI67_0075.ndpi,Annotation (dark_zone),1.6858
CaseKI67_0075.ndpi,Annotation (dark_zone),1.5736
CaseKI67_0075.ndpi,Annotation (dark_zone),1.3003
CaseKI67_0075.ndpi,Annotation (dark_zone),1.7607
CaseKI67_0075.ndpi,Annotation (dark_zone),1.5391
CaseKI67_0075.ndpi,Annotation (dark_zone),1.5952
CaseKI67_0075.ndpi,Annotation (dark_zone),1.1548
CaseKI67_0075.ndpi,Annotation (dark_zone),1.3446
CaseKI67_0075.ndpi,Annotation (dark_zone),1.3678
CaseKI67_0075.ndpi,Annotation (dark_zone),1.5079
CaseKI67_0075.ndpi,Annotation (dark_zone),1.422
CaseKI67_0075.ndpi,Annotation (dark_zone),1.7142
CaseKI67_0075.ndpi,Annotation (dark_zone),1.5357
CaseKI67_0075.ndpi,Annotation (dark_zone),1.2976
CaseKI67_0075.ndpi,Annotation (dark_zone),1.6572
CaseKI67_0075.ndpi,Annotation (dark_zone),1.5845
CaseKI67_0075.ndpi,Annotation (dark_zone),1.4616
CaseKI67_0075.ndpi,Annotation (dark_zone),1.4969
CaseKI67_0075.ndpi,Annotation (dark_zone),1.5876
CaseKI67_0075.ndpi,Annotation (dark_zone),1.2215
CaseKI67_0075.ndpi,Annotation (dark_zone),1.6736
CaseKI67_0075.ndpi,Annotation (dark_zone),1.6002
CaseKI67_0075.ndpi,Annotation (dark_zone),1.4379
CaseKI67_0075.ndpi,Annotation (dark_zone),1.6526
CaseKI67_0075.ndpi,Annotation (dark_zone),0.9674
CaseKI67_0075.ndpi,Annotation (dark_zone),1.4093
CaseKI67_0075.ndpi,Annotation (dark_zone),1.8054
CaseKI67_0075.ndpi,Annotation (dark_zone),1.2375
CaseKI67_0075.ndpi,Annotation (dark_zone),1.014
CaseKI67_0075.ndpi,Annotation (dark_zone),1.6947
CaseKI67_0075.ndpi,Annotation (dark_zone),1.4966
CaseKI67_0075.ndpi,Annotation (dark_zone),0.9884
CaseKI67_0075.ndpi,Annotation (dark_zone),1.7517
CaseKI67_0075.ndpi,Annotation (dark_zone),0.1651
CaseKI67_0075.ndpi,Annotation (dark_zone),1.7189
CaseKI67_0075.ndpi,Annotation (dark_zone),1.3966
CaseKI67_0075.ndpi,Annotation (dark_zone),1.4584
CaseKI67_0075.ndpi,Annotation (dark_zone),1.6931
CaseKI67_0075.ndpi,Annotation (dark_zone),1.3979
CaseKI67_0075.ndpi,Annotation (dark_zone),0.4033
CaseKI67_0075.ndpi,Annotation (dark_zone),1.5477
CaseKI67_0075.ndpi,Annotation (dark_zone),1.8456
CaseKI67_0075.ndpi,Annotation (dark_zone),1.4487
CaseKI67_0075.ndpi,Annotation (dark_zone),1.5276
CaseKI67_0075.ndpi,Annotation (dark_zone),1.8928
CaseKI67_0075.ndpi,Annotation (dark_zone),1.3304
CaseKI67_0075.ndpi,Annotation (dark_zone),1.3949
CaseKI67_0075.ndpi,Annotation (dark_zone),1.2146
CaseKI67_0075.ndpi,Annotation (dark_zone),1.1053
CaseKI67_0075.ndpi,Annotation (dark_zone),1.533
CaseKI67_0075.ndpi,Annotation (dark_zone),1.6089
CaseKI67_0075.ndpi,Annotation (dark_zone),0.9153
CaseKI67_0075.ndpi,Annotation (dark_zone),0.9768
CaseKI67_0075.ndpi,Annotation (dark_zone),0.9925
CaseKI67_0075.ndpi,Annotation (dark_zone),1.4811
CaseKI67_0075.ndpi,Annotation (dark_zone),1.3427
CaseKI67_0075.ndpi,Annotation (dark_zone),1.0371
CaseKI67_0075.ndpi,Annotation (dark_zone),1.6194
CaseKI67_0075.ndpi,Annotation (dark_zone),1.2982
CaseKI67_0075.ndpi,Annotation (dark_zone),1.4166
CaseKI67_0075.ndpi,Annotation (dark_zone),1.6993
CaseKI67_0075.ndpi,Annotation (dark_zone),1.8368
CaseKI67_0075.ndpi,Annotation (dark_zone),0.6611
CaseKI67_0075.ndpi,Annotation (dark_zone),1.4143
CaseKI67_0075.ndpi,Annotation (dark_zone),1.6932
CaseKI67_0075.ndpi,Annotation (dark_zone),1.9276
CaseKI67_0075.ndpi,Annotation (dark_zone),1.7322
CaseKI67_0075.ndpi,Annotation (dark_zone),2.0038
CaseKI67_0075.ndpi,Annotation (dark_zone),1.3685
CaseKI67_0075.ndpi,Annotation (dark_zone),1.886
CaseKI67_0075.ndpi,Annotation (dark_zone),0.1124
CaseKI67_0075.ndpi,Annotation (dark_zone),1.585
CaseKI67_0075.ndpi,Annotation (dark_zone),0.4078
CaseKI67_0075.ndpi,Annotation (dark_zone),2.0231
CaseKI67_0075.ndpi,Annotation (dark_zone),1.3624
CaseKI67_0075.ndpi,Annotation (dark_zone),2.0593
CaseKI67_0075.ndpi,Annotation (dark_zone),1.6656
CaseKI67_0075.ndpi,Annotation (dark_zone),0.14
CaseKI67_0075.ndpi,Annotation (dark_zone),1.3206
CaseKI67_0075.ndpi,Annotation (dark_zone),0.1548
CaseKI67_0075.ndpi,Annotation (dark_zone),0.1736
CaseKI67_0075.ndpi,Annotation (dark_zone),1.5954
CaseKI67_0075.ndpi,Annotation (dark_zone),1.5085
CaseKI67_0075.ndpi,Annotation (dark_zone),1.6571
CaseKI67_0075.ndpi,Annotation (dark_zone),1.2745
CaseKI67_0075.ndpi,Annotation (dark_zone),1.8466
CaseKI67_0075.ndpi,Annotation (dark_zone),1.5386
CaseKI67_0075.ndpi,Annotation (dark_zone),1.3334
CaseKI67_0075.ndpi,Annotation (dark_zone),1.8933
CaseKI67_0075.ndpi,Annotation (dark_zone),1.5368
CaseKI67_0075.ndpi,Annotation (dark_zone),0.1422
CaseKI67_0075.ndpi,Annotation (dark_zone),1.391
CaseKI67_0075.ndpi,Annotation (dark_zone),1.6199
CaseKI67_0075.ndpi,Annotation (dark_zone),1.6929
CaseKI67_0075.ndpi,Annotation (dark_zone),1.6528
CaseKI67_0075.ndpi,Annotation (dark_zone),1.4702
CaseKI67_0075.ndpi,Annotation (dark_zone),1.8118
CaseKI67_0075.ndpi,Annotation (dark_zone),1.6141
CaseKI67_0075.ndpi,Annotation (dark_zone),1.47
CaseKI67_0075.ndpi,Annotation (dark_zone),1.6303
CaseKI67_0075.ndpi,Annotation (dark_zone),0.8902
CaseKI67_0075.ndpi,Annotation (dark_zone),0.1682
CaseKI67_0075.ndpi,Annotation (dark_zone),1.7125
CaseKI67_0075.ndpi,Annotation (dark_zone),1.8599
CaseKI67_0075.ndpi,Annotation (dark_zone),1.7995
CaseKI67_0075.ndpi,Annotation (dark_zone),1.4906
CaseKI67_0075.ndpi,Annotation (dark_zone),1.3929
CaseKI67_0075.ndpi,Annotation (dark_zone),1.3703
CaseKI67_0075.ndpi,Annotation (dark_zone),0.229
CaseKI67_0075.ndpi,Annotation (dark_zone),1.256
CaseKI67_0075.ndpi,Annotation (dark_zone),1.41
CaseKI67_0075.ndpi,Annotation (dark_zone),0.1698
CaseKI67_0075.ndpi,Annotation (dark_zone),1.5968
CaseKI67_0075.ndpi,Annotation (dark_zone),1.6244
CaseKI67_0075.ndpi,Annotation (dark_zone),1.4537
CaseKI67_0075.ndpi,Annotation (dark_zone),0.1868
CaseKI67_0075.ndpi,Annotation (dark_zone),1.819
CaseKI67_0075.ndpi,Annotation (dark_zone),1.5111
CaseKI67_0075.ndpi,Annotation (dark_zone),1.5865
CaseKI67_0075.ndpi,Annotation (dark_zone),1.6188
CaseKI67_0075.ndpi,Annotation (dark_zone),1.5664
CaseKI67_0075.ndpi,Annotation (dark_zone),1.3902
CaseKI67_0075.ndpi,Annotation (dark_zone),1.4197
CaseKI67_0075.ndpi,Annotation (dark_zone),0.4577
CaseKI67_0075.ndpi,Annotation (dark_zone),1.5674
CaseKI67_0075.ndpi,Annotation (dark_zone),0.29
CaseKI67_0075.ndpi,Annotation (dark_zone),1.4121
CaseKI67_0075.ndpi,Annotation (dark_zone),1.7219
CaseKI67_0075.ndpi,Annotation (dark_zone),1.5998
CaseKI67_0075.ndpi,Annotation (dark_zone),1.4919
CaseKI67_0075.ndpi,Annotation (dark_zone),0.8151
CaseKI67_0075.ndpi,Annotation (dark_zone),1.9976
CaseKI67_0075.ndpi,Annotation (dark_zone),0.9037
CaseKI67_0075.ndpi,Annotation (dark_zone),1.5826
CaseKI67_0075.ndpi,Annotation (dark_zone),1.4821
CaseKI67_0075.ndpi,Annotation (dark_zone),1.6356
CaseKI67_0075.ndpi,Annotation (dark_zone),1.9503
CaseKI67_0075.ndpi,Annotation (dark_zone),1.2968
CaseKI67_0075.ndpi,Annotation (dark_zone),1.3037
CaseKI67_0075.ndpi,Annotation (dark_zone),1.9021
CaseKI67_0075.ndpi,Annotation (dark_zone),1.6956
CaseKI67_0075.ndpi,Annotation (dark_zone),1.7317
CaseKI67_0075.ndpi,Annotation (dark_zone),1.5779
CaseKI67_0075.ndpi,Annotation (dark_zone),1.7654
CaseKI67_0075.ndpi,Annotation (dark_zone),1.5163
CaseKI67_0075.ndpi,Annotation (dark_zone),1.2639
CaseKI67_0075.ndpi,Annotation (dark_zone),1.1848
CaseKI67_0075.ndpi,Annotation (dark_zone),0.7038
CaseKI67_0075.ndpi,Annotation (dark_zone),1.7423
CaseKI67_0075.ndpi,Annotation (dark_zone),1.2996
CaseKI67_0075.ndpi,Annotation (dark_zone),1.512
CaseKI67_0075.ndpi,Annotation (dark_zone),1.3114
CaseKI67_0075.ndpi,Annotation (dark_zone),1.3521
CaseKI67_0075.ndpi,Annotation (dark_zone),1.4067
CaseKI67_0075.ndpi,Annotation (dark_zone),1.3242
CaseKI67_0075.ndpi,Annotation (dark_zone),1.4161
CaseKI67_0075.ndpi,Annotation (dark_zone),1.2498
CaseKI67_0075.ndpi,Annotation (dark_zone),1.4038
CaseKI67_0075.ndpi,Annotation (dark_zone),1.3856
CaseKI67_0075.ndpi,Annotation (dark_zone),1.7307
CaseKI67_0075.ndpi,Annotation (dark_zone),1.0363
CaseKI67_0075.ndpi,Annotation (dark_zone),1.6149
CaseKI67_0075.ndpi,Annotation (dark_zone),1.8317
CaseKI67_0075.ndpi,Annotation (dark_zone),1.2845
CaseKI67_0075.ndpi,Annotation (dark_zone),1.0708
CaseKI67_0075.ndpi,Annotation (dark_zone),1.4703
CaseKI67_0075.ndpi,Annotation (dark_zone),1.617
CaseKI67_0075.ndpi,Annotation (dark_zone),1.415
CaseKI67_0075.ndpi,Annotation (dark_zone),1.4954
CaseKI67_0075.ndpi,Annotation (dark_zone),1.6709
CaseKI67_0075.ndpi,Annotation (dark_zone),0.0969
CaseKI67_0075.ndpi,Annotation (dark_zone),1.3492
CaseKI67_0075.ndpi,Annotation (dark_zone),0.2264
CaseKI67_0075.ndpi,Annotation (dark_zone),1.7017
CaseKI67_0075.ndpi,Annotation (dark_zone),1.4961
CaseKI67_0075.ndpi,Annotation (dark_zone),1.658
CaseKI67_0075.ndpi,Annotation (dark_zone),1.7962
CaseKI67_0075.ndpi,Annotation (dark_zone),0.1608
CaseKI67_0075.ndpi,Annotation (dark_zone),0.2227
CaseKI67_0075.ndpi,Annotation (dark_zone),
CaseKI67_0075.ndpi,Annotation (dark_zone),1.6841
CaseKI67_0075.ndpi,Annotation (dark_zone),1.893
CaseKI67_0075.ndpi,Annotation (dark_zone),0.0873
CaseKI67_0075.ndpi,Annotation (dark_zone),0.1936
CaseKI67_0075.ndpi,Annotation (dark_zone),1.601
CaseKI67_0075.ndpi,Annotation (dark_zone),1.4257
CaseKI67_0075.ndpi,Annotation (dark_zone),1.4561
CaseKI67_0075.ndpi,Annotation (dark_zone),1.3701
CaseKI67_0075.ndpi,Annotation (dark_zone),1.4293
CaseKI67_0075.ndpi,Annotation (dark_zone),0.7691
CaseKI67_0075.ndpi,Annotation (dark_zone),1.5186
CaseKI67_0075.ndpi,Annotation (dark_zone),1.5244
CaseKI67_0075.ndpi,Annotation (dark_zone),0.8043
CaseKI67_0075.ndpi,Annotation (dark_zone),0.8008
CaseKI67_0075.ndpi,Annotation (dark_zone),1.727
CaseKI67_0075.ndpi,Annotation (dark_zone),0.6608
CaseKI67_0075.ndpi,Annotation (dark_zone),0.1444
CaseKI67_0075.ndpi,Annotation (dark_zone),1.3534
CaseKI67_0075.ndpi,Annotation (dark_zone),1.5229
CaseKI67_0075.ndpi,Annotation (dark_zone),0.1429
CaseKI67_0075.ndpi,Annotation (dark_zone),1.55
CaseKI67_0075.ndpi,Annotation (dark_zone),0.1343
CaseKI67_0075.ndpi,Annotation (dark_zone),0.398
CaseKI67_0075.ndpi,Annotation (dark_zone),1.5808
CaseKI67_0075.ndpi,Annotation (dark_zone),1.6875
CaseKI67_0075.ndpi,Annotation (dark_zone),1.5206
CaseKI67_0075.ndpi,Annotation (dark_zone),1.5432
CaseKI67_0075.ndpi,Annotation (dark_zone),1.4897
CaseKI67_0075.ndpi,Annotation (dark_zone),1.9038
CaseKI67_0075.ndpi,Annotation (dark_zone),1.7068
CaseKI67_0075.ndpi,Annotation (dark_zone),1.5228
CaseKI67_0075.ndpi,Annotation (dark_zone),1.6644
CaseKI67_0075.ndpi,Annotation (dark_zone),1.2893
CaseKI67_0075.ndpi,Annotation (dark_zone),1.6092
CaseKI67_0075.ndpi,Annotation (dark_zone),1.8194
CaseKI67_0075.ndpi,Annotation (dark_zone),1.6447
CaseKI67_0075.ndpi,Annotation (dark_zone),1.6748
CaseKI67_0075.ndpi,Annotation (dark_zone),0.1853
CaseKI67_0075.ndpi,Annotation (dark_zone),1.7318
CaseKI67_0075.ndpi,Annotation (dark_zone),1.5521
CaseKI67_0075.ndpi,Annotation (dark_zone),1.8573
CaseKI67_0075.ndpi,Annotation (dark_zone),
CaseKI67_0075.ndpi,Annotation (dark_zone),1.0184
CaseKI67_0075.ndpi,Annotation (dark_zone),1.7432
CaseKI67_0075.ndpi,Annotation (dark_zone),1.6743
CaseKI67_0075.ndpi,Annotation (dark_zone),1.5597
CaseKI67_0075.ndpi,Annotation (dark_zone),1.4287
CaseKI67_0075.ndpi,Annotation (dark_zone),1.5738
CaseKI67_0075.ndpi,Annotation (dark_zone),0.2289
CaseKI67_0075.ndpi,Annotation (dark_zone),0.2098
CaseKI67_0075.ndpi,Annotation (dark_zone),1.3378
CaseKI67_0075.ndpi,Annotation (dark_zone),1.5659
CaseKI67_0075.ndpi,Annotation (dark_zone),1.2675
CaseKI67_0075.ndpi,Annotation (dark_zone),1.6349
CaseKI67_0075.ndpi,Annotation (dark_zone),0.1331
CaseKI67_0075.ndpi,Annotation (dark_zone),1.6308
CaseKI67_0075.ndpi,Annotation (dark_zone),1.1874
CaseKI67_0075.ndpi,Annotation (dark_zone),1.4921
CaseKI67_0075.ndpi,Annotation (dark_zone),0.2219
CaseKI67_0075.ndpi,Annotation (dark_zone),1.3013
CaseKI67_0075.ndpi,Annotation (dark_zone),0.6554
CaseKI67_0075.ndpi,Annotation (dark_zone),1.6452
CaseKI67_0075.ndpi,Annotation (dark_zone),2.0299
CaseKI67_0075.ndpi,Annotation (dark_zone),
CaseKI67_0075.ndpi,Annotation (dark_zone),0.1134
CaseKI67_0075.ndpi,Annotation (dark_zone),
CaseKI67_0075.ndpi,Annotation (dark_zone),1.9818
CaseKI67_0075.ndpi,Annotation (dark_zone),1.0239
CaseKI67_0075.ndpi,Annotation (dark_zone),1.6344
CaseKI67_0075.ndpi,Annotation (dark_zone),1.8873
CaseKI67_0075.ndpi,Annotation (dark_zone),2.2799
CaseKI67_0075.ndpi,Annotation (dark_zone),1.4013
CaseKI67_0075.ndpi,Annotation (dark_zone),1.7625
CaseKI67_0075.ndpi,Annotation (dark_zone),1.8552
CaseKI67_0075.ndpi,Annotation (dark_zone),2.1226
CaseKI67_0075.ndpi,Annotation (dark_zone),2.0558
CaseKI67_0075.ndpi,Annotation (dark_zone),1.8859
CaseKI67_0075.ndpi,Annotation (dark_zone),1.8175
CaseKI67_0075.ndpi,Annotation (dark_zone),0.1264
CaseKI67_0075.ndpi,Annotation (dark_zone),1.7731
CaseKI67_0075.ndpi,Annotation (dark_zone),1.6644
CaseKI67_0075.ndpi,Annotation (dark_zone),2.0317
CaseKI67_0075.ndpi,Annotation (dark_zone),1.8569
CaseKI67_0075.ndpi,Annotation (dark_zone),1.2642
CaseKI67_0075.ndpi,Annotation (dark_zone),1.8846
CaseKI67_0075.ndpi,Annotation (dark_zone),1.9542
CaseKI67_0075.ndpi,Annotation (dark_zone),1.7619
CaseKI67_0075.ndpi,Annotation (dark_zone),1.6436
CaseKI67_0075.ndpi,Annotation (dark_zone),1.5232
CaseKI67_0075.ndpi,Annotation (dark_zone),1.684
CaseKI67_0075.ndpi,Annotation (dark_zone),1.4839
CaseKI67_0075.ndpi,Annotation (dark_zone),1.7946
CaseKI67_0075.ndpi,Annotation (dark_zone),1.695
CaseKI67_0075.ndpi,Annotation (dark_zone),0.1448
CaseKI67_0075.ndpi,Annotation (dark_zone),1.9884
CaseKI67_0075.ndpi,Annotation (dark_zone),1.7435
CaseKI67_0075.ndpi,Annotation (dark_zone),0.129
CaseKI67_0075.ndpi,Annotation (dark_zone),1.7672
CaseKI67_0075.ndpi,Annotation (dark_zone),2.0804
CaseKI67_0075.ndpi,Annotation (dark_zone),1.7585
CaseKI67_0075.ndpi,Annotation (dark_zone),1.3655
CaseKI67_0075.ndpi,Annotation (dark_zone),1.7963
CaseKI67_0075.ndpi,Annotation (dark_zone),1.6792
CaseKI67_0075.ndpi,Annotation (dark_zone),1.8595
CaseKI67_0075.ndpi,Annotation (dark_zone),1.7108
CaseKI67_0075.ndpi,Annotation (dark_zone),1.3292
CaseKI67_0075.ndpi,Annotation (dark_zone),1.7345
CaseKI67_0075.ndpi,Annotation (dark_zone),1.7582
CaseKI67_0075.ndpi,Annotation (dark_zone),1.5032
CaseKI67_0075.ndpi,Annotation (dark_zone),1.8404
CaseKI67_0075.ndpi,Annotation (dark_zone),0.4013
CaseKI67_0075.ndpi,Annotation (dark_zone),0.9797
CaseKI67_0075.ndpi,Annotation (dark_zone),1.7286
CaseKI67_0075.ndpi,Annotation (dark_zone),1.5721
CaseKI67_0075.ndpi,Annotation (dark_zone),1.8794
CaseKI67_0075.ndpi,Annotation (dark_zone),1.644
CaseKI67_0075.ndpi,Annotation (dark_zone),1.7408
CaseKI67_0075.ndpi,Annotation (dark_zone),0.2123
CaseKI67_0075.ndpi,Annotation (dark_zone),1.5206
CaseKI67_0075.ndpi,Annotation (dark_zone),1.552
CaseKI67_0075.ndpi,Annotation (dark_zone),1.736
CaseKI67_0075.ndpi,Annotation (dark_zone),1.5597
CaseKI67_0075.ndpi,Annotation (dark_zone),1.4743
CaseKI67_0075.ndpi,Annotation (dark_zone),2.0085
CaseKI67_0075.ndpi,Annotation (dark_zone),1.6398
CaseKI67_0075.ndpi,Annotation (dark_zone),1.706
CaseKI67_0075.ndpi,Annotation (dark_zone),1.5326
CaseKI67_0075.ndpi,Annotation (dark_zone),1.2906
CaseKI67_0075.ndpi,Annotation (dark_zone),1.7223
CaseKI67_0075.ndpi,Annotation (dark_zone),1.5249
CaseKI67_0075.ndpi,Annotation (dark_zone),1.9721
CaseKI67_0075.ndpi,Annotation (dark_zone),1.1767
CaseKI67_0075.ndpi,Annotation (dark_zone),1.6611
CaseKI67_0075.ndpi,Annotation (dark_zone),0.2176
CaseKI67_0075.ndpi,Annotation (dark_zone),0.1515
CaseKI67_0075.ndpi,Annotation (dark_zone),1.7316
CaseKI67_0075.ndpi,Annotation (dark_zone),1.7
CaseKI67_0075.ndpi,Annotation (dark_zone),1.7123
CaseKI67_0075.ndpi,Annotation (dark_zone),1.5995
CaseKI67_0075.ndpi,Annotation (dark_zone),1.844
CaseKI67_0075.ndpi,Annotation (dark_zone),1.6988
CaseKI67_0075.ndpi,Annotation (dark_zone),1.7866
CaseKI67_0075.ndpi,Annotation (dark_zone),1.5489
CaseKI67_0075.ndpi,Annotation (dark_zone),1.834
CaseKI67_0075.ndpi,Annotation (dark_zone),1.2884
CaseKI67_0075.ndpi,Annotation (dark_zone),1.4674
CaseKI67_0075.ndpi,Annotation (dark_zone),1.7797
CaseKI67_0075.ndpi,Annotation (dark_zone),1.8032
CaseKI67_0075.ndpi,Annotation (dark_zone),2.0221
CaseKI67_0075.ndpi,Annotation (dark_zone),1.3568
CaseKI67_0075.ndpi,Annotation (dark_zone),1.7826
CaseKI67_0075.ndpi,Annotation (dark_zone),1.8805
CaseKI67_0075.ndpi,Annotation (dark_zone),1.4994
CaseKI67_0075.ndpi,Annotation (dark_zone),1.8266
CaseKI67_0075.ndpi,Annotation (dark_zone),1.4704
CaseKI67_0075.ndpi,Annotation (dark_zone),1.8501
CaseKI67_0075.ndpi,Annotation (dark_zone),1.4384
CaseKI67_0075.ndpi,Annotation (dark_zone),1.394
CaseKI67_0075.ndpi,Annotation (dark_zone),1.2129
CaseKI67_0075.ndpi,Annotation (dark_zone),1.8863
CaseKI67_0075.ndpi,Annotation (dark_zone),1.6023
CaseKI67_0075.ndpi,Annotation (dark_zone),0.5388
CaseKI67_0075.ndpi,Annotation (dark_zone),1.5911
CaseKI67_0075.ndpi,Annotation (dark_zone),1.4141
CaseKI67_0075.ndpi,Annotation (dark_zone),1.3542
CaseKI67_0075.ndpi,Annotation (dark_zone),1.5636
CaseKI67_0075.ndpi,Annotation (dark_zone),0.1489
CaseKI67_0075.ndpi,Annotation (dark_zone),1.7923
CaseKI67_0075.ndpi,Annotation (dark_zone),1.2798
CaseKI67_0075.ndpi,Annotation (dark_zone),1.7178
CaseKI67_0075.ndpi,Annotation (dark_zone),1.5916
CaseKI67_0075.ndpi,Annotation (dark_zone),1.6793
CaseKI67_0075.ndpi,Annotation (dark_zone),0.0876
CaseKI67_0075.ndpi,Annotation (dark_zone),1.7086
CaseKI67_0075.ndpi,Annotation (dark_zone),0.1125
CaseKI67_0075.ndpi,Annotation (dark_zone),1.5478
CaseKI67_0075.ndpi,Annotation (dark_zone),1.7446
CaseKI67_0075.ndpi,Annotation (dark_zone),0.1477
CaseKI67_0075.ndpi,Annotation (dark_zone),1.6063
CaseKI67_0075.ndpi,Annotation (dark_zone),1.9485
CaseKI67_0075.ndpi,Annotation (dark_zone),0.2734
CaseKI67_0075.ndpi,Annotation (dark_zone),1.7206
CaseKI67_0075.ndpi,Annotation (dark_zone),1.3276
CaseKI67_0075.ndpi,Annotation (dark_zone),1.4133
CaseKI67_0075.ndpi,Annotation (dark_zone),1.6643
CaseKI67_0075.ndpi,Annotation (dark_zone),1.4347
CaseKI67_0075.ndpi,Annotation (dark_zone),1.5119
CaseKI67_0075.ndpi,Annotation (dark_zone),0.3428
CaseKI67_0075.ndpi,Annotation (dark_zone),1.6073
CaseKI67_0075.ndpi,Annotation (dark_zone),1.5796
CaseKI67_0075.ndpi,Annotation (dark_zone),1.671
CaseKI67_0075.ndpi,Annotation (dark_zone),1.7954
CaseKI67_0075.ndpi,Annotation (dark_zone),1.7046
CaseKI67_0075.ndpi,Annotation (dark_zone),1.2731
CaseKI67_0075.ndpi,Annotation (dark_zone),1.5681
CaseKI67_0075.ndpi,Annotation (dark_zone),1.2438
CaseKI67_0075.ndpi,Annotation (dark_zone),1.6251
CaseKI67_0075.ndpi,Annotation (dark_zone),1.5104
CaseKI67_0075.ndpi,Annotation (dark_zone),1.9025
CaseKI67_0075.ndpi,Annotation (dark_zone),1.607
CaseKI67_0075.ndpi,Annotation (dark_zone),1.4962
CaseKI67_0075.ndpi,Annotation (dark_zone),0.8433
CaseKI67_0075.ndpi,Annotation (dark_zone),1.3978
CaseKI67_0075.ndpi,Annotation (dark_zone),1.5128
CaseKI67_0075.ndpi,Annotation (dark_zone),1.5509
CaseKI67_0075.ndpi,Annotation (dark_zone),1.152
CaseKI67_0075.ndpi,Annotation (dark_zone),1.4074
CaseKI67_0075.ndpi,Annotation (dark_zone),1.6903
CaseKI67_0075.ndpi,Annotation (dark_zone),1.5719
CaseKI67_0075.ndpi,Annotation (dark_zone),1.2535
CaseKI67_0075.ndpi,Annotation (dark_zone),1.7363
CaseKI67_0075.ndpi,Annotation (dark_zone),1.4572
CaseKI67_0075.ndpi,Annotation (dark_zone),1.6432
CaseKI67_0075.ndpi,Annotation (dark_zone),1.6795
CaseKI67_0075.ndpi,Annotation (dark_zone),1.6178
CaseKI67_0075.ndpi,Annotation (dark_zone),1.8128
CaseKI67_0075.ndpi,Annotation (dark_zone),1.4763
CaseKI67_0075.ndpi,Annotation (dark_zone),1.6613
CaseKI67_0075.ndpi,Annotation (dark_zone),1.634
CaseKI67_0075.ndpi,Annotation (dark_zone),1.7085
CaseKI67_0075.ndpi,Annotation (dark_zone),1.511
CaseKI67_0075.ndpi,Annotation (dark_zone),1.662
CaseKI67_0075.ndpi,Annotation (dark_zone),1.5776
CaseKI67_0075.ndpi,Annotation (dark_zone),1.2705
CaseKI67_0075.ndpi,Annotation (dark_zone),1.5535
CaseKI67_0075.ndpi,Annotation (dark_zone),1.7042
CaseKI67_0075.ndpi,Annotation (dark_zone),1.264
CaseKI67_0075.ndpi,Annotation (dark_zone),1.3607
CaseKI67_0075.ndpi,Annotation (dark_zone),1.7492
CaseKI67_0075.ndpi,Annotation (dark_zone),1.6349
CaseKI67_0075.ndpi,Annotation (dark_zone),1.6338
CaseKI67_0075.ndpi,Annotation (dark_zone),1.5772
CaseKI67_0075.ndpi,Annotation (dark_zone),0.1794
CaseKI67_0075.ndpi,Annotation (dark_zone),1.4798
CaseKI67_0075.ndpi,Annotation (dark_zone),1.3492
CaseKI67_0075.ndpi,Annotation (dark_zone),1.6202
CaseKI67_0075.ndpi,Annotation (dark_zone),1.2952
CaseKI67_0075.ndpi,Annotation (dark_zone),1.63
CaseKI67_0075.ndpi,Annotation (dark_zone),1.1827
CaseKI67_0075.ndpi,Annotation (dark_zone),1.1514
CaseKI67_0075.ndpi,Annotation (dark_zone),1.514
CaseKI67_0075.ndpi,Annotation (dark_zone),1.6605
CaseKI67_0075.ndpi,Annotation (dark_zone),1.4063
CaseKI67_0075.ndpi,Annotation (dark_zone),1.5778
CaseKI67_0075.ndpi,Annotation (dark_zone),1.4615
CaseKI67_0075.ndpi,Annotation (dark_zone),1.3868
CaseKI67_0075.ndpi,Annotation (dark_zone),1.6769
CaseKI67_0075.ndpi,Annotation (dark_zone),1.4734
CaseKI67_0075.ndpi,Annotation (dark_zone),1.6173
CaseKI67_0075.ndpi,Annotation (dark_zone),2.0841
CaseKI67_0075.ndpi,Annotation (dark_zone),1.4349
CaseKI67_0075.ndpi,Annotation (dark_zone),1.3006
CaseKI67_0075.ndpi,Annotation (dark_zone),0.8586
CaseKI67_0075.ndpi,Annotation (dark_zone),1.5155
CaseKI67_0075.ndpi,Annotation (dark_zone),1.6152
CaseKI67_0075.ndpi,Annotation (dark_zone),1.6035
CaseKI67_0075.ndpi,Annotation (dark_zone),1.3765
CaseKI67_0075.ndpi,Annotation (dark_zone),1.7816
CaseKI67_0075.ndpi,Annotation (dark_zone),0.0971
CaseKI67_0075.ndpi,Annotation (dark_zone),1.2258
CaseKI67_0075.ndpi,Annotation (dark_zone),1.9764
CaseKI67_0075.ndpi,Annotation (dark_zone),1.6577
CaseKI67_0075.ndpi,Annotation (dark_zone),1.2239
CaseKI67_0075.ndpi,Annotation (dark_zone),1.6029
CaseKI67_0075.ndpi,Annotation (dark_zone),1.4795
CaseKI67_0075.ndpi,Annotation (dark_zone),1.4753
CaseKI67_0075.ndpi,Annotation (dark_zone),0.6243
CaseKI67_0075.ndpi,Annotation (dark_zone),1.5887
CaseKI67_0075.ndpi,Annotation (dark_zone),1.5228
CaseKI67_0075.ndpi,Annotation (dark_zone),1.3073
CaseKI67_0075.ndpi,Annotation (dark_zone),1.4939
CaseKI67_0075.ndpi,Annotation (dark_zone),1.5877
CaseKI67_0075.ndpi,Annotation (dark_zone),1.6784
CaseKI67_0075.ndpi,Annotation (dark_zone),1.5829
CaseKI67_0075.ndpi,Annotation (dark_zone),1.6399
CaseKI67_0075.ndpi,Annotation (dark_zone),1.6391
CaseKI67_0075.ndpi,Annotation (dark_zone),1.3313
CaseKI67_0075.ndpi,Annotation (dark_zone),1.4189
CaseKI67_0075.ndpi,Annotation (dark_zone),1.4352
CaseKI67_0075.ndpi,Annotation (dark_zone),1.8282
CaseKI67_0075.ndpi,Annotation (dark_zone),1.0129
CaseKI67_0075.ndpi,Annotation (dark_zone),1.3289
CaseKI67_0075.ndpi,Annotation (dark_zone),1.4083
CaseKI67_0075.ndpi,Annotation (dark_zone),1.5858
CaseKI67_0075.ndpi,Annotation (dark_zone),1.3608
CaseKI67_0075.ndpi,Annotation (dark_zone),1.5277
CaseKI67_0075.ndpi,Annotation (dark_zone),0.8105
CaseKI67_0075.ndpi,Annotation (dark_zone),1.4459
CaseKI67_0075.ndpi,Annotation (dark_zone),1.6453
CaseKI67_0075.ndpi,Annotation (dark_zone),1.4077
CaseKI67_0075.ndpi,Annotation (dark_zone),1.7658
CaseKI67_0075.ndpi,Annotation (dark_zone),1.2635
CaseKI67_0075.ndpi,Annotation (dark_zone),1.358
CaseKI67_0075.ndpi,Annotation (dark_zone),1.5619
CaseKI67_0075.ndpi,Annotation (dark_zone),1.8264
CaseKI67_0075.ndpi,Annotation (dark_zone),0.186
CaseKI67_0075.ndpi,Annotation (dark_zone),1.0286
CaseKI67_0075.ndpi,Annotation (dark_zone),1.0064
CaseKI67_0075.ndpi,Annotation (dark_zone),0.1765
CaseKI67_0075.ndpi,Annotation (dark_zone),1.1241
CaseKI67_0075.ndpi,Annotation (dark_zone),1.6485
CaseKI67_0075.ndpi,Annotation (dark_zone),1.3895
CaseKI67_0075.ndpi,Annotation (dark_zone),1.4881
CaseKI67_0075.ndpi,Annotation (dark_zone),0.2033
CaseKI67_0075.ndpi,Annotation (dark_zone),1.5805
CaseKI67_0075.ndpi,Annotation (dark_zone),1.5683
CaseKI67_0075.ndpi,Annotation (dark_zone),0.5833
CaseKI67_0075.ndpi,Annotation (dark_zone),0.8317
CaseKI67_0075.ndpi,Annotation (dark_zone),1.7897
CaseKI67_0075.ndpi,Annotation (dark_zone),1.5625
CaseKI67_0075.ndpi,Annotation (dark_zone),1.6293
CaseKI67_0075.ndpi,Annotation (dark_zone),1.2835
CaseKI67_0075.ndpi,Annotation (dark_zone),1.5307
CaseKI67_0075.ndpi,Annotation (dark_zone),1.401
CaseKI67_0075.ndpi,Annotation (dark_zone),1.8554
CaseKI67_0075.ndpi,Annotation (dark_zone),1.4311
CaseKI67_0075.ndpi,Annotation (dark_zone),1.514
CaseKI67_0075.ndpi,Annotation (dark_zone),1.495
CaseKI67_0075.ndpi,Annotation (dark_zone),1.358
CaseKI67_0075.ndpi,Annotation (dark_zone),1.4963
CaseKI67_0075.ndpi,Annotation (dark_zone),1.4416
CaseKI67_0075.ndpi,Annotation (dark_zone),1.577
CaseKI67_0075.ndpi,Annotation (dark_zone),0.2163
CaseKI67_0075.ndpi,Annotation (dark_zone),1.7518
CaseKI67_0075.ndpi,Annotation (dark_zone),1.5461
CaseKI67_0075.ndpi,Annotation (dark_zone),1.2109
CaseKI67_0075.ndpi,Annotation (dark_zone),1.3552
CaseKI67_0075.ndpi,Annotation (dark_zone),1.3086
CaseKI67_0075.ndpi,Annotation (dark_zone),1.7084
CaseKI67_0075.ndpi,Annotation (dark_zone),1.5828
CaseKI67_0075.ndpi,Annotation (dark_zone),0.5307
CaseKI67_0075.ndpi,Annotation (dark_zone),1.2363
CaseKI67_0075.ndpi,Annotation (dark_zone),2.0237
CaseKI67_0075.ndpi,Annotation (dark_zone),1.6024
CaseKI67_0075.ndpi,Annotation (dark_zone),1.3615
CaseKI67_0075.ndpi,Annotation (dark_zone),1.5275
CaseKI67_0075.ndpi,Annotation (dark_zone),0.4102
CaseKI67_0075.ndpi,Annotation (dark_zone),1.5421
CaseKI67_0075.ndpi,Annotation (dark_zone),1.5515
CaseKI67_0075.ndpi,Annotation (dark_zone),1.8576
CaseKI67_0075.ndpi,Annotation (dark_zone),1.6466
CaseKI67_0075.ndpi,Annotation (dark_zone),1.971
CaseKI67_0075.ndpi,Annotation (dark_zone),0.9445
CaseKI67_0075.ndpi,Annotation (dark_zone),1.6551
CaseKI67_0075.ndpi,Annotation (dark_zone),0.1012
CaseKI67_0075.ndpi,Annotation (dark_zone),1.457
CaseKI67_0075.ndpi,Annotation (dark_zone),1.4312
CaseKI67_0075.ndpi,Annotation (dark_zone),1.6209
CaseKI67_0075.ndpi,Annotation (dark_zone),1.3601
CaseKI67_0075.ndpi,Annotation (dark_zone),0.2114
CaseKI67_0075.ndpi,Annotation (dark_zone),1.3812
CaseKI67_0075.ndpi,Annotation (dark_zone),1.6731
CaseKI67_0075.ndpi,Annotation (dark_zone),1.2922
CaseKI67_0075.ndpi,Annotation (dark_zone),1.5753
CaseKI67_0075.ndpi,Annotation (dark_zone),1.6743
CaseKI67_0075.ndpi,Annotation (dark_zone),0.1903
CaseKI67_0075.ndpi,Annotation (dark_zone),1.2478
CaseKI67_0075.ndpi,Annotation (dark_zone),0.5707
CaseKI67_0075.ndpi,Annotation (dark_zone),1.6688
CaseKI67_0075.ndpi,Annotation (dark_zone),1.5875
CaseKI67_0075.ndpi,Annotation (dark_zone),0.453
CaseKI67_0075.ndpi,Annotation (dark_zone),1.7959
CaseKI67_0075.ndpi,Annotation (dark_zone),1.818
CaseKI67_0075.ndpi,Annotation (dark_zone),1.7691
CaseKI67_0075.ndpi,Annotation (dark_zone),1.4033
CaseKI67_0075.ndpi,Annotation (dark_zone),1.2142
CaseKI67_0075.ndpi,Annotation (dark_zone),1.3809
CaseKI67_0075.ndpi,Annotation (dark_zone),1.5481
CaseKI67_0075.ndpi,Annotation (dark_zone),1.305
CaseKI67_0075.ndpi,Annotation (dark_zone),1.3577
CaseKI67_0075.ndpi,Annotation (dark_zone),1.4497
CaseKI67_0075.ndpi,Annotation (dark_zone),0.862
CaseKI67_0075.ndpi,Annotation (dark_zone),1.6704
CaseKI67_0075.ndpi,Annotation (dark_zone),1.0775
CaseKI67_0075.ndpi,Annotation (dark_zone),1.2905
CaseKI67_0075.ndpi,Annotation (dark_zone),1.284
CaseKI67_0075.ndpi,Annotation (dark_zone),1.5603
CaseKI67_0075.ndpi,Annotation (dark_zone),1.5742
CaseKI67_0075.ndpi,Annotation (dark_zone),1.6071
CaseKI67_0075.ndpi,Annotation (dark_zone),1.7847
CaseKI67_0075.ndpi,Annotation (dark_zone),1.0657
CaseKI67_0075.ndpi,Annotation (dark_zone),1.1061
CaseKI67_0075.ndpi,Annotation (dark_zone),0.2997
CaseKI67_0075.ndpi,Annotation (dark_zone),1.5018
CaseKI67_0075.ndpi,Annotation (dark_zone),1.3512
CaseKI67_0075.ndpi,Annotation (dark_zone),1.4041
CaseKI67_0075.ndpi,Annotation (dark_zone),1.6888
CaseKI67_0075.ndpi,Annotation (dark_zone),1.7976
CaseKI67_0075.ndpi,Annotation (dark_zone),0.1208
CaseKI67_0075.ndpi,Annotation (dark_zone),1.3831
CaseKI67_0075.ndpi,Annotation (dark_zone),0.1232
CaseKI67_0075.ndpi,Annotation (dark_zone),1.8035
CaseKI67_0075.ndpi,Annotation (dark_zone),0.1531
CaseKI67_0075.ndpi,Annotation (dark_zone),1.4562
CaseKI67_0075.ndpi,Annotation (dark_zone),0.1337
CaseKI67_0075.ndpi,Annotation (dark_zone),1.3735
CaseKI67_0075.ndpi,Annotation (dark_zone),0.1578
CaseKI67_0075.ndpi,Annotation (dark_zone),1.5184
CaseKI67_0075.ndpi,Annotation (dark_zone),0.463
CaseKI67_0075.ndpi,Annotation (dark_zone),1.4599
CaseKI67_0075.ndpi,Annotation (dark_zone),1.2366
CaseKI67_0075.ndpi,Annotation (dark_zone),0.1169
CaseKI67_0075.ndpi,Annotation (dark_zone),1.564
CaseKI67_0075.ndpi,Annotation (dark_zone),1.6641
CaseKI67_0075.ndpi,Annotation (dark_zone),1.3474
CaseKI67_0075.ndpi,Annotation (dark_zone),1.6802
CaseKI67_0075.ndpi,Annotation (dark_zone),0.1076
CaseKI67_0075.ndpi,Annotation (dark_zone),1.1317
CaseKI67_0075.ndpi,Annotation (dark_zone),1.5344
CaseKI67_0075.ndpi,Annotation (dark_zone),1.3789
CaseKI67_0075.ndpi,Annotation (dark_zone),1.7356
CaseKI67_0075.ndpi,Annotation (dark_zone),1.1652
CaseKI67_0075.ndpi,Annotation (dark_zone),1.2805
CaseKI67_0075.ndpi,Annotation (dark_zone),1.1618
CaseKI67_0075.ndpi,Annotation (dark_zone),1.5896
CaseKI67_0075.ndpi,Annotation (dark_zone),1.723
CaseKI67_0075.ndpi,Annotation (dark_zone),0.6919
CaseKI67_0075.ndpi,Annotation (dark_zone),1.6952
CaseKI67_0075.ndpi,Annotation (dark_zone),1.6151
CaseKI67_0075.ndpi,Annotation (dark_zone),1.6607
CaseKI67_0075.ndpi,Annotation (dark_zone),1.6651
CaseKI67_0075.ndpi,Annotation (dark_zone),1.5397
CaseKI67_0075.ndpi,Annotation (dark_zone),0.1312
CaseKI67_0075.ndpi,Annotation (dark_zone),1.6013
CaseKI67_0075.ndpi,Annotation (dark_zone),1.5847
CaseKI67_0075.ndpi,Annotation (dark_zone),1.6882
CaseKI67_0075.ndpi,Annotation (dark_zone),0.4944
CaseKI67_0075.ndpi,Annotation (dark_zone),1.6786
CaseKI67_0075.ndpi,Annotation (dark_zone),0.684
CaseKI67_0075.ndpi,Annotation (dark_zone),1.429
CaseKI67_0075.ndpi,Annotation (dark_zone),1.3278
CaseKI67_0075.ndpi,Annotation (dark_zone),1.6525
CaseKI67_0075.ndpi,Annotation (dark_zone),1.5145
CaseKI67_0075.ndpi,Annotation (dark_zone),1.2337
CaseKI67_0075.ndpi,Annotation (dark_zone),1.377
CaseKI67_0075.ndpi,Annotation (dark_zone),1.0004
CaseKI67_0075.ndpi,Annotation (dark_zone),1.6057
CaseKI67_0075.ndpi,Annotation (dark_zone),1.3968
CaseKI67_0075.ndpi,Annotation (dark_zone),1.397
CaseKI67_0075.ndpi,Annotation (dark_zone),1.4252
CaseKI67_0075.ndpi,Annotation (dark_zone),1.5276
CaseKI67_0075.ndpi,Annotation (dark_zone),1.4954
CaseKI67_0075.ndpi,Annotation (dark_zone),1.4048
CaseKI67_0075.ndpi,Annotation (dark_zone),1.01
CaseKI67_0075.ndpi,Annotation (dark_zone),1.623
CaseKI67_0075.ndpi,Annotation (dark_zone),1.0867
CaseKI67_0075.ndpi,Annotation (dark_zone),1.2989
CaseKI67_0075.ndpi,Annotation (dark_zone),1.602
CaseKI67_0075.ndpi,Annotation (dark_zone),1.8329
CaseKI67_0075.ndpi,Annotation (dark_zone),1.5142
CaseKI67_0075.ndpi,Annotation (dark_zone),1.7557
CaseKI67_0075.ndpi,Annotation (dark_zone),0.14
CaseKI67_0075.ndpi,Annotation (dark_zone),1.4666
CaseKI67_0075.ndpi,Annotation (dark_zone),1.6248
CaseKI67_0075.ndpi,Annotation (dark_zone),0.1478
CaseKI67_0075.ndpi,Annotation (dark_zone),1.2341
CaseKI67_0075.ndpi,Annotation (dark_zone),1.243
CaseKI67_0075.ndpi,Annotation (dark_zone),1.484
CaseKI67_0075.ndpi,Annotation (dark_zone),1.5443
CaseKI67_0075.ndpi,Annotation (dark_zone),1.5946
CaseKI67_0075.ndpi,Annotation (dark_zone),1.5356
CaseKI67_0075.ndpi,Annotation (dark_zone),0.5121
CaseKI67_0075.ndpi,Annotation (dark_zone),1.5587
CaseKI67_0075.ndpi,Annotation (dark_zone),1.6758
CaseKI67_0075.ndpi,Annotation (dark_zone),1.5154
CaseKI67_0075.ndpi,Annotation (dark_zone),1.412
CaseKI67_0075.ndpi,Annotation (dark_zone),1.7097
CaseKI67_0075.ndpi,Annotation (dark_zone),0.1604
CaseKI67_0075.ndpi,Annotation (dark_zone),1.2089
CaseKI67_0075.ndpi,Annotation (dark_zone),1.2633
CaseKI67_0075.ndpi,Annotation (dark_zone),1.7665
CaseKI67_0075.ndpi,Annotation (dark_zone),0.0853
CaseKI67_0075.ndpi,Annotation (dark_zone),1.5304
CaseKI67_0075.ndpi,Annotation (dark_zone),1.4074
CaseKI67_0075.ndpi,Annotation (dark_zone),1.4396
CaseKI67_0075.ndpi,Annotation (dark_zone),1.7281
CaseKI67_0075.ndpi,Annotation (dark_zone),1.4373
CaseKI67_0075.ndpi,Annotation (dark_zone),1.2979
CaseKI67_0075.ndpi,Annotation (dark_zone),1.6617
CaseKI67_0075.ndpi,Annotation (dark_zone),1.8462
CaseKI67_0075.ndpi,Annotation (dark_zone),1.3388
CaseKI67_0075.ndpi,Annotation (dark_zone),2.0704
CaseKI67_0075.ndpi,Annotation (dark_zone),1.7185
CaseKI67_0075.ndpi,Annotation (dark_zone),1.2089
CaseKI67_0075.ndpi,Annotation (dark_zone),1.8599
CaseKI67_0075.ndpi,Annotation (dark_zone),1.5879
CaseKI67_0075.ndpi,Annotation (dark_zone),1.6253
CaseKI67_0075.ndpi,Annotation (dark_zone),1.2601
CaseKI67_0075.ndpi,Annotation (dark_zone),2.0186
CaseKI67_0075.ndpi,Annotation (dark_zone),1.5589
CaseKI67_0075.ndpi,Annotation (dark_zone),1.3739
CaseKI67_0075.ndpi,Annotation (dark_zone),1.4583
CaseKI67_0075.ndpi,Annotation (dark_zone),1.3073
CaseKI67_0075.ndpi,Annotation (dark_zone),1.5836
CaseKI67_0075.ndpi,Annotation (dark_zone),1.3878
CaseKI67_0075.ndpi,Annotation (dark_zone),1.3
CaseKI67_0075.ndpi,Annotation (dark_zone),1.5124
CaseKI67_0075.ndpi,Annotation (dark_zone),1.1485
CaseKI67_0075.ndpi,Annotation (dark_zone),1.5532
CaseKI67_0075.ndpi,Annotation (dark_zone),1.5237
CaseKI67_0075.ndpi,Annotation (dark_zone),1.3943
CaseKI67_0075.ndpi,Annotation (dark_zone),0.4534
CaseKI67_0075.ndpi,Annotation (dark_zone),1.9954
CaseKI67_0075.ndpi,Annotation (dark_zone),1.0719
CaseKI67_0075.ndpi,Annotation (dark_zone),1.7731
CaseKI67_0075.ndpi,Annotation (dark_zone),1.32
CaseKI67_0075.ndpi,Annotation (dark_zone),1.3547
CaseKI67_0075.ndpi,Annotation (dark_zone),1.2546
CaseKI67_0075.ndpi,Annotation (dark_zone),1.4258
CaseKI67_0075.ndpi,Annotation (dark_zone),1.6763
CaseKI67_0075.ndpi,Annotation (dark_zone),1.3628
CaseKI67_0075.ndpi,Annotation (dark_zone),1.5529
CaseKI67_0075.ndpi,Annotation (dark_zone),0.9572
CaseKI67_0075.ndpi,Annotation (dark_zone),1.4926
CaseKI67_0075.ndpi,Annotation (dark_zone),0.1298
CaseKI67_0075.ndpi,Annotation (dark_zone),1.5279
CaseKI67_0075.ndpi,Annotation (dark_zone),
CaseKI67_0075.ndpi,Annotation (dark_zone),1.5133
CaseKI67_0075.ndpi,Annotation (dark_zone),1.7969
CaseKI67_0075.ndpi,Annotation (dark_zone),1.5518
CaseKI67_0075.ndpi,Annotation (dark_zone),0.6499
CaseKI67_0075.ndpi,Annotation (dark_zone),1.8811
CaseKI67_0075.ndpi,Annotation (dark_zone),1.5459
CaseKI67_0075.ndpi,Annotation (dark_zone),1.4687
CaseKI67_0075.ndpi,Annotation (dark_zone),1.6593
CaseKI67_0075.ndpi,Annotation (dark_zone),1.2163
CaseKI67_0075.ndpi,Annotation (dark_zone),1.9356
CaseKI67_0075.ndpi,Annotation (dark_zone),1.6229
CaseKI67_0075.ndpi,Annotation (dark_zone),0.1319
CaseKI67_0075.ndpi,Annotation (dark_zone),0.0923
CaseKI67_0075.ndpi,Annotation (dark_zone),1.3308
CaseKI67_0075.ndpi,Annotation (dark_zone),1.8025
CaseKI67_0075.ndpi,Annotation (dark_zone),1.808
CaseKI67_0075.ndpi,Annotation (dark_zone),1.5524
CaseKI67_0075.ndpi,Annotation (dark_zone),2.0267
CaseKI67_0075.ndpi,Annotation (dark_zone),1.6711
CaseKI67_0075.ndpi,Annotation (dark_zone),2.2028
CaseKI67_0075.ndpi,Annotation (dark_zone),1.8903
CaseKI67_0075.ndpi,Annotation (dark_zone),1.4332
CaseKI67_0075.ndpi,Annotation (dark_zone),1.8319
CaseKI67_0075.ndpi,Annotation (dark_zone),0.1279
CaseKI67_0075.ndpi,Annotation (dark_zone),1.4702
CaseKI67_0075.ndpi,Annotation (dark_zone),1.793
CaseKI67_0075.ndpi,Annotation (dark_zone),2.1457
CaseKI67_0075.ndpi,Annotation (dark_zone),1.6766
CaseKI67_0075.ndpi,Annotation (dark_zone),2.1669
CaseKI67_0075.ndpi,Annotation (dark_zone),1.3248
CaseKI67_0075.ndpi,Annotation (dark_zone),1.9177
CaseKI67_0075.ndpi,Annotation (dark_zone),1.6124
CaseKI67_0075.ndpi,Annotation (dark_zone),1.7045
CaseKI67_0075.ndpi,Annotation (dark_zone),1.7166
CaseKI67_0075.ndpi,Annotation (dark_zone),1.5109
CaseKI67_0075.ndpi,Annotation (dark_zone),1.0858
CaseKI67_0075.ndpi,Annotation (dark_zone),1.7992
CaseKI67_0075.ndpi,Annotation (dark_zone),1.6557
CaseKI67_0075.ndpi,Annotation (dark_zone),1.6328
CaseKI67_0075.ndpi,Annotation (dark_zone),1.5197
CaseKI67_0075.ndpi,Annotation (dark_zone),1.5016
CaseKI67_0075.ndpi,Annotation (dark_zone),1.582
CaseKI67_0075.ndpi,Annotation (dark_zone),1.9047
CaseKI67_0075.ndpi,Annotation (dark_zone),1.3654
CaseKI67_0075.ndpi,Annotation (dark_zone),1.6383
CaseKI67_0075.ndpi,Annotation (dark_zone),1.7197
CaseKI67_0075.ndpi,Annotation (dark_zone),1.5833
CaseKI67_0075.ndpi,Annotation (dark_zone),1.4985
CaseKI67_0075.ndpi,Annotation (dark_zone),1.7915
CaseKI67_0075.ndpi,Annotation (dark_zone),0.1328
CaseKI67_0075.ndpi,Annotation (dark_zone),1.697
CaseKI67_0075.ndpi,Annotation (dark_zone),1.5641
CaseKI67_0075.ndpi,Annotation (dark_zone),1.6954
CaseKI67_0075.ndpi,Annotation (dark_zone),1.685
CaseKI67_0075.ndpi,Annotation (dark_zone),1.6702
CaseKI67_0075.ndpi,Annotation (dark_zone),1.7736
CaseKI67_0075.ndpi,Annotation (dark_zone),1.0703
CaseKI67_0075.ndpi,Annotation (dark_zone),1.8656
CaseKI67_0075.ndpi,Annotation (dark_zone),1.7053
CaseKI67_0075.ndpi,Annotation (dark_zone),1.8592
CaseKI67_0075.ndpi,Annotation (dark_zone),1.5152
CaseKI67_0075.ndpi,Annotation (dark_zone),1.5616
CaseKI67_0075.ndpi,Annotation (dark_zone),1.5796
CaseKI67_0075.ndpi,Annotation (dark_zone),1.6959
CaseKI67_0075.ndpi,Annotation (dark_zone),1.2609
CaseKI67_0075.ndpi,Annotation (dark_zone),1.8313
CaseKI67_0075.ndpi,Annotation (dark_zone),1.7615
CaseKI67_0075.ndpi,Annotation (dark_zone),1.7145
CaseKI67_0075.ndpi,Annotation (dark_zone),1.5726
CaseKI67_0075.ndpi,Annotation (dark_zone),1.5351
CaseKI67_0075.ndpi,Annotation (dark_zone),1.8205
CaseKI67_0075.ndpi,Annotation (dark_zone),1.6387
CaseKI67_0075.ndpi,Annotation (dark_zone),1.9264
CaseKI67_0075.ndpi,Annotation (dark_zone),1.6353
CaseKI67_0075.ndpi,Annotation (dark_zone),1.4544
CaseKI67_0075.ndpi,Annotation (dark_zone),1.7591
CaseKI67_0075.ndpi,Annotation (dark_zone),1.5981
CaseKI67_0075.ndpi,Annotation (dark_zone),1.5832
CaseKI67_0075.ndpi,Annotation (dark_zone),1.7237
CaseKI67_0075.ndpi,Annotation (dark_zone),1.9928
CaseKI67_0075.ndpi,Annotation (dark_zone),1.4085
CaseKI67_0075.ndpi,Annotation (dark_zone),1.3956
CaseKI67_0075.ndpi,Annotation (dark_zone),1.8622
CaseKI67_0075.ndpi,Annotation (dark_zone),1.5291
CaseKI67_0075.ndpi,Annotation (dark_zone),1.8003
CaseKI67_0075.ndpi,Annotation (dark_zone),1.828
CaseKI67_0075.ndpi,Annotation (dark_zone),2.1588
CaseKI67_0075.ndpi,Annotation (dark_zone),1.3128
CaseKI67_0075.ndpi,Annotation (dark_zone),1.1869
CaseKI67_0075.ndpi,Annotation (dark_zone),1.5891
CaseKI67_0075.ndpi,Annotation (dark_zone),1.4722
CaseKI67_0075.ndpi,Annotation (dark_zone),2.2206
CaseKI67_0075.ndpi,Annotation (dark_zone),1.6968
CaseKI67_0075.ndpi,Annotation (dark_zone),1.9
CaseKI67_0075.ndpi,Annotation (dark_zone),1.6809
CaseKI67_0075.ndpi,Annotation (dark_zone),1.7854
CaseKI67_0075.ndpi,Annotation (dark_zone),1.8354
CaseKI67_0075.ndpi,Annotation (dark_zone),2.1512
CaseKI67_0075.ndpi,Annotation (dark_zone),1.6356
CaseKI67_0075.ndpi,Annotation (dark_zone),1.2074
CaseKI67_0075.ndpi,Annotation (dark_zone),1.8412
CaseKI67_0075.ndpi,Annotation (dark_zone),1.5975
CaseKI67_0075.ndpi,Annotation (dark_zone),1.8631
CaseKI67_0075.ndpi,Annotation (dark_zone),1.7063
CaseKI67_0075.ndpi,Annotation (dark_zone),1.6761
CaseKI67_0075.ndpi,Annotation (dark_zone),1.5028
CaseKI67_0075.ndpi,Annotation (dark_zone),1.6685
CaseKI67_0075.ndpi,Annotation (dark_zone),1.361
CaseKI67_0075.ndpi,Annotation (dark_zone),1.7249
CaseKI67_0075.ndpi,Annotation (dark_zone),1.9324
CaseKI67_0075.ndpi,Annotation (dark_zone),1.5948
CaseKI67_0075.ndpi,Annotation (dark_zone),1.5294
CaseKI67_0075.ndpi,Annotation (dark_zone),1.6608
CaseKI67_0075.ndpi,Annotation (dark_zone),1.759
CaseKI67_0075.ndpi,Annotation (dark_zone),0.3897
CaseKI67_0075.ndpi,Annotation (dark_zone),1.3473
CaseKI67_0075.ndpi,Annotation (dark_zone),1.7501
CaseKI67_0075.ndpi,Annotation (dark_zone),1.6834
CaseKI67_0075.ndpi,Annotation (dark_zone),1.6094
CaseKI67_0075.ndpi,Annotation (dark_zone),1.5862
CaseKI67_0075.ndpi,Annotation (dark_zone),1.6032
CaseKI67_0075.ndpi,Annotation (dark_zone),1.8677
CaseKI67_0075.ndpi,Annotation (dark_zone),1.2339
CaseKI67_0075.ndpi,Annotation (dark_zone),1.486
CaseKI67_0075.ndpi,Annotation (dark_zone),1.6488
CaseKI67_0075.ndpi,Annotation (dark_zone),1.7561
CaseKI67_0075.ndpi,Annotation (dark_zone),1.4851
CaseKI67_0075.ndpi,Annotation (dark_zone),0.7602
CaseKI67_0075.ndpi,Annotation (dark_zone),1.0301
CaseKI67_0075.ndpi,Annotation (dark_zone),1.2275
CaseKI67_0075.ndpi,Annotation (dark_zone),1.6156
CaseKI67_0075.ndpi,Annotation (dark_zone),0.227
CaseKI67_0075.ndpi,Annotation (dark_zone),1.5162
CaseKI67_0075.ndpi,Annotation (dark_zone),1.8414
CaseKI67_0075.ndpi,Annotation (dark_zone),1.7039
CaseKI67_0075.ndpi,Annotation (dark_zone),1.543
CaseKI67_0075.ndpi,Annotation (dark_zone),1.7388
CaseKI67_0075.ndpi,Annotation (dark_zone),1.4333
CaseKI67_0075.ndpi,Annotation (dark_zone),1.6838
CaseKI67_0075.ndpi,Annotation (dark_zone),1.6849
CaseKI67_0075.ndpi,Annotation (dark_zone),1.4644
CaseKI67_0075.ndpi,Annotation (dark_zone),1.4192
CaseKI67_0075.ndpi,Annotation (dark_zone),1.9642
CaseKI67_0075.ndpi,Annotation (dark_zone),1.4463
CaseKI67_0075.ndpi,Annotation (dark_zone),1.6433
CaseKI67_0075.ndpi,Annotation (dark_zone),1.5542
CaseKI67_0075.ndpi,Annotation (dark_zone),1.3567
CaseKI67_0075.ndpi,Annotation (dark_zone),1.7588
CaseKI67_0075.ndpi,Annotation (dark_zone),1.2608
CaseKI67_0075.ndpi,Annotation (dark_zone),1.7485
CaseKI67_0075.ndpi,Annotation (dark_zone),0.8817
CaseKI67_0075.ndpi,Annotation (dark_zone),1.6927
CaseKI67_0075.ndpi,Annotation (dark_zone),1.6239
CaseKI67_0075.ndpi,Annotation (dark_zone),1.1638
CaseKI67_0075.ndpi,Annotation (dark_zone),1.4297
CaseKI67_0075.ndpi,Annotation (dark_zone),1.8033
CaseKI67_0075.ndpi,Annotation (dark_zone),1.4943
CaseKI67_0075.ndpi,Annotation (dark_zone),1.9652
CaseKI67_0075.ndpi,Annotation (dark_zone),1.6567
CaseKI67_0075.ndpi,Annotation (dark_zone),1.8324
CaseKI67_0075.ndpi,Annotation (dark_zone),1.707
CaseKI67_0075.ndpi,Annotation (dark_zone),1.6435
CaseKI67_0075.ndpi,Annotation (dark_zone),1.338
CaseKI67_0075.ndpi,Annotation (dark_zone),1.312
CaseKI67_0075.ndpi,Annotation (dark_zone),1.4544
CaseKI67_0075.ndpi,Annotation (dark_zone),1.7698
CaseKI67_0075.ndpi,Annotation (dark_zone),1.0154
CaseKI67_0075.ndpi,Annotation (dark_zone),1.6765
CaseKI67_0075.ndpi,Annotation (dark_zone),1.4622
CaseKI67_0075.ndpi,Annotation (dark_zone),1.9683
CaseKI67_0075.ndpi,Annotation (dark_zone),1.9361
CaseKI67_0075.ndpi,Annotation (dark_zone),1.6662
CaseKI67_0075.ndpi,Annotation (dark_zone),1.6169
CaseKI67_0075.ndpi,Annotation (dark_zone),1.5667
CaseKI67_0075.ndpi,Annotation (dark_zone),1.4232
CaseKI67_0075.ndpi,Annotation (dark_zone),1.5273
CaseKI67_0075.ndpi,Annotation (dark_zone),0.9114
CaseKI67_0075.ndpi,Annotation (dark_zone),1.3781
CaseKI67_0075.ndpi,Annotation (dark_zone),1.6264
CaseKI67_0075.ndpi,Annotation (dark_zone),1.4278
CaseKI67_0075.ndpi,Annotation (dark_zone),1.3291
CaseKI67_0075.ndpi,Annotation (dark_zone),1.7296
CaseKI67_0075.ndpi,Annotation (dark_zone),1.4007
CaseKI67_0075.ndpi,Annotation (dark_zone),1.5544
CaseKI67_0075.ndpi,Annotation (dark_zone),1.2504
CaseKI67_0075.ndpi,Annotation (dark_zone),1.6573
CaseKI67_0075.ndpi,Annotation (dark_zone),1.6161
CaseKI67_0075.ndpi,Annotation (dark_zone),0.8122
CaseKI67_0075.ndpi,Annotation (dark_zone),1.5568
CaseKI67_0075.ndpi,Annotation (dark_zone),1.6249
CaseKI67_0075.ndpi,Annotation (dark_zone),1.5054
CaseKI67_0075.ndpi,Annotation (dark_zone),1.688
CaseKI67_0075.ndpi,Annotation (dark_zone),1.0869
CaseKI67_0075.ndpi,Annotation (dark_zone),1.21
CaseKI67_0075.ndpi,Annotation (dark_zone),1.7217
CaseKI67_0075.ndpi,Annotation (dark_zone),1.8501
CaseKI67_0075.ndpi,Annotation (dark_zone),1.6343
CaseKI67_0075.ndpi,Annotation (dark_zone),1.5964
CaseKI67_0075.ndpi,Annotation (dark_zone),1.5479
CaseKI67_0075.ndpi,Annotation (dark_zone),1.6873
CaseKI67_0075.ndpi,Annotation (dark_zone),1.682
CaseKI67_0075.ndpi,Annotation (dark_zone),1.4025
CaseKI67_0075.ndpi,Annotation (dark_zone),1.6496
CaseKI67_0075.ndpi,Annotation (dark_zone),1.5646
CaseKI67_0075.ndpi,Annotation (dark_zone),1.8002
CaseKI67_0075.ndpi,Annotation (dark_zone),1.8226
CaseKI67_0075.ndpi,Annotation (dark_zone),1.499
CaseKI67_0075.ndpi,Annotation (dark_zone),1.2869
CaseKI67_0075.ndpi,Annotation (dark_zone),1.6101
CaseKI67_0075.ndpi,Annotation (dark_zone),1.6199
CaseKI67_0075.ndpi,Annotation (dark_zone),1.7183
CaseKI67_0075.ndpi,Annotation (dark_zone),2.0298
CaseKI67_0075.ndpi,Annotation (dark_zone),1.8062
CaseKI67_0075.ndpi,Annotation (dark_zone),1.6345
CaseKI67_0075.ndpi,Annotation (dark_zone),1.3695
CaseKI67_0075.ndpi,Annotation (dark_zone),1.6531
CaseKI67_0075.ndpi,Annotation (dark_zone),1.2126
CaseKI67_0075.ndpi,Annotation (dark_zone),1.7884
CaseKI67_0075.ndpi,Annotation (dark_zone),1.2853
CaseKI67_0075.ndpi,Annotation (dark_zone),1.4573
CaseKI67_0075.ndpi,Annotation (dark_zone),1.6906
CaseKI67_0075.ndpi,Annotation (dark_zone),1.3978
CaseKI67_0075.ndpi,Annotation (dark_zone),1.6029
CaseKI67_0075.ndpi,Annotation (dark_zone),1.631
CaseKI67_0075.ndpi,Annotation (dark_zone),1.4098
CaseKI67_0075.ndpi,Annotation (dark_zone),1.6362
CaseKI67_0075.ndpi,Annotation (dark_zone),1.2193
CaseKI67_0075.ndpi,Annotation (dark_zone),1.4276
CaseKI67_0075.ndpi,Annotation (dark_zone),1.7263
CaseKI67_0075.ndpi,Annotation (dark_zone),1.5843
CaseKI67_0075.ndpi,Annotation (dark_zone),1.0611
CaseKI67_0075.ndpi,Annotation (dark_zone),1.5248
CaseKI67_0075.ndpi,Annotation (dark_zone),1.1094
CaseKI67_0075.ndpi,Annotation (dark_zone),1.3488
CaseKI67_0075.ndpi,Annotation (dark_zone),1.3537
CaseKI67_0075.ndpi,Annotation (dark_zone),1.4604
CaseKI67_0075.ndpi,Annotation (dark_zone),1.6375
CaseKI67_0075.ndpi,Annotation (dark_zone),0.7407
CaseKI67_0075.ndpi,Annotation (dark_zone),1.353
CaseKI67_0075.ndpi,Annotation (dark_zone),1.4284
CaseKI67_0075.ndpi,Annotation (dark_zone),1.4772
CaseKI67_0075.ndpi,Annotation (dark_zone),1.3924
CaseKI67_0075.ndpi,Annotation (dark_zone),1.5002
CaseKI67_0075.ndpi,Annotation (dark_zone),1.5565
CaseKI67_0075.ndpi,Annotation (dark_zone),1.3993
CaseKI67_0075.ndpi,Annotation (dark_zone),1.4161
CaseKI67_0075.ndpi,Annotation (dark_zone),1.3526
CaseKI67_0075.ndpi,Annotation (dark_zone),0.6712
CaseKI67_0075.ndpi,Annotation (dark_zone),1.5776
CaseKI67_0075.ndpi,Annotation (dark_zone),0.867
CaseKI67_0075.ndpi,Annotation (dark_zone),1.3497
CaseKI67_0075.ndpi,Annotation (dark_zone),1.2615
CaseKI67_0075.ndpi,Annotation (dark_zone),1.2983
CaseKI67_0075.ndpi,Annotation (dark_zone),1.3848
CaseKI67_0075.ndpi,Annotation (dark_zone),1.6093
CaseKI67_0075.ndpi,Annotation (dark_zone),1.6259
CaseKI67_0075.ndpi,Annotation (dark_zone),1.691
CaseKI67_0075.ndpi,Annotation (dark_zone),0.0703
CaseKI67_0075.ndpi,Annotation (dark_zone),1.6073
CaseKI67_0075.ndpi,Annotation (dark_zone),1.57
CaseKI67_0075.ndpi,Annotation (dark_zone),1.39
CaseKI67_0075.ndpi,Annotation (dark_zone),0.1927
CaseKI67_0075.ndpi,Annotation (dark_zone),1.3159
CaseKI67_0075.ndpi,Annotation (dark_zone),1.3571
CaseKI67_0075.ndpi,Annotation (dark_zone),1.5541
CaseKI67_0075.ndpi,Annotation (dark_zone),1.5998
CaseKI67_0075.ndpi,Annotation (dark_zone),1.0811
CaseKI67_0075.ndpi,Annotation (dark_zone),1.6194
CaseKI67_0075.ndpi,Annotation (dark_zone),1.4038
CaseKI67_0075.ndpi,Annotation (dark_zone),1.459
CaseKI67_0075.ndpi,Annotation (dark_zone),1.7531
CaseKI67_0075.ndpi,Annotation (dark_zone),1.6809
CaseKI67_0075.ndpi,Annotation (dark_zone),1.4871
CaseKI67_0075.ndpi,Annotation (dark_zone),1.1618
CaseKI67_0075.ndpi,Annotation (dark_zone),1.6387
CaseKI67_0075.ndpi,Annotation (dark_zone),1.4812
CaseKI67_0075.ndpi,Annotation (dark_zone),1.4704
CaseKI67_0075.ndpi,Annotation (dark_zone),1.1609
CaseKI67_0075.ndpi,Annotation (dark_zone),1.5842
CaseKI67_0075.ndpi,Annotation (dark_zone),1.5404
CaseKI67_0075.ndpi,Annotation (dark_zone),1.3606
CaseKI67_0075.ndpi,Annotation (dark_zone),1.4444
CaseKI67_0075.ndpi,Annotation (dark_zone),1.5709
CaseKI67_0075.ndpi,Annotation (dark_zone),1.441
CaseKI67_0075.ndpi,Annotation (dark_zone),1.3491
CaseKI67_0075.ndpi,Annotation (dark_zone),1.6893
CaseKI67_0075.ndpi,Annotation (dark_zone),1.4112
CaseKI67_0075.ndpi,Annotation (dark_zone),1.6559
CaseKI67_0075.ndpi,Annotation (dark_zone),1.6712
CaseKI67_0075.ndpi,Annotation (dark_zone),1.4565
CaseKI67_0075.ndpi,Annotation (dark_zone),1.6486
CaseKI67_0075.ndpi,Annotation (dark_zone),1.2911
CaseKI67_0075.ndpi,Annotation (dark_zone),1.66
CaseKI67_0075.ndpi,Annotation (dark_zone),1.2382
CaseKI67_0075.ndpi,Annotation (dark_zone),1.3048
CaseKI67_0075.ndpi,Annotation (dark_zone),1.4141
CaseKI67_0075.ndpi,Annotation (dark_zone),1.769
CaseKI67_0075.ndpi,Annotation (dark_zone),1.6038
CaseKI67_0075.ndpi,Annotation (dark_zone),1.4504
CaseKI67_0075.ndpi,Annotation (dark_zone),0.1927
CaseKI67_0075.ndpi,Annotation (dark_zone),1.3171
CaseKI67_0075.ndpi,Annotation (dark_zone),1.6061
CaseKI67_0075.ndpi,Annotation (dark_zone),1.4726
CaseKI67_0075.ndpi,Annotation (dark_zone),1.5263
CaseKI67_0075.ndpi,Annotation (dark_zone),1.7141
CaseKI67_0075.ndpi,Annotation (dark_zone),2.0245
CaseKI67_0075.ndpi,Annotation (dark_zone),1.3575
CaseKI67_0075.ndpi,Annotation (dark_zone),1.7048
CaseKI67_0075.ndpi,Annotation (dark_zone),1.7432
CaseKI67_0075.ndpi,Annotation (dark_zone),1.8714
CaseKI67_0075.ndpi,Annotation (dark_zone),1.3135
CaseKI67_0075.ndpi,Annotation (dark_zone),0.498
CaseKI67_0075.ndpi,Annotation (dark_zone),1.6872
CaseKI67_0075.ndpi,Annotation (dark_zone),1.4917
CaseKI67_0075.ndpi,Annotation (dark_zone),0.9626
CaseKI67_0075.ndpi,Annotation (dark_zone),1.2122
CaseKI67_0075.ndpi,Annotation (dark_zone),1.3527
CaseKI67_0075.ndpi,Annotation (dark_zone),1.7744
CaseKI67_0075.ndpi,Annotation (dark_zone),1.7595
CaseKI67_0075.ndpi,Annotation (dark_zone),0.1601
CaseKI67_0075.ndpi,Annotation (dark_zone),0.2697
CaseKI67_0075.ndpi,Annotation (dark_zone),2.1236
CaseKI67_0075.ndpi,Annotation (dark_zone),1.7627
CaseKI67_0075.ndpi,Annotation (dark_zone),1.5848
CaseKI67_0075.ndpi,Annotation (dark_zone),1.4056
CaseKI67_0075.ndpi,Annotation (dark_zone),1.476
CaseKI67_0075.ndpi,Annotation (dark_zone),1.6291
CaseKI67_0075.ndpi,Annotation (dark_zone),1.531
CaseKI67_0075.ndpi,Annotation (dark_zone),1.4681
CaseKI67_0075.ndpi,Annotation (dark_zone),1.6439
CaseKI67_0075.ndpi,Annotation (dark_zone),1.6199
CaseKI67_0075.ndpi,Annotation (dark_zone),1.1185
CaseKI67_0075.ndpi,Annotation (dark_zone),1.5371
CaseKI67_0075.ndpi,Annotation (dark_zone),1.4389
CaseKI67_0075.ndpi,Annotation (dark_zone),1.7879
CaseKI67_0075.ndpi,Annotation (dark_zone),1.7281
CaseKI67_0075.ndpi,Annotation (dark_zone),1.0517
CaseKI67_0075.ndpi,Annotation (dark_zone),1.5265
CaseKI67_0075.ndpi,Annotation (dark_zone),1.2629
CaseKI67_0075.ndpi,Annotation (dark_zone),1.4794
CaseKI67_0075.ndpi,Annotation (dark_zone),1.2772
CaseKI67_0075.ndpi,Annotation (dark_zone),1.6246
CaseKI67_0075.ndpi,Annotation (dark_zone),1.5379
CaseKI67_0075.ndpi,Annotation (dark_zone),1.5368
CaseKI67_0075.ndpi,Annotation (dark_zone),1.5383
CaseKI67_0075.ndpi,Annotation (dark_zone),1.7599
CaseKI67_0075.ndpi,Annotation (dark_zone),1.3258
CaseKI67_0075.ndpi,Annotation (dark_zone),1.4437
CaseKI67_0075.ndpi,Annotation (dark_zone),1.4325
CaseKI67_0075.ndpi,Annotation (dark_zone),1.7575
CaseKI67_0075.ndpi,Annotation (dark_zone),1.3224
CaseKI67_0075.ndpi,Annotation (dark_zone),0.2591
CaseKI67_0075.ndpi,Annotation (dark_zone),1.757
CaseKI67_0075.ndpi,Annotation (dark_zone),1.5224
CaseKI67_0075.ndpi,Annotation (dark_zone),1.2544
CaseKI67_0075.ndpi,Annotation (dark_zone),1.579
CaseKI67_0075.ndpi,Annotation (dark_zone),1.5141
CaseKI67_0075.ndpi,Annotation (dark_zone),1.7388
CaseKI67_0075.ndpi,Annotation (dark_zone),1.4606
CaseKI67_0075.ndpi,Annotation (dark_zone),1.3882
CaseKI67_0075.ndpi,Annotation (dark_zone),1.3566
CaseKI67_0075.ndpi,Annotation (dark_zone),1.5196
CaseKI67_0075.ndpi,Annotation (dark_zone),1.6731
CaseKI67_0075.ndpi,Annotation (dark_zone),1.6485
CaseKI67_0075.ndpi,Annotation (dark_zone),1.7284
CaseKI67_0075.ndpi,Annotation (dark_zone),1.5848
CaseKI67_0075.ndpi,Annotation (dark_zone),1.5828
CaseKI67_0075.ndpi,Annotation (dark_zone),1.8718
CaseKI67_0075.ndpi,Annotation (dark_zone),1.8356
CaseKI67_0075.ndpi,Annotation (dark_zone),1.6447
CaseKI67_0075.ndpi,Annotation (dark_zone),1.4899
CaseKI67_0075.ndpi,Annotation (dark_zone),1.7001
CaseKI67_0075.ndpi,Annotation (dark_zone),1.6707
CaseKI67_0075.ndpi,Annotation (dark_zone),1.6312
CaseKI67_0075.ndpi,Annotation (dark_zone),1.7978
CaseKI67_0075.ndpi,Annotation (dark_zone),1.5742
CaseKI67_0075.ndpi,Annotation (dark_zone),1.9193
CaseKI67_0075.ndpi,Annotation (dark_zone),1.9491
CaseKI67_0075.ndpi,Annotation (dark_zone),1.9562
CaseKI67_0075.ndpi,Annotation (dark_zone),1.8939
CaseKI67_0075.ndpi,Annotation (dark_zone),0.2178
CaseKI67_0075.ndpi,Annotation (dark_zone),1.5185
CaseKI67_0075.ndpi,Annotation (dark_zone),1.6954
CaseKI67_0075.ndpi,Annotation (dark_zone),2.036
CaseKI67_0075.ndpi,Annotation (dark_zone),1.7294
CaseKI67_0075.ndpi,Annotation (dark_zone),1.7358
CaseKI67_0075.ndpi,Annotation (dark_zone),1.9136
CaseKI67_0075.ndpi,Annotation (dark_zone),1.7284
CaseKI67_0075.ndpi,Annotation (dark_zone),1.7127
CaseKI67_0075.ndpi,Annotation (dark_zone),1.8554
CaseKI67_0075.ndpi,Annotation (dark_zone),1.5708
CaseKI67_0075.ndpi,Annotation (dark_zone),1.8226
CaseKI67_0075.ndpi,Annotation (dark_zone),1.9717
CaseKI67_0075.ndpi,Annotation (dark_zone),1.5746
CaseKI67_0075.ndpi,Annotation (dark_zone),1.7998
CaseKI67_0075.ndpi,Annotation (dark_zone),1.6695
CaseKI67_0075.ndpi,Annotation (dark_zone),1.8409
CaseKI67_0075.ndpi,Annotation (dark_zone),1.5926
CaseKI67_0075.ndpi,Annotation (dark_zone),1.6249
CaseKI67_0075.ndpi,Annotation (dark_zone),0.1486
CaseKI67_0075.ndpi,Annotation (dark_zone),1.3143
CaseKI67_0075.ndpi,Annotation (dark_zone),2.0525
CaseKI67_0075.ndpi,Annotation (dark_zone),1.3887
CaseKI67_0075.ndpi,Annotation (dark_zone),0.2543
CaseKI67_0075.ndpi,Annotation (dark_zone),0.2753
CaseKI67_0075.ndpi,Annotation (dark_zone),0.2606
CaseKI67_0075.ndpi,Annotation (dark_zone),1.6849
CaseKI67_0075.ndpi,Annotation (dark_zone),1.1832
CaseKI67_0075.ndpi,Annotation (dark_zone),1.1946
CaseKI67_0075.ndpi,Annotation (dark_zone),1.8528
CaseKI67_0075.ndpi,Annotation (dark_zone),1.846
CaseKI67_0075.ndpi,Annotation (dark_zone),1.8238
CaseKI67_0075.ndpi,Annotation (dark_zone),1.4191
CaseKI67_0075.ndpi,Annotation (dark_zone),0.2256
CaseKI67_0075.ndpi,Annotation (dark_zone),1.8046
CaseKI67_0075.ndpi,Annotation (dark_zone),1.5586
CaseKI67_0075.ndpi,Annotation (dark_zone),2.0334
CaseKI67_0075.ndpi,Annotation (dark_zone),1.9395
CaseKI67_0075.ndpi,Annotation (dark_zone),1.7294
CaseKI67_0075.ndpi,Annotation (dark_zone),1.8108
CaseKI67_0075.ndpi,Annotation (dark_zone),1.5297
CaseKI67_0075.ndpi,Annotation (dark_zone),1.9373
CaseKI67_0075.ndpi,Annotation (dark_zone),1.9015
CaseKI67_0075.ndpi,Annotation (dark_zone),0.105
CaseKI67_0075.ndpi,Annotation (dark_zone),1.6406
CaseKI67_0075.ndpi,Annotation (dark_zone),1.6452
CaseKI67_0075.ndpi,Annotation (dark_zone),1.4027
CaseKI67_0075.ndpi,Annotation (dark_zone),1.808
CaseKI67_0075.ndpi,Annotation (dark_zone),0.7216
CaseKI67_0075.ndpi,Annotation (dark_zone),1.7296
CaseKI67_0075.ndpi,Annotation (dark_zone),0.3641
CaseKI67_0075.ndpi,Annotation (dark_zone),1.3717
CaseKI67_0075.ndpi,Annotation (dark_zone),1.948
CaseKI67_0075.ndpi,Annotation (dark_zone),1.7308
CaseKI67_0075.ndpi,Annotation (dark_zone),1.6332
CaseKI67_0075.ndpi,Annotation (dark_zone),1.9291
CaseKI67_0075.ndpi,Annotation (dark_zone),1.681
CaseKI67_0075.ndpi,Annotation (dark_zone),1.8306
CaseKI67_0075.ndpi,Annotation (dark_zone),1.4676
CaseKI67_0075.ndpi,Annotation (dark_zone),0.257
CaseKI67_0075.ndpi,Annotation (dark_zone),1.8824
CaseKI67_0075.ndpi,Annotation (dark_zone),1.7123
CaseKI67_0075.ndpi,Annotation (dark_zone),1.7028
CaseKI67_0075.ndpi,Annotation (dark_zone),1.9873
CaseKI67_0075.ndpi,Annotation (dark_zone),1.7712
CaseKI67_0075.ndpi,Annotation (dark_zone),1.5714
CaseKI67_0075.ndpi,Annotation (dark_zone),1.0949
CaseKI67_0075.ndpi,Annotation (dark_zone),1.8544
CaseKI67_0075.ndpi,Annotation (dark_zone),1.7821
CaseKI67_0075.ndpi,Annotation (dark_zone),1.8584
CaseKI67_0075.ndpi,Annotation (dark_zone),1.7425
CaseKI67_0075.ndpi,Annotation (dark_zone),1.0233
CaseKI67_0075.ndpi,Annotation (dark_zone),0.1786
CaseKI67_0075.ndpi,Annotation (dark_zone),1.8487
CaseKI67_0075.ndpi,Annotation (dark_zone),1.776
CaseKI67_0075.ndpi,Annotation (dark_zone),0.1825
CaseKI67_0075.ndpi,Annotation (dark_zone),1.1551
CaseKI67_0075.ndpi,Annotation (dark_zone),1.7668
CaseKI67_0075.ndpi,Annotation (dark_zone),0.9882
CaseKI67_0075.ndpi,Annotation (dark_zone),1.752
CaseKI67_0075.ndpi,Annotation (dark_zone),1.8938
CaseKI67_0075.ndpi,Annotation (dark_zone),1.9067
CaseKI67_0075.ndpi,Annotation (dark_zone),2.0596
CaseKI67_0075.ndpi,Annotation (dark_zone),1.7005
CaseKI67_0075.ndpi,Annotation (dark_zone),1.1833
CaseKI67_0075.ndpi,Annotation (dark_zone),1.7806
CaseKI67_0075.ndpi,Annotation (dark_zone),1.8215
CaseKI67_0075.ndpi,Annotation (dark_zone),1.4965
CaseKI67_0075.ndpi,Annotation (dark_zone),1.5316
CaseKI67_0075.ndpi,Annotation (dark_zone),1.8214
CaseKI67_0075.ndpi,Annotation (dark_zone),1.9137
CaseKI67_0075.ndpi,Annotation (dark_zone),1.6768
CaseKI67_0075.ndpi,Annotation (dark_zone),1.8702
CaseKI67_0075.ndpi,Annotation (dark_zone),2.0223
CaseKI67_0075.ndpi,Annotation (dark_zone),1.8405
CaseKI67_0075.ndpi,Annotation (dark_zone),1.9882
CaseKI67_0075.ndpi,Annotation (dark_zone),0.2717
CaseKI67_0075.ndpi,Annotation (dark_zone),1.4035
CaseKI67_0075.ndpi,Annotation (dark_zone),0.153
CaseKI67_0075.ndpi,Annotation (dark_zone),1.7497
CaseKI67_0075.ndpi,Annotation (dark_zone),1.6798
CaseKI67_0075.ndpi,Annotation (dark_zone),1.9888
CaseKI67_0075.ndpi,Annotation (dark_zone),1.7282
CaseKI67_0075.ndpi,Annotation (dark_zone),1.5763
CaseKI67_0075.ndpi,Annotation (dark_zone),1.7
CaseKI67_0075.ndpi,Annotation (dark_zone),1.8832
CaseKI67_0075.ndpi,Annotation (dark_zone),1.4921
CaseKI67_0075.ndpi,Annotation (dark_zone),1.5434
CaseKI67_0075.ndpi,Annotation (dark_zone),0.0737
CaseKI67_0075.ndpi,Annotation (dark_zone),0.2366
CaseKI67_0075.ndpi,Annotation (dark_zone),1.8256
CaseKI67_0075.ndpi,Annotation (dark_zone),1.7834
CaseKI67_0075.ndpi,Annotation (dark_zone),1.5723
CaseKI67_0075.ndpi,Annotation (dark_zone),0.2926
CaseKI67_0075.ndpi,Annotation (dark_zone),1.7429
CaseKI67_0075.ndpi,Annotation (dark_zone),1.807
CaseKI67_0075.ndpi,Annotation (dark_zone),0.1923
CaseKI67_0075.ndpi,Annotation (dark_zone),0.1342
CaseKI67_0075.ndpi,Annotation (dark_zone),1.8696
CaseKI67_0075.ndpi,Annotation (dark_zone),1.9416
CaseKI67_0075.ndpi,Annotation (dark_zone),2.0493
CaseKI67_0075.ndpi,Annotation (dark_zone),1.3636
CaseKI67_0075.ndpi,Annotation (dark_zone),1.6997
CaseKI67_0075.ndpi,Annotation (dark_zone),1.6808
CaseKI67_0075.ndpi,Annotation (dark_zone),0.793
CaseKI67_0075.ndpi,Annotation (dark_zone),1.8901
CaseKI67_0075.ndpi,Annotation (dark_zone),1.3982
CaseKI67_0075.ndpi,Annotation (dark_zone),1.7754
CaseKI67_0075.ndpi,Annotation (dark_zone),1.9227
CaseKI67_0075.ndpi,Annotation (dark_zone),1.6721
CaseKI67_0075.ndpi,Annotation (dark_zone),2.0211
CaseKI67_0075.ndpi,Annotation (dark_zone),1.5269
CaseKI67_0075.ndpi,Annotation (dark_zone),1.6275
CaseKI67_0075.ndpi,Annotation (dark_zone),
CaseKI67_0075.ndpi,Annotation (dark_zone),1.5015
CaseKI67_0075.ndpi,Annotation (dark_zone),1.1627
CaseKI67_0075.ndpi,Annotation (dark_zone),1.235
CaseKI67_0075.ndpi,Annotation (dark_zone),1.8689
CaseKI67_0075.ndpi,Annotation (dark_zone),1.7143
CaseKI67_0075.ndpi,Annotation (dark_zone),0.9768
CaseKI67_0075.ndpi,Annotation (dark_zone),1.1737
CaseKI67_0075.ndpi,Annotation (dark_zone),1.6339
CaseKI67_0075.ndpi,Annotation (dark_zone),1.7797
CaseKI67_0075.ndpi,Annotation (dark_zone),1.793
CaseKI67_0075.ndpi,Annotation (dark_zone),1.7845
CaseKI67_0075.ndpi,Annotation (dark_zone),1.5159
CaseKI67_0075.ndpi,Annotation (dark_zone),1.4102
CaseKI67_0075.ndpi,Annotation (dark_zone),1.6503
CaseKI67_0075.ndpi,Annotation (dark_zone),1.0339
CaseKI67_0075.ndpi,Annotation (dark_zone),1.1381
CaseKI67_0075.ndpi,Annotation (dark_zone),1.7303
CaseKI67_0075.ndpi,Annotation (dark_zone),1.6118
CaseKI67_0075.ndpi,Annotation (dark_zone),0.087
CaseKI67_0075.ndpi,Annotation (dark_zone),1.631
CaseKI67_0075.ndpi,Annotation (dark_zone),1.6537
CaseKI67_0075.ndpi,Annotation (dark_zone),1.7297
CaseKI67_0075.ndpi,Annotation (dark_zone),1.7467
CaseKI67_0075.ndpi,Annotation (dark_zone),1.2584
CaseKI67_0075.ndpi,Annotation (dark_zone),0.1393
CaseKI67_0075.ndpi,Annotation (dark_zone),1.6999
CaseKI67_0075.ndpi,Annotation (dark_zone),1.7461
CaseKI67_0075.ndpi,Annotation (dark_zone),1.773
CaseKI67_0075.ndpi,Annotation (dark_zone),1.4878
CaseKI67_0075.ndpi,Annotation (dark_zone),1.2364
CaseKI67_0075.ndpi,Annotation (dark_zone),1.4226
CaseKI67_0075.ndpi,Annotation (dark_zone),1.7934
CaseKI67_0075.ndpi,Annotation (dark_zone),1.5803
CaseKI67_0075.ndpi,Annotation (dark_zone),1.7845
CaseKI67_0075.ndpi,Annotation (dark_zone),1.7503
CaseKI67_0075.ndpi,Annotation (dark_zone),1.8065
CaseKI67_0075.ndpi,Annotation (dark_zone),1.5442
CaseKI67_0075.ndpi,Annotation (dark_zone),1.8088
CaseKI67_0075.ndpi,Annotation (dark_zone),1.4512
CaseKI67_0075.ndpi,Annotation (dark_zone),1.7464
CaseKI67_0075.ndpi,Annotation (dark_zone),1.7186
CaseKI67_0075.ndpi,Annotation (dark_zone),1.6147
CaseKI67_0075.ndpi,Annotation (dark_zone),1.9766
CaseKI67_0075.ndpi,Annotation (dark_zone),1.3489
CaseKI67_0075.ndpi,Annotation (dark_zone),1.4465
CaseKI67_0075.ndpi,Annotation (dark_zone),1.8376
CaseKI67_0075.ndpi,Annotation (dark_zone),1.2585
CaseKI67_0075.ndpi,Annotation (dark_zone),1.6058
CaseKI67_0075.ndpi,Annotation (dark_zone),1.729
CaseKI67_0075.ndpi,Annotation (dark_zone),0.6757
CaseKI67_0075.ndpi,Annotation (dark_zone),1.5714
CaseKI67_0075.ndpi,Annotation (dark_zone),1.6019
CaseKI67_0075.ndpi,Annotation (dark_zone),1.9239
CaseKI67_0075.ndpi,Annotation (dark_zone),1.6012
CaseKI67_0075.ndpi,Annotation (dark_zone),1.375
CaseKI67_0075.ndpi,Annotation (dark_zone),1.5393
CaseKI67_0075.ndpi,Annotation (dark_zone),1.7465
CaseKI67_0075.ndpi,Annotation (dark_zone),1.7784
CaseKI67_0075.ndpi,Annotation (dark_zone),1.5785
CaseKI67_0075.ndpi,Annotation (dark_zone),1.4194
CaseKI67_0075.ndpi,Annotation (dark_zone),1.7922
CaseKI67_0075.ndpi,Annotation (dark_zone),1.6952
CaseKI67_0075.ndpi,Annotation (dark_zone),1.6126
CaseKI67_0075.ndpi,Annotation (dark_zone),1.6579
CaseKI67_0075.ndpi,Annotation (dark_zone),1.6306
CaseKI67_0075.ndpi,Annotation (dark_zone),1.4669
CaseKI67_0075.ndpi,Annotation (dark_zone),1.0123
CaseKI67_0075.ndpi,Annotation (dark_zone),1.3638
CaseKI67_0075.ndpi,Annotation (dark_zone),1.4681
CaseKI67_0075.ndpi,Annotation (dark_zone),2.2256
CaseKI67_0075.ndpi,Annotation (dark_zone),1.4998
CaseKI67_0075.ndpi,Annotation (dark_zone),1.7508
CaseKI67_0075.ndpi,Annotation (dark_zone),1.573
CaseKI67_0075.ndpi,Annotation (dark_zone),1.6451
CaseKI67_0075.ndpi,Annotation (dark_zone),0.8259
CaseKI67_0075.ndpi,Annotation (dark_zone),1.0154
CaseKI67_0075.ndpi,Annotation (dark_zone),1.6458
CaseKI67_0075.ndpi,Annotation (dark_zone),1.3256
CaseKI67_0075.ndpi,Annotation (dark_zone),2.1752
CaseKI67_0075.ndpi,Annotation (dark_zone),1.274
CaseKI67_0075.ndpi,Annotation (dark_zone),1.598
CaseKI67_0075.ndpi,Annotation (dark_zone),1.6106
CaseKI67_0075.ndpi,Annotation (dark_zone),1.6886
CaseKI67_0075.ndpi,Annotation (dark_zone),1.4108
CaseKI67_0075.ndpi,Annotation (dark_zone),1.3915
CaseKI67_0075.ndpi,Annotation (dark_zone),1.6156
CaseKI67_0075.ndpi,Annotation (dark_zone),1.6353
CaseKI67_0075.ndpi,Annotation (dark_zone),1.7993
CaseKI67_0075.ndpi,Annotation (dark_zone),1.6608
CaseKI67_0075.ndpi,Annotation (dark_zone),1.8768
CaseKI67_0075.ndpi,Annotation (dark_zone),1.562
CaseKI67_0075.ndpi,Annotation (dark_zone),1.207
CaseKI67_0075.ndpi,Annotation (dark_zone),1.7138
CaseKI67_0075.ndpi,Annotation (dark_zone),1.217
CaseKI67_0075.ndpi,Annotation (dark_zone),1.5486
CaseKI67_0075.ndpi,Annotation (dark_zone),1.8079
CaseKI67_0075.ndpi,Annotation (dark_zone),1.2758
CaseKI67_0075.ndpi,Annotation (dark_zone),2.102
CaseKI67_0075.ndpi,Annotation (dark_zone),1.6518
CaseKI67_0075.ndpi,Annotation (dark_zone),1.6118
CaseKI67_0075.ndpi,Annotation (dark_zone),1.6571
CaseKI67_0075.ndpi,Annotation (dark_zone),1.5203
CaseKI67_0075.ndpi,Annotation (dark_zone),1.1254
CaseKI67_0075.ndpi,Annotation (dark_zone),0.1447
CaseKI67_0075.ndpi,Annotation (dark_zone),1.6447
CaseKI67_0075.ndpi,Annotation (dark_zone),1.5315
CaseKI67_0075.ndpi,Annotation (dark_zone),1.6227
CaseKI67_0075.ndpi,Annotation (dark_zone),1.6927
CaseKI67_0075.ndpi,Annotation (dark_zone),1.4007
CaseKI67_0075.ndpi,Annotation (dark_zone),1.6185
CaseKI67_0075.ndpi,Annotation (dark_zone),1.2606
CaseKI67_0075.ndpi,Annotation (dark_zone),1.7342
CaseKI67_0075.ndpi,Annotation (dark_zone),1.2013
CaseKI67_0075.ndpi,Annotation (dark_zone),1.2972
CaseKI67_0075.ndpi,Annotation (dark_zone),1.5744
CaseKI67_0075.ndpi,Annotation (dark_zone),1.3188
CaseKI67_0075.ndpi,Annotation (dark_zone),1.664
CaseKI67_0075.ndpi,Annotation (dark_zone),1.8442
CaseKI67_0075.ndpi,Annotation (dark_zone),1.6844
CaseKI67_0075.ndpi,Annotation (dark_zone),1.8634
CaseKI67_0075.ndpi,Annotation (dark_zone),1.6001
CaseKI67_0075.ndpi,Annotation (dark_zone),1.6022
CaseKI67_0075.ndpi,Annotation (dark_zone),1.2743
CaseKI67_0075.ndpi,Annotation (dark_zone),1.536
CaseKI67_0075.ndpi,Annotation (dark_zone),1.8898
CaseKI67_0075.ndpi,Annotation (dark_zone),1.5989
CaseKI67_0075.ndpi,Annotation (dark_zone),1.3857
CaseKI67_0075.ndpi,Annotation (dark_zone),1.6626
CaseKI67_0075.ndpi,Annotation (dark_zone),1.1986
CaseKI67_0075.ndpi,Annotation (dark_zone),1.5199
CaseKI67_0075.ndpi,Annotation (dark_zone),1.434
CaseKI67_0075.ndpi,Annotation (dark_zone),1.4229
CaseKI67_0075.ndpi,Annotation (dark_zone),1.5564
CaseKI67_0075.ndpi,Annotation (dark_zone),1.6188
CaseKI67_0075.ndpi,Annotation (dark_zone),1.6569
CaseKI67_0075.ndpi,Annotation (dark_zone),1.4344
CaseKI67_0075.ndpi,Annotation (dark_zone),1.0519
CaseKI67_0075.ndpi,Annotation (dark_zone),1.6129
CaseKI67_0075.ndpi,Annotation (dark_zone),1.9303
CaseKI67_0075.ndpi,Annotation (dark_zone),1.1281
CaseKI67_0075.ndpi,Annotation (dark_zone),1.6989
CaseKI67_0075.ndpi,Annotation (dark_zone),1.4151
CaseKI67_0075.ndpi,Annotation (dark_zone),1.4895
CaseKI67_0075.ndpi,Annotation (dark_zone),1.4269
CaseKI67_0075.ndpi,Annotation (dark_zone),1.5599
CaseKI67_0075.ndpi,Annotation (dark_zone),1.5698
CaseKI67_0075.ndpi,Annotation (dark_zone),1.6441
CaseKI67_0075.ndpi,Annotation (dark_zone),1.7574
CaseKI67_0075.ndpi,Annotation (dark_zone),1.4728
CaseKI67_0075.ndpi,Annotation (dark_zone),1.9056
CaseKI67_0075.ndpi,Annotation (dark_zone),1.1373
CaseKI67_0075.ndpi,Annotation (dark_zone),1.5717
CaseKI67_0075.ndpi,Annotation (dark_zone),1.4864
CaseKI67_0075.ndpi,Annotation (dark_zone),1.5707
CaseKI67_0075.ndpi,Annotation (dark_zone),1.4742
CaseKI67_0075.ndpi,Annotation (dark_zone),1.3751
CaseKI67_0075.ndpi,Annotation (dark_zone),1.5811
CaseKI67_0075.ndpi,Annotation (dark_zone),1.5079
CaseKI67_0075.ndpi,Annotation (dark_zone),1.0936
CaseKI67_0075.ndpi,Annotation (dark_zone),1.2869
CaseKI67_0075.ndpi,Annotation (dark_zone),1.4169
CaseKI67_0075.ndpi,Annotation (dark_zone),1.4884
CaseKI67_0075.ndpi,Annotation (dark_zone),0.9799
CaseKI67_0075.ndpi,Annotation (dark_zone),1.5401
CaseKI67_0075.ndpi,Annotation (dark_zone),1.6591
CaseKI67_0075.ndpi,Annotation (dark_zone),1.377
CaseKI67_0075.ndpi,Annotation (dark_zone),1.6851
CaseKI67_0075.ndpi,Annotation (dark_zone),1.7193
CaseKI67_0075.ndpi,Annotation (dark_zone),1.3542
CaseKI67_0075.ndpi,Annotation (dark_zone),1.4306
CaseKI67_0075.ndpi,Annotation (dark_zone),1.7496
CaseKI67_0075.ndpi,Annotation (dark_zone),0.1165
CaseKI67_0075.ndpi,Annotation (dark_zone),1.7357
CaseKI67_0075.ndpi,Annotation (dark_zone),1.2148
CaseKI67_0075.ndpi,Annotation (dark_zone),1.8486
CaseKI67_0075.ndpi,Annotation (dark_zone),1.6906
CaseKI67_0075.ndpi,Annotation (dark_zone),1.8399
CaseKI67_0075.ndpi,Annotation (dark_zone),1.6727
CaseKI67_0075.ndpi,Annotation (dark_zone),1.1513
CaseKI67_0075.ndpi,Annotation (dark_zone),1.5609
CaseKI67_0075.ndpi,Annotation (dark_zone),1.9212
CaseKI67_0075.ndpi,Annotation (dark_zone),1.7784
CaseKI67_0075.ndpi,Annotation (dark_zone),1.3895
CaseKI67_0075.ndpi,Annotation (dark_zone),1.344
CaseKI67_0075.ndpi,Annotation (dark_zone),1.6247
CaseKI67_0075.ndpi,Annotation (dark_zone),1.6354
CaseKI67_0075.ndpi,Annotation (dark_zone),1.9829
CaseKI67_0075.ndpi,Annotation (dark_zone),1.8622
CaseKI67_0075.ndpi,Annotation (dark_zone),1.9986
CaseKI67_0075.ndpi,Annotation (dark_zone),0.9026
CaseKI67_0075.ndpi,Annotation (dark_zone),1.9204
CaseKI67_0075.ndpi,Annotation (dark_zone),1.8562
CaseKI67_0075.ndpi,Annotation (dark_zone),1.6516
CaseKI67_0075.ndpi,Annotation (dark_zone),1.9487
CaseKI67_0075.ndpi,Annotation (dark_zone),1.3041
CaseKI67_0075.ndpi,Annotation (dark_zone),1.5993
CaseKI67_0075.ndpi,Annotation (dark_zone),1.3689
CaseKI67_0075.ndpi,Annotation (dark_zone),1.8753
CaseKI67_0075.ndpi,Annotation (dark_zone),1.2597
CaseKI67_0075.ndpi,Annotation (dark_zone),0.1117
CaseKI67_0075.ndpi,Annotation (dark_zone),1.8151
CaseKI67_0075.ndpi,Annotation (dark_zone),1.8232
CaseKI67_0075.ndpi,Annotation (dark_zone),1.7698
CaseKI67_0075.ndpi,Annotation (dark_zone),1.4793
CaseKI67_0075.ndpi,Annotation (dark_zone),1.8082
CaseKI67_0075.ndpi,Annotation (dark_zone),1.5392
CaseKI67_0075.ndpi,Annotation (dark_zone),1.809
CaseKI67_0075.ndpi,Annotation (dark_zone),1.6324
CaseKI67_0075.ndpi,Annotation (dark_zone),2.0076
CaseKI67_0075.ndpi,Annotation (dark_zone),1.5791
CaseKI67_0075.ndpi,Annotation (dark_zone),1.7639
CaseKI67_0075.ndpi,Annotation (dark_zone),1.7199
CaseKI67_0075.ndpi,Annotation (dark_zone),1.3365
CaseKI67_0075.ndpi,Annotation (dark_zone),1.0621
CaseKI67_0075.ndpi,Annotation (dark_zone),1.6992
CaseKI67_0075.ndpi,Annotation (dark_zone),0.1161
CaseKI67_0075.ndpi,Annotation (dark_zone),1.8348
CaseKI67_0075.ndpi,Annotation (dark_zone),1.5277
CaseKI67_0075.ndpi,Annotation (dark_zone),1.6484
CaseKI67_0075.ndpi,Annotation (dark_zone),1.9665
CaseKI67_0075.ndpi,Annotation (dark_zone),1.9305
CaseKI67_0075.ndpi,Annotation (dark_zone),1.7722
CaseKI67_0075.ndpi,Annotation (dark_zone),1.6149
CaseKI67_0075.ndpi,Annotation (dark_zone),0.8742
CaseKI67_0075.ndpi,Annotation (dark_zone),1.415
CaseKI67_0075.ndpi,Annotation (dark_zone),0.0969
CaseKI67_0075.ndpi,Annotation (dark_zone),1.575
CaseKI67_0075.ndpi,Annotation (dark_zone),1.6283
CaseKI67_0075.ndpi,Annotation (dark_zone),1.9074
CaseKI67_0075.ndpi,Annotation (dark_zone),1.8411
CaseKI67_0075.ndpi,Annotation (dark_zone),1.7038
CaseKI67_0075.ndpi,Annotation (dark_zone),1.7211
CaseKI67_0075.ndpi,Annotation (dark_zone),1.2804
CaseKI67_0075.ndpi,Annotation (dark_zone),1.8904
CaseKI67_0075.ndpi,Annotation (dark_zone),1.7148
CaseKI67_0075.ndpi,Annotation (dark_zone),1.8043
CaseKI67_0075.ndpi,Annotation (dark_zone),1.8793
CaseKI67_0075.ndpi,Annotation (dark_zone),1.6729
CaseKI67_0075.ndpi,Annotation (dark_zone),1.7936
CaseKI67_0075.ndpi,Annotation (dark_zone),1.8297
CaseKI67_0075.ndpi,Annotation (dark_zone),1.7876
CaseKI67_0075.ndpi,Annotation (dark_zone),1.5666
CaseKI67_0075.ndpi,Annotation (dark_zone),1.9282
CaseKI67_0075.ndpi,Annotation (dark_zone),1.8113
CaseKI67_0075.ndpi,Annotation (dark_zone),1.9289
CaseKI67_0075.ndpi,Annotation (dark_zone),1.8993
CaseKI67_0075.ndpi,Annotation (dark_zone),1.8078
CaseKI67_0075.ndpi,Annotation (dark_zone),1.714
CaseKI67_0075.ndpi,Annotation (dark_zone),1.5451
CaseKI67_0075.ndpi,Annotation (dark_zone),0.1206
CaseKI67_0075.ndpi,Annotation (dark_zone),1.8524
CaseKI67_0075.ndpi,Annotation (dark_zone),1.8041
CaseKI67_0075.ndpi,Annotation (dark_zone),1.8571
CaseKI67_0075.ndpi,Annotation (dark_zone),1.8035
CaseKI67_0075.ndpi,Annotation (dark_zone),1.6421
CaseKI67_0075.ndpi,Annotation (dark_zone),1.8406
CaseKI67_0075.ndpi,Annotation (dark_zone),1.7473
CaseKI67_0075.ndpi,Annotation (dark_zone),1.7787
CaseKI67_0075.ndpi,Annotation (dark_zone),1.7968
CaseKI67_0075.ndpi,Annotation (dark_zone),1.7201
CaseKI67_0075.ndpi,Annotation (dark_zone),1.8275
CaseKI67_0075.ndpi,Annotation (dark_zone),1.9974
CaseKI67_0075.ndpi,Annotation (dark_zone),1.6651
CaseKI67_0075.ndpi,Annotation (dark_zone),1.8607
CaseKI67_0075.ndpi,Annotation (dark_zone),1.6399
CaseKI67_0075.ndpi,Annotation (dark_zone),1.892
CaseKI67_0075.ndpi,Annotation (dark_zone),1.5388
CaseKI67_0075.ndpi,Annotation (dark_zone),1.6248
CaseKI67_0075.ndpi,Annotation (dark_zone),1.7998
CaseKI67_0075.ndpi,Annotation (dark_zone),1.7104
CaseKI67_0075.ndpi,Annotation (dark_zone),1.5862
CaseKI67_0075.ndpi,Annotation (dark_zone),1.5365
CaseKI67_0075.ndpi,Annotation (dark_zone),1.6304
CaseKI67_0075.ndpi,Annotation (dark_zone),1.6596
CaseKI67_0075.ndpi,Annotation (dark_zone),1.6891
CaseKI67_0075.ndpi,Annotation (dark_zone),1.5946
CaseKI67_0075.ndpi,Annotation (dark_zone),1.5243
CaseKI67_0075.ndpi,Annotation (dark_zone),1.5216
CaseKI67_0075.ndpi,Annotation (dark_zone),1.3053
CaseKI67_0075.ndpi,Annotation (dark_zone),1.5592
CaseKI67_0075.ndpi,Annotation (dark_zone),1.2491
CaseKI67_0075.ndpi,Annotation (dark_zone),1.3378
CaseKI67_0075.ndpi,Annotation (dark_zone),1.3592
CaseKI67_0075.ndpi,Annotation (dark_zone),1.6886
CaseKI67_0075.ndpi,Annotation (dark_zone),1.5768
CaseKI67_0075.ndpi,Annotation (dark_zone),1.6286
CaseKI67_0075.ndpi,Annotation (dark_zone),1.6774
CaseKI67_0075.ndpi,Annotation (dark_zone),1.6529
CaseKI67_0075.ndpi,Annotation (dark_zone),1.284
CaseKI67_0075.ndpi,Annotation (dark_zone),2.0241
CaseKI67_0075.ndpi,Annotation (dark_zone),1.7503
CaseKI67_0075.ndpi,Annotation (dark_zone),1.7113
CaseKI67_0075.ndpi,Annotation (dark_zone),1.8593
CaseKI67_0075.ndpi,Annotation (dark_zone),1.7113
CaseKI67_0075.ndpi,Annotation (dark_zone),1.6067
CaseKI67_0075.ndpi,Annotation (dark_zone),1.6644
CaseKI67_0075.ndpi,Annotation (dark_zone),0.1991
CaseKI67_0075.ndpi,Annotation (dark_zone),1.9146
CaseKI67_0075.ndpi,Annotation (dark_zone),1.8344
CaseKI67_0075.ndpi,Annotation (dark_zone),1.9193
CaseKI67_0075.ndpi,Annotation (dark_zone),1.6571
CaseKI67_0075.ndpi,Annotation (dark_zone),1.7562
CaseKI67_0075.ndpi,Annotation (dark_zone),1.8217
CaseKI67_0075.ndpi,Annotation (dark_zone),1.9316
CaseKI67_0075.ndpi,Annotation (dark_zone),1.6662
CaseKI67_0075.ndpi,Annotation (dark_zone),1.8994
CaseKI67_0075.ndpi,Annotation (dark_zone),1.7938
CaseKI67_0075.ndpi,Annotation (dark_zone),1.836
CaseKI67_0075.ndpi,Annotation (dark_zone),1.7789
CaseKI67_0075.ndpi,Annotation (dark_zone),1.4324
CaseKI67_0075.ndpi,Annotation (dark_zone),1.8485
CaseKI67_0075.ndpi,Annotation (dark_zone),1.7897
CaseKI67_0075.ndpi,Annotation (dark_zone),2.0091
CaseKI67_0075.ndpi,Annotation (dark_zone),1.8392
CaseKI67_0075.ndpi,Annotation (dark_zone),1.5817
CaseKI67_0075.ndpi,Annotation (dark_zone),1.3707
CaseKI67_0075.ndpi,Annotation (dark_zone),1.8788
CaseKI67_0075.ndpi,Annotation (dark_zone),1.598
CaseKI67_0075.ndpi,Annotation (dark_zone),1.9233
CaseKI67_0075.ndpi,Annotation (dark_zone),1.8187
CaseKI67_0075.ndpi,Annotation (dark_zone),1.664
CaseKI67_0075.ndpi,Annotation (dark_zone),2.0444
CaseKI67_0075.ndpi,Annotation (dark_zone),1.7379
CaseKI67_0075.ndpi,Annotation (dark_zone),1.5333
CaseKI67_0075.ndpi,Annotation (dark_zone),0.423
CaseKI67_0075.ndpi,Annotation (dark_zone),1.5304
CaseKI67_0075.ndpi,Annotation (dark_zone),0.5909
CaseKI67_0075.ndpi,Annotation (dark_zone),1.5774
CaseKI67_0075.ndpi,Annotation (dark_zone),1.9031
CaseKI67_0075.ndpi,Annotation (dark_zone),1.5069
CaseKI67_0075.ndpi,Annotation (dark_zone),1.94
CaseKI67_0075.ndpi,Annotation (dark_zone),1.3794
CaseKI67_0075.ndpi,Annotation (dark_zone),2.0334
CaseKI67_0075.ndpi,Annotation (dark_zone),1.5877
CaseKI67_0075.ndpi,Annotation (dark_zone),1.6838
CaseKI67_0075.ndpi,Annotation (dark_zone),1.4262
CaseKI67_0075.ndpi,Annotation (dark_zone),0.3333
CaseKI67_0075.ndpi,Annotation (dark_zone),1.8858
CaseKI67_0075.ndpi,Annotation (dark_zone),1.9101
CaseKI67_0075.ndpi,Annotation (dark_zone),2.0921
CaseKI67_0075.ndpi,Annotation (dark_zone),1.6391
CaseKI67_0075.ndpi,Annotation (dark_zone),1.8949
CaseKI67_0075.ndpi,Annotation (dark_zone),1.1315
CaseKI67_0075.ndpi,Annotation (dark_zone),1.5503
CaseKI67_0075.ndpi,Annotation (dark_zone),0.1037
CaseKI67_0075.ndpi,Annotation (dark_zone),1.5566
CaseKI67_0075.ndpi,Annotation (dark_zone),0.2337
CaseKI67_0075.ndpi,Annotation (dark_zone),1.9417
CaseKI67_0075.ndpi,Annotation (dark_zone),1.8243
CaseKI67_0075.ndpi,Annotation (dark_zone),1.9125
CaseKI67_0075.ndpi,Annotation (dark_zone),2.105
CaseKI67_0075.ndpi,Annotation (dark_zone),1.9408
CaseKI67_0075.ndpi,Annotation (dark_zone),1.58
CaseKI67_0075.ndpi,Annotation (dark_zone),1.4967
CaseKI67_0075.ndpi,Annotation (dark_zone),2.1808
CaseKI67_0075.ndpi,Annotation (dark_zone),1.6763
CaseKI67_0075.ndpi,Annotation (dark_zone),1.0418
CaseKI67_0075.ndpi,Annotation (dark_zone),0.2729
CaseKI67_0075.ndpi,Annotation (dark_zone),1.9075
CaseKI67_0075.ndpi,Annotation (dark_zone),
CaseKI67_0075.ndpi,Annotation (dark_zone),1.9978
CaseKI67_0075.ndpi,Annotation (dark_zone),1.5274
CaseKI67_0075.ndpi,Annotation (dark_zone),1.9534
CaseKI67_0075.ndpi,Annotation (dark_zone),1.4028
CaseKI67_0075.ndpi,Annotation (dark_zone),1.3382
CaseKI67_0075.ndpi,Annotation (dark_zone),1.5986
CaseKI67_0075.ndpi,Annotation (dark_zone),0.1382
CaseKI67_0075.ndpi,Annotation (dark_zone),1.7778
CaseKI67_0075.ndpi,Annotation (dark_zone),1.7448
CaseKI67_0075.ndpi,Annotation (dark_zone),1.3209
CaseKI67_0075.ndpi,Annotation (dark_zone),1.7029
CaseKI67_0075.ndpi,Annotation (dark_zone),1.4369
CaseKI67_0075.ndpi,Annotation (dark_zone),1.8146
CaseKI67_0075.ndpi,Annotation (dark_zone),1.5749
CaseKI67_0075.ndpi,Annotation (dark_zone),1.2823
CaseKI67_0075.ndpi,Annotation (dark_zone),1.7433
CaseKI67_0075.ndpi,Annotation (dark_zone),1.6497
CaseKI67_0075.ndpi,Annotation (dark_zone),1.7959
CaseKI67_0075.ndpi,Annotation (dark_zone),1.1973
CaseKI67_0075.ndpi,Annotation (dark_zone),1.5921
CaseKI67_0075.ndpi,Annotation (dark_zone),1.6283
CaseKI67_0075.ndpi,Annotation (dark_zone),0.1586
CaseKI67_0075.ndpi,Annotation (dark_zone),1.5407
CaseKI67_0075.ndpi,Annotation (dark_zone),1.5642
CaseKI67_0075.ndpi,Annotation (dark_zone),0.1356
CaseKI67_0075.ndpi,Annotation (dark_zone),1.69
CaseKI67_0075.ndpi,Annotation (dark_zone),1.6503
CaseKI67_0075.ndpi,Annotation (dark_zone),1.9544
CaseKI67_0075.ndpi,Annotation (dark_zone),0.2577
CaseKI67_0075.ndpi,Annotation (dark_zone),1.5683
CaseKI67_0075.ndpi,Annotation (dark_zone),1.8109
CaseKI67_0075.ndpi,Annotation (dark_zone),1.7755
CaseKI67_0075.ndpi,Annotation (dark_zone),1.5057
CaseKI67_0075.ndpi,Annotation (dark_zone),2.0536
CaseKI67_0075.ndpi,Annotation (dark_zone),1.5179
CaseKI67_0075.ndpi,Annotation (dark_zone),1.9245
CaseKI67_0075.ndpi,Annotation (dark_zone),0.7717
CaseKI67_0075.ndpi,Annotation (dark_zone),
CaseKI67_0075.ndpi,Annotation (dark_zone),1.9391
CaseKI67_0075.ndpi,Annotation (dark_zone),1.7268
CaseKI67_0075.ndpi,Annotation (dark_zone),1.6109
CaseKI67_0075.ndpi,Annotation (dark_zone),1.2624
CaseKI67_0075.ndpi,Annotation (dark_zone),2.0397
CaseKI67_0075.ndpi,Annotation (dark_zone),2.0025
CaseKI67_0075.ndpi,Annotation (dark_zone),1.6795
CaseKI67_0075.ndpi,Annotation (dark_zone),2.0033
CaseKI67_0075.ndpi,Annotation (dark_zone),1.0124
CaseKI67_0075.ndpi,Annotation (dark_zone),1.6947
CaseKI67_0075.ndpi,Annotation (dark_zone),0.2597
CaseKI67_0075.ndpi,Annotation (dark_zone),2.0334
CaseKI67_0075.ndpi,Annotation (dark_zone),1.186
CaseKI67_0075.ndpi,Annotation (dark_zone),1.7486
CaseKI67_0075.ndpi,Annotation (dark_zone),0.7247
CaseKI67_0075.ndpi,Annotation (dark_zone),1.9807
CaseKI67_0075.ndpi,Annotation (dark_zone),1.4109
CaseKI67_0075.ndpi,Annotation (dark_zone),1.2695
CaseKI67_0075.ndpi,Annotation (dark_zone),1.4311
CaseKI67_0075.ndpi,Annotation (dark_zone),1.0859
CaseKI67_0075.ndpi,Annotation (dark_zone),1.8292
CaseKI67_0075.ndpi,Annotation (dark_zone),1.2746
CaseKI67_0075.ndpi,Annotation (dark_zone),1.9362
CaseKI67_0075.ndpi,Annotation (dark_zone),1.7532
CaseKI67_0075.ndpi,Annotation (dark_zone),1.4051
CaseKI67_0075.ndpi,Annotation (dark_zone),1.7168
CaseKI67_0075.ndpi,Annotation (dark_zone),1.9195
CaseKI67_0075.ndpi,Annotation (dark_zone),1.6
CaseKI67_0075.ndpi,Annotation (dark_zone),1.6464
CaseKI67_0075.ndpi,Annotation (dark_zone),1.7426
CaseKI67_0075.ndpi,Annotation (dark_zone),1.6757
CaseKI67_0075.ndpi,Annotation (dark_zone),1.7988
CaseKI67_0075.ndpi,Annotation (dark_zone),1.4996
CaseKI67_0075.ndpi,Annotation (dark_zone),1.5256
CaseKI67_0075.ndpi,Annotation (dark_zone),2.2322
CaseKI67_0075.ndpi,Annotation (dark_zone),1.1163
CaseKI67_0075.ndpi,Annotation (dark_zone),1.1978
CaseKI67_0075.ndpi,Annotation (dark_zone),1.3572
CaseKI67_0075.ndpi,Annotation (dark_zone),1.0777
CaseKI67_0075.ndpi,Annotation (dark_zone),1.5247
CaseKI67_0075.ndpi,Annotation (dark_zone),1.6422
CaseKI67_0075.ndpi,Annotation (dark_zone),1.6487
CaseKI67_0075.ndpi,Annotation (dark_zone),1.8308
CaseKI67_0075.ndpi,Annotation (dark_zone),1.8217
CaseKI67_0075.ndpi,Annotation (dark_zone),1.6457
CaseKI67_0075.ndpi,Annotation (dark_zone),1.5776
CaseKI67_0075.ndpi,Annotation (dark_zone),1.5926
CaseKI67_0075.ndpi,Annotation (dark_zone),1.6165
CaseKI67_0075.ndpi,Annotation (dark_zone),1.9815
CaseKI67_0075.ndpi,Annotation (dark_zone),1.1933
CaseKI67_0075.ndpi,Annotation (dark_zone),1.3662
CaseKI67_0075.ndpi,Annotation (dark_zone),1.683
CaseKI67_0075.ndpi,Annotation (dark_zone),1.6006
CaseKI67_0075.ndpi,Annotation (dark_zone),1.3838
CaseKI67_0075.ndpi,Annotation (dark_zone),1.3724
CaseKI67_0075.ndpi,Annotation (dark_zone),1.7529
CaseKI67_0075.ndpi,Annotation (dark_zone),1.8645
CaseKI67_0075.ndpi,Annotation (dark_zone),1.1563
CaseKI67_0075.ndpi,Annotation (dark_zone),1.5852
CaseKI67_0075.ndpi,Annotation (dark_zone),1.6084
CaseKI67_0075.ndpi,Annotation (dark_zone),1.7204
CaseKI67_0075.ndpi,Annotation (dark_zone),1.4402
CaseKI67_0075.ndpi,Annotation (dark_zone),1.6319
CaseKI67_0075.ndpi,Annotation (dark_zone),1.6334
CaseKI67_0075.ndpi,Annotation (dark_zone),1.3649
CaseKI67_0075.ndpi,Annotation (dark_zone),1.4865
CaseKI67_0075.ndpi,Annotation (dark_zone),1.3936
CaseKI67_0075.ndpi,Annotation (dark_zone),1.6402
CaseKI67_0075.ndpi,Annotation (dark_zone),1.5204
CaseKI67_0075.ndpi,Annotation (dark_zone),1.5012
CaseKI67_0075.ndpi,Annotation (dark_zone),1.3111
CaseKI67_0075.ndpi,Annotation (dark_zone),1.4883
CaseKI67_0075.ndpi,Annotation (dark_zone),1.7683
CaseKI67_0075.ndpi,Annotation (dark_zone),1.4373
CaseKI67_0075.ndpi,Annotation (dark_zone),1.4516
CaseKI67_0075.ndpi,Annotation (dark_zone),1.0965
CaseKI67_0075.ndpi,Annotation (dark_zone),1.4726
CaseKI67_0075.ndpi,Annotation (dark_zone),1.8197
CaseKI67_0075.ndpi,Annotation (dark_zone),1.4365
CaseKI67_0075.ndpi,Annotation (dark_zone),1.6157
CaseKI67_0075.ndpi,Annotation (dark_zone),2.1004
CaseKI67_0075.ndpi,Annotation (dark_zone),1.6388
CaseKI67_0075.ndpi,Annotation (dark_zone),1.5494
CaseKI67_0075.ndpi,Annotation (dark_zone),1.7918
CaseKI67_0075.ndpi,Annotation (dark_zone),1.5658
CaseKI67_0075.ndpi,Annotation (dark_zone),1.4432
CaseKI67_0075.ndpi,Annotation (dark_zone),1.6666
CaseKI67_0075.ndpi,Annotation (dark_zone),1.4923
CaseKI67_0075.ndpi,Annotation (dark_zone),1.5587
CaseKI67_0075.ndpi,Annotation (dark_zone),1.6222
CaseKI67_0075.ndpi,Annotation (dark_zone),1.5815
CaseKI67_0075.ndpi,Annotation (dark_zone),1.7201
CaseKI67_0075.ndpi,Annotation (dark_zone),1.2906
CaseKI67_0075.ndpi,Annotation (dark_zone),1.5179
CaseKI67_0075.ndpi,Annotation (dark_zone),1.5182
CaseKI67_0075.ndpi,Annotation (dark_zone),1.2755
CaseKI67_0075.ndpi,Annotation (dark_zone),1.7555
CaseKI67_0075.ndpi,Annotation (dark_zone),1.1043
CaseKI67_0075.ndpi,Annotation (dark_zone),1.5755
CaseKI67_0075.ndpi,Annotation (dark_zone),1.6474
CaseKI67_0075.ndpi,Annotation (dark_zone),1.5764
CaseKI67_0075.ndpi,Annotation (dark_zone),2.0549
CaseKI67_0075.ndpi,Annotation (dark_zone),1.5666
CaseKI67_0075.ndpi,Annotation (dark_zone),1.6606
CaseKI67_0075.ndpi,Annotation (dark_zone),1.8667
CaseKI67_0075.ndpi,Annotation (dark_zone),1.5887
CaseKI67_0075.ndpi,Annotation (dark_zone),1.5006
CaseKI67_0075.ndpi,Annotation (dark_zone),1.6672
CaseKI67_0075.ndpi,Annotation (dark_zone),1.6289
CaseKI67_0075.ndpi,Annotation (dark_zone),1.2886
CaseKI67_0075.ndpi,Annotation (dark_zone),1.7638
CaseKI67_0075.ndpi,Annotation (dark_zone),1.2918
CaseKI67_0075.ndpi,Annotation (dark_zone),1.6605
CaseKI67_0075.ndpi,Annotation (dark_zone),1.5409
CaseKI67_0075.ndpi,Annotation (dark_zone),1.463
CaseKI67_0075.ndpi,Annotation (dark_zone),1.5546
CaseKI67_0075.ndpi,Annotation (dark_zone),1.377
CaseKI67_0075.ndpi,Annotation (dark_zone),1.6426
CaseKI67_0075.ndpi,Annotation (dark_zone),1.7764
CaseKI67_0075.ndpi,Annotation (dark_zone),1.2913
CaseKI67_0075.ndpi,Annotation (dark_zone),1.8799
CaseKI67_0075.ndpi,Annotation (dark_zone),1.318
CaseKI67_0075.ndpi,Annotation (dark_zone),1.7838
CaseKI67_0075.ndpi,Annotation (dark_zone),1.5432
CaseKI67_0075.ndpi,Annotation (dark_zone),1.4772
CaseKI67_0075.ndpi,Annotation (dark_zone),1.5653
CaseKI67_0075.ndpi,Annotation (dark_zone),1.6449
CaseKI67_0075.ndpi,Annotation (dark_zone),1.155
CaseKI67_0075.ndpi,Annotation (dark_zone),1.5497
CaseKI67_0075.ndpi,Annotation (dark_zone),1.667
CaseKI67_0075.ndpi,Annotation (dark_zone),1.5531
CaseKI67_0075.ndpi,Annotation (dark_zone),1.4572
CaseKI67_0075.ndpi,Annotation (dark_zone),1.4151
CaseKI67_0075.ndpi,Annotation (dark_zone),1.4283
CaseKI67_0075.ndpi,Annotation (dark_zone),1.7043
CaseKI67_0075.ndpi,Annotation (dark_zone),0.3698
CaseKI67_0075.ndpi,Annotation (dark_zone),1.5583
CaseKI67_0075.ndpi,Annotation (dark_zone),1.5075
CaseKI67_0075.ndpi,Annotation (dark_zone),1.3919
CaseKI67_0075.ndpi,Annotation (dark_zone),1.157
CaseKI67_0075.ndpi,Annotation (dark_zone),1.5216
CaseKI67_0075.ndpi,Annotation (dark_zone),1.656
CaseKI67_0075.ndpi,Annotation (dark_zone),1.8175
CaseKI67_0075.ndpi,Annotation (dark_zone),1.3755
CaseKI67_0075.ndpi,Annotation (dark_zone),1.335
CaseKI67_0075.ndpi,Annotation (dark_zone),1.4964
CaseKI67_0075.ndpi,Annotation (dark_zone),1.4663
CaseKI67_0075.ndpi,Annotation (dark_zone),1.5299
CaseKI67_0075.ndpi,Annotation (dark_zone),1.3665
CaseKI67_0075.ndpi,Annotation (dark_zone),1.7695
CaseKI67_0075.ndpi,Annotation (dark_zone),1.3097
CaseKI67_0075.ndpi,Annotation (dark_zone),1.916
CaseKI67_0075.ndpi,Annotation (dark_zone),1.9281
CaseKI67_0075.ndpi,Annotation (dark_zone),1.8621
CaseKI67_0075.ndpi,Annotation (dark_zone),1.6902
CaseKI67_0075.ndpi,Annotation (dark_zone),1.3095
CaseKI67_0075.ndpi,Annotation (dark_zone),1.6356
CaseKI67_0075.ndpi,Annotation (dark_zone),1.3013
CaseKI67_0075.ndpi,Annotation (dark_zone),1.3019
CaseKI67_0075.ndpi,Annotation (dark_zone),1.3738
CaseKI67_0075.ndpi,Annotation (dark_zone),2.1287
CaseKI67_0075.ndpi,Annotation (dark_zone),1.5093
CaseKI67_0075.ndpi,Annotation (dark_zone),1.3629
CaseKI67_0075.ndpi,Annotation (dark_zone),1.6523
CaseKI67_0075.ndpi,Annotation (dark_zone),1.6215
CaseKI67_0075.ndpi,Annotation (dark_zone),1.5651
CaseKI67_0075.ndpi,Annotation (dark_zone),1.7133
CaseKI67_0075.ndpi,Annotation (dark_zone),2.0632
CaseKI67_0075.ndpi,Annotation (dark_zone),1.7811
CaseKI67_0075.ndpi,Annotation (dark_zone),1.6193
CaseKI67_0075.ndpi,Annotation (dark_zone),1.6829
CaseKI67_0075.ndpi,Annotation (dark_zone),1.8503
CaseKI67_0075.ndpi,Annotation (dark_zone),1.5915
CaseKI67_0075.ndpi,Annotation (dark_zone),1.6335
CaseKI67_0075.ndpi,Annotation (dark_zone),1.7975
CaseKI67_0075.ndpi,Annotation (dark_zone),1.3147
CaseKI67_0075.ndpi,Annotation (dark_zone),1.1309
CaseKI67_0075.ndpi,Annotation (dark_zone),2.1393
CaseKI67_0075.ndpi,Annotation (dark_zone),1.9027
CaseKI67_0075.ndpi,Annotation (dark_zone),1.6786
CaseKI67_0075.ndpi,Annotation (dark_zone),1.501
CaseKI67_0075.ndpi,Annotation (dark_zone),1.7569
CaseKI67_0075.ndpi,Annotation (dark_zone),1.4689
CaseKI67_0075.ndpi,Annotation (dark_zone),1.7276
CaseKI67_0075.ndpi,Annotation (dark_zone),1.3244
CaseKI67_0075.ndpi,Annotation (dark_zone),1.4904
CaseKI67_0075.ndpi,Annotation (dark_zone),1.4444
CaseKI67_0075.ndpi,Annotation (dark_zone),1.7046
CaseKI67_0075.ndpi,Annotation (dark_zone),1.361
CaseKI67_0075.ndpi,Annotation (dark_zone),1.4739
CaseKI67_0075.ndpi,Annotation (dark_zone),1.3464
CaseKI67_0075.ndpi,Annotation (dark_zone),1.3545
CaseKI67_0075.ndpi,Annotation (dark_zone),1.4719
CaseKI67_0075.ndpi,Annotation (dark_zone),1.5562
CaseKI67_0075.ndpi,Annotation (dark_zone),1.837
CaseKI67_0075.ndpi,Annotation (dark_zone),1.5654
CaseKI67_0075.ndpi,Annotation (dark_zone),1.7411
CaseKI67_0075.ndpi,Annotation (dark_zone),1.3553
CaseKI67_0075.ndpi,Annotation (dark_zone),1.4286
CaseKI67_0075.ndpi,Annotation (dark_zone),1.5443
CaseKI67_0075.ndpi,Annotation (dark_zone),1.3925
CaseKI67_0075.ndpi,Annotation (dark_zone),1.6802
CaseKI67_0075.ndpi,Annotation (dark_zone),1.4264
CaseKI67_0075.ndpi,Annotation (dark_zone),1.3704
CaseKI67_0075.ndpi,Annotation (dark_zone),0.9493
CaseKI67_0075.ndpi,Annotation (dark_zone),1.1253
CaseKI67_0075.ndpi,Annotation (dark_zone),1.1388
CaseKI67_0075.ndpi,Annotation (dark_zone),1.2262
CaseKI67_0075.ndpi,Annotation (dark_zone),1.7826
CaseKI67_0075.ndpi,Annotation (dark_zone),1.6994
CaseKI67_0075.ndpi,Annotation (dark_zone),1.632
CaseKI67_0075.ndpi,Annotation (dark_zone),1.7166
CaseKI67_0075.ndpi,Annotation (dark_zone),1.4548
CaseKI67_0075.ndpi,Annotation (dark_zone),1.7171
CaseKI67_0075.ndpi,Annotation (dark_zone),1.6629
CaseKI67_0075.ndpi,Annotation (dark_zone),1.3329
CaseKI67_0075.ndpi,Annotation (dark_zone),1.6312
CaseKI67_0075.ndpi,Annotation (dark_zone),1.8491
CaseKI67_0075.ndpi,Annotation (dark_zone),1.7687
CaseKI67_0075.ndpi,Annotation (dark_zone),1.474
CaseKI67_0075.ndpi,Annotation (dark_zone),1.424
CaseKI67_0075.ndpi,Annotation (dark_zone),1.6062
CaseKI67_0075.ndpi,Annotation (dark_zone),1.2398
CaseKI67_0075.ndpi,Annotation (dark_zone),0.9874
CaseKI67_0075.ndpi,Annotation (dark_zone),1.3922
CaseKI67_0075.ndpi,Annotation (dark_zone),1.4749
CaseKI67_0075.ndpi,Annotation (dark_zone),1.6543
CaseKI67_0075.ndpi,Annotation (dark_zone),2.1502
CaseKI67_0075.ndpi,Annotation (dark_zone),1.3559
CaseKI67_0075.ndpi,Annotation (dark_zone),2.1258
CaseKI67_0075.ndpi,Annotation (dark_zone),1.7175
CaseKI67_0075.ndpi,Annotation (dark_zone),1.5434
CaseKI67_0075.ndpi,Annotation (dark_zone),1.3474
CaseKI67_0075.ndpi,Annotation (dark_zone),1.7033
CaseKI67_0075.ndpi,Annotation (dark_zone),1.5338
CaseKI67_0075.ndpi,Annotation (dark_zone),1.4021
CaseKI67_0075.ndpi,Annotation (dark_zone),1.6831
CaseKI67_0075.ndpi,Annotation (dark_zone),1.5393
CaseKI67_0075.ndpi,Annotation (dark_zone),1.5389
CaseKI67_0075.ndpi,Annotation (dark_zone),1.6326
CaseKI67_0075.ndpi,Annotation (dark_zone),1.71
CaseKI67_0075.ndpi,Annotation (dark_zone),1.9432
CaseKI67_0075.ndpi,Annotation (dark_zone),1.5062
CaseKI67_0075.ndpi,Annotation (dark_zone),1.8259
CaseKI67_0075.ndpi,Annotation (dark_zone),1.2877
CaseKI67_0075.ndpi,Annotation (dark_zone),1.619
CaseKI67_0075.ndpi,Annotation (dark_zone),1.8133
CaseKI67_0075.ndpi,Annotation (dark_zone),1.6976
CaseKI67_0075.ndpi,Annotation (dark_zone),1.3038
CaseKI67_0075.ndpi,Annotation (dark_zone),1.681
CaseKI67_0075.ndpi,Annotation (dark_zone),1.2995
CaseKI67_0075.ndpi,Annotation (dark_zone),1.4019
CaseKI67_0075.ndpi,Annotation (dark_zone),0.2694
CaseKI67_0075.ndpi,Annotation (dark_zone),1.5783
CaseKI67_0075.ndpi,Annotation (dark_zone),1.4673
CaseKI67_0075.ndpi,Annotation (dark_zone),1.3735
CaseKI67_0075.ndpi,Annotation (dark_zone),1.3383
CaseKI67_0075.ndpi,Annotation (dark_zone),1.5552
CaseKI67_0075.ndpi,Annotation (dark_zone),1.7109
CaseKI67_0075.ndpi,Annotation (dark_zone),1.7196
CaseKI67_0075.ndpi,Annotation (dark_zone),1.5373
CaseKI67_0075.ndpi,Annotation (dark_zone),1.5125
CaseKI67_0075.ndpi,Annotation (dark_zone),1.5099
CaseKI67_0075.ndpi,Annotation (dark_zone),1.8628
CaseKI67_0075.ndpi,Annotation (dark_zone),1.5685
CaseKI67_0075.ndpi,Annotation (dark_zone),1.0568
CaseKI67_0075.ndpi,Annotation (dark_zone),1.3343
CaseKI67_0075.ndpi,Annotation (dark_zone),1.3029
